100 70
0111110100000010110100100011101000110000010111100011010101010000000011111000000111100110111100110101
1 4
2 5
4 7
5 8
6 9
8 11
9 12
11 14
12 15
13 16
15 18
16 19
18 21
19 22
20 23
22 25
23 26
24 27
26 29
27 30
29 32
30 33
31 34
33 36
34 37
36 39
37 40
38 41
40 43
41 44
42 45
44 47
45 48
47 50
48 51
49 52
51 54
52 55
54 57
55 58
56 59
58 61
59 62
60 63
62 65
63 66
65 68
66 69
67 70
69 72
70 73
72 75
73 76
74 77
76 79
77 80
78 81
80 83
81 84
83 86
84 87
85 88
87 90
88 91
90 93
91 94
92 95
94 97
95 98
97 100
