1000 999 2
1 2
2 3
3 4
4 5
5 6
6 7
7 8
8 9
9 10
10 11
11 12
12 13
13 14
14 15
15 16
16 17
17 18
18 19
19 20
20 21
21 22
22 23
23 24
24 25
25 26
26 27
27 28
28 29
29 30
30 31
31 32
32 33
33 34
34 35
35 36
36 37
37 38
38 39
39 40
40 41
41 42
42 43
43 44
44 45
45 46
46 47
47 48
48 49
49 50
50 51
51 52
52 53
53 54
54 55
55 56
56 57
57 58
58 59
59 60
60 61
61 62
62 63
63 64
64 65
65 66
66 67
67 68
68 69
69 70
70 71
71 72
72 73
73 74
74 75
75 76
76 77
77 78
78 79
79 80
80 81
81 82
82 83
83 84
84 85
85 86
86 87
87 88
88 89
89 90
90 91
91 92
92 93
93 94
46 95
95 96
96 97
97 98
94 99
99 100
98 101
101 102
100 103
102 104
104 105
105 106
103 107
106 108
107 109
109 110
110 111
111 112
108 113
113 114
114 115
112 116
115 117
117 118
116 119
118 120
119 121
120 122
121 123
122 124
124 125
125 126
126 127
127 128
123 129
128 130
129 131
131 132
130 133
132 134
134 135
133 136
135 137
136 138
137 139
139 140
138 141
141 142
142 143
140 144
144 145
145 146
146 147
143 148
148 149
149 150
147 151
150 152
152 153
153 154
151 155
155 156
154 157
157 158
158 159
156 160
159 161
160 162
161 163
162 164
164 165
163 166
165 167
166 168
167 169
168 170
169 171
170 172
172 173
171 174
173 175
174 176
175 177
176 178
178 179
179 180
177 181
181 182
180 183
183 184
184 185
185 186
186 187
182 188
187 189
188 190
189 191
191 192
192 193
193 194
194 195
195 196
196 197
197 198
198 199
190 200
199 201
200 202
201 203
202 204
133 205
204 206
205 207
206 208
207 209
208 210
209 211
203 212
210 213
211 214
213 215
215 216
216 217
212 218
217 219
214 220
219 221
221 222
218 223
223 224
224 225
220 226
225 227
227 228
222 229
226 230
229 231
228 232
230 233
232 234
233 235
235 236
236 237
237 238
238 239
239 240
231 241
241 242
240 243
234 244
243 245
245 246
246 247
244 248
247 249
242 250
249 251
248 252
252 253
253 254
254 255
251 256
255 257
250 258
257 259
258 260
256 261
259 262
261 263
260 264
262 265
264 266
263 267
266 268
267 269
269 270
268 271
270 272
271 273
265 274
273 275
274 276
272 277
277 278
278 279
279 280
280 281
276 282
281 283
55 284
275 285
285 286
282 287
287 288
288 289
283 290
284 291
289 292
286 293
290 294
293 295
292 296
296 297
295 298
297 299
298 300
291 301
299 302
300 303
302 304
304 305
303 306
305 307
306 308
294 309
301 310
307 311
310 312
309 313
312 314
313 315
308 316
311 317
315 318
316 319
319 320
317 321
320 322
318 323
321 324
323 325
325 326
326 327
314 328
327 329
328 330
329 331
331 332
330 333
332 334
322 335
324 336
334 337
333 338
336 339
337 340
340 341
339 342
342 343
341 344
344 345
335 346
345 347
338 348
343 349
346 350
349 351
350 352
351 353
352 354
347 355
355 356
353 357
357 358
354 359
356 360
348 361
361 362
358 363
359 364
363 365
365 366
362 367
360 368
368 369
366 370
367 371
369 372
371 373
370 374
364 375
372 376
373 377
376 378
377 379
374 380
375 381
379 382
382 383
383 384
378 385
385 386
381 387
380 388
388 389
384 390
387 391
391 392
386 393
393 394
389 395
392 396
396 397
394 398
395 399
390 400
398 401
397 402
399 403
400 404
401 405
403 406
406 407
407 408
405 409
404 410
409 411
411 412
412 413
410 414
414 415
408 416
402 417
415 418
413 419
417 420
418 421
420 422
421 423
423 424
416 425
419 426
425 427
424 428
428 429
427 430
426 431
430 432
431 433
429 434
433 435
422 436
436 437
437 438
435 439
438 440
432 441
439 442
441 443
440 444
434 445
445 446
443 447
442 448
447 449
448 450
449 451
444 452
452 453
451 454
453 455
446 456
455 457
456 458
458 459
454 460
450 461
459 462
460 463
461 464
463 465
464 466
462 467
466 468
457 469
467 470
470 471
469 472
465 473
468 474
471 475
475 476
473 477
477 478
476 479
474 480
472 481
480 482
481 483
482 484
479 485
483 486
485 487
484 488
487 489
488 490
478 491
489 492
492 493
486 494
493 495
494 496
490 497
495 498
498 499
496 500
499 501
497 502
501 503
503 504
491 505
500 506
505 507
502 508
506 509
508 510
507 511
504 512
511 513
509 514
510 515
513 516
514 517
512 518
517 519
518 520
516 521
515 522
520 523
521 524
524 525
519 526
526 527
527 528
523 529
525 530
529 531
531 532
532 533
533 534
528 535
522 536
530 537
534 538
535 539
539 540
538 541
540 542
536 543
541 544
544 545
543 546
537 547
547 548
542 549
546 550
549 551
550 552
551 553
548 554
553 555
545 556
554 557
222 558
555 559
559 560
556 561
558 562
561 563
563 564
557 565
562 566
566 567
564 568
568 569
560 570
565 571
569 572
567 573
552 574
571 575
573 576
575 577
572 578
577 579
574 580
579 581
578 582
580 583
581 584
582 585
576 586
585 587
587 588
583 589
584 590
588 591
591 592
589 593
593 594
586 595
570 596
594 597
595 598
592 599
598 600
596 601
590 602
601 603
597 604
603 605
602 606
245 607
606 608
605 609
609 610
604 611
607 612
610 613
600 614
611 615
612 616
613 617
615 618
614 619
619 620
620 621
616 622
618 623
608 624
622 625
617 626
623 627
626 628
625 629
624 630
628 631
627 632
621 633
632 634
629 635
631 636
635 637
599 638
637 639
638 640
636 641
630 642
641 643
634 644
643 645
644 646
645 647
640 648
633 649
512 650
648 651
649 652
639 653
646 654
654 655
655 656
647 657
599 658
657 659
652 660
651 661
658 662
659 663
661 664
663 665
665 666
650 667
662 668
660 669
669 670
653 671
666 672
668 673
664 674
671 675
675 676
667 677
656 678
672 679
670 680
673 681
677 682
681 683
642 684
682 685
684 686
683 687
685 688
678 689
689 690
688 691
690 692
674 693
693 694
679 695
691 696
680 697
694 698
698 699
697 700
676 701
699 702
700 703
695 704
703 705
687 706
696 707
702 708
705 709
706 710
701 711
692 712
707 713
712 714
709 715
686 716
713 717
715 718
711 719
718 720
716 721
708 722
719 723
389 724
710 725
720 726
721 727
723 728
714 729
727 730
722 731
724 732
726 733
725 734
733 735
704 736
729 737
730 738
717 739
736 740
739 741
732 742
734 743
731 744
742 745
745 746
737 747
747 748
741 749
735 750
749 751
748 752
744 753
753 754
751 755
743 756
750 757
738 758
754 759
759 760
746 761
758 762
728 763
757 764
760 765
762 766
765 767
764 768
763 769
767 770
766 771
770 772
280 773
752 774
761 775
771 776
755 777
776 778
772 779
740 780
768 781
756 782
777 783
775 784
784 785
780 786
778 787
774 788
769 789
787 790
786 791
50 792
782 793
791 794
789 795
785 796
793 797
773 798
796 799
792 800
781 801
798 802
801 803
803 804
790 805
783 806
795 807
799 808
779 809
804 810
802 811
797 812
809 813
811 814
807 815
794 816
805 817
808 818
815 819
810 820
816 821
817 822
820 823
812 824
788 825
822 826
823 827
827 828
818 829
806 830
821 831
813 832
831 833
828 834
832 835
800 836
833 837
829 838
819 839
830 840
826 841
836 842
834 843
841 844
825 845
839 846
835 847
847 848
843 849
814 850
842 851
824 852
837 853
838 854
848 855
852 856
849 857
851 858
850 859
859 860
854 861
840 862
855 863
845 864
125 865
864 866
862 867
846 868
865 869
853 870
861 871
866 872
868 873
856 874
867 875
869 876
844 877
858 878
874 879
876 880
879 881
873 882
881 883
875 884
872 885
871 886
857 887
863 888
886 889
878 890
883 891
882 892
877 893
888 894
880 895
893 896
891 897
896 898
887 899
894 900
884 901
870 902
897 903
890 904
892 905
902 906
901 907
898 908
905 909
895 910
885 911
911 912
909 913
903 914
899 915
907 916
913 917
915 918
917 919
860 920
889 921
910 922
921 923
906 924
919 925
923 926
918 927
904 928
914 929
920 930
926 931
928 932
931 933
930 934
933 935
924 936
925 937
908 938
936 939
927 940
935 941
929 942
937 943
940 944
941 945
912 946
943 947
939 948
945 949
934 950
949 951
948 952
946 953
950 954
944 955
953 956
922 957
947 958
957 959
942 960
916 961
900 962
938 963
961 964
958 965
964 966
955 967
965 968
967 969
951 970
969 971
932 972
952 973
973 974
956 975
974 976
963 977
966 978
971 979
970 980
960 981
976 982
959 983
977 984
979 985
984 986
983 987
987 988
986 989
954 990
981 991
980 992
985 993
968 994
978 995
988 996
975 997
989 998
997 999
991 1000
289
