1000 8000 1
316 816
355 28
596 449
456 421
901 117
293 338
241 956
1 21
569 961
228 469
751 522
621 465
745 541
66 530
649 141
444 293
1 525
573 923
697 705
793 346
269 291
719 505
933 103
289 821
40 76
265 641
295 376
549 357
677 16
230 292
229 685
616 9
218 29
51 637
321 81
51 595
433 839
10 70
561 175
647 837
141 940
793 289
359 569
201 581
705 447
551 879
857 80
236 25
67 551
505 633
9 801
709 661
266 1000
895 105
443 465
137 281
459 679
490 530
685 991
505 161
912 25
657 49
934 21
793 114
377 281
747 583
513 308
221 435
639 311
241 30
481 460
345 461
120 849
76 791
501 201
361 660
797 677
431 757
631 851
890 537
539 376
271 630
849 118
549 121
259 83
560 460
158 97
885 24
845 108
44 541
831 963
741 769
990 801
861 705
321 555
395 31
869 161
792 90
954 189
366 970
987 391
501 466
889 303
909 633
986 881
945 487
105 876
681 857
649 339
89 115
811 727
541 203
831 393
621 163
591 79
451 921
598 405
449 286
353 297
397 329
548 463
13 641
17 585
848 279
573 866
941 601
717 875
352 915
248 265
623 841
72 995
941 952
140 342
251 466
761 164
601 654
803 386
308 201
607 661
191 695
201 383
496 301
166 30
891 146
998 485
670 764
377 360
60 213
681 671
113 351
179 473
321 904
801 369
937 163
521 545
254 626
805 186
705 941
756 626
151 863
810 601
721 651
781 101
801 125
41 219
737 438
797 915
941 636
397 608
365 351
21 679
516 153
585 313
623 66
194 395
409 459
879 31
191 905
969 866
553 353
973 969
235 935
640 255
951 705
893 363
578 168
726 491
861 161
797 891
291 961
127 950
958 457
601 117
1 985
969 343
441 699
915 809
137 611
859 876
451 361
241 677
402 857
581 843
8 297
121 543
491 823
611 760
962 181
99 751
689 975
61 919
536 498
979 23
249 551
51 625
862 811
672 482
209 276
777 501
871 937
783 209
787 176
871 961
761 16
761 17
770 873
795 459
809 751
931 482
345 795
921 713
869 666
965 731
206 865
136 273
961 51
851 281
286 567
841 69
475 448
110 479
95 117
855 115
645 541
271 187
279 811
463 385
391 965
257 713
475 126
191 132
976 480
269 528
397 591
589 447
52 563
101 457
259 219
286 14
901 853
63 251
601 212
753 670
951 897
771 581
507 657
761 569
999 621
261 601
203 753
129 141
526 493
361 994
570 282
395 133
776 766
829 509
881 715
661 147
876 297
29 225
105 881
131 136
546 869
737 601
223 705
177 815
978 638
401 201
41 503
101 1
800 201
277 262
841 855
209 672
380 645
921 128
873 119
276 329
46 843
903 417
235 451
409 726
331 45
551 217
345 496
389 365
895 681
851 101
961 541
584 951
281 773
715 881
125 641
466 859
467 985
512 154
876 441
211 498
605 833
254 527
9 1
355 369
665 729
746 231
709 948
67 381
67 648
29 396
517 16
473 265
970 586
785 670
236 973
832 409
634 693
209 912
718 545
832 341
961 865
761 641
933 901
486 977
605 851
455 361
304 797
301 589
825 385
251 603
857 985
105 156
823 229
341 861
689 223
852 631
281 62
149 673
329 479
985 821
698 386
929 516
447 625
91 477
689 825
476 388
985 417
836 929
751 941
881 517
373 774
509 143
733 587
26 141
625 541
649 267
601 397
791 22
114 551
293 734
283 647
686 55
861 13
191 571
681 151
589 456
381 147
316 881
785 456
251 351
809 972
513 927
269 753
459 991
945 663
194 41
361 431
297 332
1000 86
243 930
182 356
118 271
650 345
321 775
939 929
944 899
803 421
865 731
401 365
455 156
890 233
947 851
15 652
636 654
925 786
845 497
355 987
947 523
319 326
201 406
515 461
416 145
985 107
113 633
789 177
805 769
324 131
147 609
68 683
557 467
273 733
727 889
317 145
1 681
665 273
713 728
565 145
521 533
321 307
41 459
359 639
201 339
129 565
425 585
753 481
173 439
737 327
561 253
3 956
733 985
287 893
345 800
316 689
576 304
81 524
559 601
951 565
685 465
401 951
70 763
321 83
526 793
381 876
771 653
482 33
705 750
790 797
611 403
745 105
963 167
294 419
377 889
790 195
605 199
303 145
311 841
934 695
703 940
864 996
51 737
21 242
143 786
875 754
982 69
533 489
141 753
161 699
281 771
529 643
973 205
241 66
366 681
381 615
966 505
723 517
1 580
475 694
62 441
221 597
571 176
411 825
703 465
783 879
246 535
654 887
393 371
161 509
649 997
273 466
244 525
810 725
501 401
851 949
183 595
186 791
719 165
697 367
461 940
801 36
521 121
328 361
659 34
886 10
850 897
653 646
290 761
489 461
835 773
526 442
701 156
801 197
916 637
1 275
653 613
141 359
136 357
765 201
121 331
888 548
617 497
761 703
998 421
641 421
691 74
501 197
279 741
809 911
121 611
101 645
673 881
1 999
89 659
71 651
41 101
551 215
194 101
759 969
497 921
145 425
63 126
199 8
320 105
409 833
353 411
265 855
713 251
836 601
813 255
801 627
95 953
617 181
492 671
145 217
721 321
443 371
491 187
57 506
590 225
421 696
817 658
158 303
765 88
427 604
384 383
241 451
301 46
413 881
401 991
996 353
861 126
597 385
489 403
306 381
195 259
901 222
801 126
33 135
473 361
571 913
953 745
553 881
931 801
541 801
626 238
385 129
188 911
759 465
518 320
243 287
859 339
683 51
717 49
404 505
614 239
369 735
573 809
461 120
857 301
41 608
185 619
153 781
1 969
717 803
391 561
271 991
293 943
603 625
501 1
61 826
147 571
841 889
254 555
333 441
587 15
481 501
521 697
527 361
449 929
307 399
659 65
237 972
221 799
561 357
694 509
213 509
661 724
41 620
696 939
641 285
451 557
423 27
891 729
585 101
633 757
417 310
876 225
771 421
657 106
181 604
543 986
587 661
545 531
469 849
731 437
911 49
771 321
977 558
963 983
393 111
421 451
753 602
156 751
991 731
781 893
697 793
93 39
657 121
903 125
489 331
587 5
379 601
429 641
901 96
753 497
201 788
805 272
689 743
156 819
579 591
401 369
804 649
350 367
386 438
942 761
635 471
725 515
528 257
573 626
217 881
251 496
817 69
201 948
865 401
501 613
95 795
697 261
491 601
489 587
23 201
209 552
717 796
128 557
481 158
41 413
723 151
460 49
539 914
77 631
81 901
771 891
393 317
71 352
65 509
744 67
889 261
616 137
179 271
91 625
1 951
217 248
545 663
681 96
489 68
977 573
746 296
701 9
401 897
449 339
349 783
664 802
301 671
281 551
205 3
667 375
163 684
849 521
128 669
313 258
890 141
201 719
316 451
233 416
243 689
110 901
556 231
279 433
670 751
201 849
273 491
343 957
214 205
333 89
123 510
46 939
851 201
617 38
291 91
932 766
951 379
943 436
25 213
841 776
196 211
9 417
353 604
104 180
388 809
29 59
381 685
532 729
550 607
617 261
673 641
431 672
571 793
616 883
400 74
346 31
219 667
789 244
401 83
241 605
171 653
725 983
579 561
747 745
437 209
693 101
903 217
901 491
705 501
261 177
446 473
367 585
301 266
481 933
161 271
815 14
6 126
825 525
689 729
875 215
887 451
844 873
363 199
969 337
751 706
812 1
84 692
575 529
591 501
431 274
431 501
311 869
897 26
67 29
270 701
421 786
561 222
253 971
862 576
374 209
809 915
926 851
368 505
5 515
467 108
242 281
801 124
1 697
351 497
521 905
570 943
757 35
385 739
161 401
165 463
551 753
481 262
301 694
844 975
927 617
76 928
427 201
782 101
1 881
196 631
415 171
667 727
357 401
649 366
305 954
409 65
212 199
481 755
817 10
165 121
991 815
253 345
433 967
137 103
959 401
691 621
161 394
375 961
603 129
476 304
744 847
61 709
705 354
868 663
281 97
273 518
674 81
896 724
541 749
157 917
732 483
337 494
708 559
516 757
177 1
781 569
126 579
553 393
31 621
810 441
883 613
17 937
81 886
826 801
73 353
401 271
783 104
9 688
469 429
960 816
745 177
181 862
187 538
374 406
585 713
51 369
873 161
992 377
364 225
596 956
511 72
391 589
578 455
1 485
66 289
939 989
501 33
657 345
239 980
680 834
557 921
660 903
376 183
230 726
945 217
720 882
397 753
805 523
206 854
201 542
337 501
481 177
93 974
481 169
319 721
474 281
105 161
264 452
17 553
211 967
45 371
1 972
21 762
560 3
889 455
153 114
897 500
597 793
481 365
508 688
783 965
401 305
209 865
613 129
893 257
204 925
802 897
81 123
751 321
371 857
601 825
431 769
449 701
601 801
901 464
973 588
126 963
961 315
224 318
777 741
29 105
148 591
406 161
59 41
289 105
37 843
861 401
49 395
305 986
636 989
101 526
645 157
697 881
709 548
17 803
177 861
451 533
241 251
741 963
411 767
784 861
201 771
762 501
124 193
481 81
771 402
941 967
937 331
787 804
126 593
148 881
236 37
961 719
553 472
813 573
633 669
5 833
859 239
160 455
19 751
296 851
591 481
624 701
931 845
984 809
291 945
946 894
578 53
721 965
1 304
301 841
489 651
332 449
681 551
59 308
727 827
341 983
497 810
473 197
392 825
921 313
393 573
951 151
411 257
684 373
157 681
651 853
630 285
807 611
217 991
845 559
170 501
730 636
986 96
734 153
301 945
155 925
117 901
851 784
552 776
121 137
601 268
632 246
765 225
795 345
449 183
398 310
302 171
681 532
660 101
976 821
49 876
881 930
521 341
573 523
168 241
976 401
811 633
422 876
497 869
365 65
797 17
90 67
266 391
377 21
251 154
521 396
79 521
682 121
704 348
617 29
457 31
862 971
315 316
468 256
449 1
841 313
205 241
529 281
113 883
161 651
299 527
311 69
821 775
965 481
24 769
714 183
577 901
847 697
101 49
357 321
299 701
757 553
305 81
352 993
400 992
845 185
633 247
217 900
841 456
136 569
453 673
901 609
873 586
623 209
951 457
69 409
161 751
230 805
33 207
709 89
951 987
521 104
141 899
772 626
330 897
211 713
617 676
25 626
940 777
539 837
6 629
271 284
857 593
433 647
785 569
293 468
639 421
876 406
5 431
363 589
28 81
699 976
667 539
313 173
626 489
801 712
385 359
273 601
901 93
513 815
923 336
551 241
517 905
961 945
697 840
166 973
757 67
476 870
783 981
472 594
913 609
885 217
833 51
489 854
617 877
383 177
745 991
661 408
466 63
889 185
515 456
434 223
419 417
507 323
465 97
836 735
764 976
163 77
866 871
689 41
634 384
369 739
217 311
221 748
681 843
545 532
792 315
790 191
915 307
527 67
87 673
464 361
361 601
266 439
551 581
97 251
54 299
141 991
954 376
261 801
113 545
781 416
90 327
769 838
924 135
381 425
257 243
717 258
181 376
693 851
605 202
6 219
557 717
585 913
849 397
316 1
273 22
16 429
209 179
586 573
201 406
895 529
177 377
296 9
357 421
61 11
513 782
399 121
652 95
926 807
388 241
541 973
601 921
991 13
485 493
959 423
778 211
388 488
310 317
73 421
357 255
861 641
241 81
596 206
457 856
945 371
841 739
305 809
673 475
641 761
1 167
89 160
831 381
681 321
583 701
396 796
951 57
766 145
810 291
179 741
301 661
915 251
841 892
333 33
136 940
826 991
937 846
973 383
753 747
162 151
301 437
866 304
811 133
239 241
577 189
21 176
81 761
841 271
1 579
529 282
971 594
821 561
826 107
945 101
523 472
589 241
907 517
181 87
888 813
51 50
341 474
233 337
507 591
961 131
425 495
639 531
658 886
81 281
115 307
417 169
256 486
257 205
360 108
495 494
617 230
676 681
489 267
31 69
327 752
553 527
23 321
391 520
137 15
171 571
417 679
676 706
296 305
941 291
788 428
888 981
396 209
370 56
240 665
346 507
197 331
756 869
291 576
282 401
905 561
428 137
221 529
364 63
429 56
17 56
185 837
837 181
851 45
715 835
570 499
551 321
653 49
651 329
625 466
505 301
129 481
587 41
590 640
45 171
963 37
383 275
647 176
959 393
58 577
195 776
301 317
581 129
869 909
791 501
635 369
289 461
853 979
187 881
10 241
70 983
501 84
101 473
319 371
187 651
885 201
381 251
801 666
861 14
171 768
129 191
43 828
837 346
521 881
488 777
974 917
141 713
301 879
625 216
569 33
81 913
61 111
27 6
53 889
397 537
201 745
821 693
651 36
161 753
548 537
489 211
537 417
857 433
127 641
221 837
689 15
635 166
727 697
993 719
443 120
591 251
382 41
801 943
751 497
98 601
635 473
486 28
706 453
733 601
698 611
291 286
566 477
389 461
337 481
455 181
881 201
561 677
357 401
573 501
323 313
964 551
802 633
152 369
809 394
151 136
201 91
323 345
962 21
17 657
624 87
9 806
780 501
361 613
141 952
721 91
403 657
597 509
577 881
906 921
474 471
951 289
706 673
691 309
1 331
901 151
290 361
81 641
174 49
1 665
733 661
151 731
936 456
961 201
345 306
485 233
908 253
939 761
505 665
321 833
222 778
524 976
451 646
349 395
360 843
707 451
221 225
165 761
993 122
936 568
361 411
811 467
679 333
276 71
713 101
929 135
691 401
551 950
841 977
751 321
825 795
240 545
145 363
375 211
566 271
879 197
553 676
998 47
850 671
45 85
989 719
250 452
984 803
454 201
695 77
723 377
435 91
649 71
635 5
13 59
45 552
347 498
545 551
41 505
985 547
281 305
237 109
944 649
801 53
21 511
501 781
17 588
568 391
876 898
266 783
929 495
601 836
704 625
632 695
897 699
221 352
133 386
895 825
901 129
481 341
737 543
573 43
47 956
913 566
914 601
448 449
721 183
695 341
191 151
483 721
925 530
801 400
933 13
431 947
961 123
89 970
101 831
284 961
857 141
621 37
447 49
172 393
301 55
73 305
865 863
514 185
361 644
651 628
690 746
129 435
393 351
117 243
101 401
601 876
677 981
210 625
368 737
928 443
457 727
501 905
125 29
977 203
597 806
233 981
526 97
209 228
533 145
641 561
257 788
469 569
969 211
213 345
699 902
255 629
731 316
388 549
59 989
249 111
521 570
351 913
161 147
450 860
902 284
436 849
304 227
421 668
401 137
127 297
801 133
248 305
521 193
981 635
1 29
361 141
97 758
608 481
522 541
451 653
19 709
87 21
959 391
794 577
753 601
513 301
461 953
809 656
678 346
278 767
103 745
429 777
281 969
193 713
227 345
83 181
217 121
81 617
750 417
223 845
746 525
9 343
583 687
981 957
201 919
101 867
709 71
41 659
831 273
753 467
67 221
801 765
575 996
444 355
897 785
407 673
773 625
665 403
149 882
641 6
817 137
565 229
497 901
180 961
897 753
806 926
501 616
501 167
781 10
354 455
593 691
341 957
148 481
99 953
281 767
929 482
641 445
951 645
579 305
75 641
225 777
792 931
217 753
206 981
955 721
513 641
17 577
121 747
313 299
262 337
390 41
203 201
920 513
576 985
554 901
79 99
931 241
607 849
289 505
332 511
369 931
41 485
364 726
49 665
691 422
781 859
306 851
669 435
535 353
564 431
25 283
47 736
901 131
528 657
189 251
330 855
445 550
109 293
626 857
663 53
659 312
811 347
463 713
376 616
741 577
731 467
217 935
894 471
609 417
719 529
376 751
147 833
417 981
180 49
201 95
105 901
282 568
833 548
119 526
851 689
653 101
351 126
601 47
962 627
649 777
201 690
951 921
47 893
706 795
357 4
941 921
321 281
121 551
537 156
903 364
57 490
321 422
393 625
921 611
89 173
805 225
847 89
154 626
583 672
861 660
558 801
561 251
418 291
91 69
85 825
67 570
65 307
123 949
978 296
353 900
965 815
925 421
884 225
216 753
830 729
451 153
541 785
851 991
389 121
905 336
151 205
721 174
471 537
262 817
419 191
424 806
476 17
221 311
329 455
614 508
377 493
829 107
521 793
741 185
968 505
881 485
841 985
161 466
209 85
68 771
289 69
827 412
185 11
893 185
241 901
881 426
599 409
91 873
513 618
579 165
919 890
665 865
217 528
601 321
761 269
276 810
961 659
442 200
245 961
174 1
997 452
52 532
931 881
41 465
947 593
785 649
827 3
864 899
921 226
345 806
57 818
595 23
581 881
321 200
401 801
561 427
977 5
431 251
423 861
527 685
585 753
881 273
871 81
311 583
481 72
11 751
753 620
497 421
381 391
169 921
355 101
929 369
11 241
77 569
116 232
895 107
59 161
231 931
711 729
713 938
926 520
521 694
605 521
596 199
251 574
321 117
883 781
569 857
237 501
469 201
276 399
329 627
669 571
362 193
246 676
345 126
349 956
151 883
517 706
755 670
646 77
621 957
572 876
989 510
791 363
51 1
521 703
795 545
751 416
405 313
943 186
201 961
276 79
297 626
529 598
249 591
161 716
145 837
973 451
809 777
857 461
231 528
529 896
351 856
190 756
769 861
677 277
305 701
214 296
327 371
761 681
283 653
30 134
516 141
722 841
800 117
301 818
157 105
937 306
545 289
801 167
306 817
191 921
447 477
687 423
249 477
473 725
244 601
784 260
203 578
371 736
371 591
424 558
946 251
536 991
207 392
545 739
435 249
626 131
577 914
543 203
581 801
971 385
1 858
947 227
234 237
106 687
486 481
779 618
246 765
601 517
100 993
225 526
8 701
185 6
1 508
907 285
825 206
593 898
877 573
375 486
621 825
320 97
308 791
673 33
267 826
429 382
412 53
226 421
282 353
101 123
5 411
578 577
419 541
377 416
507 922
193 626
905 951
611 161
205 876
873 89
145 401
289 697
301 75
581 121
199 536
925 433
561 371
57 285
626 201
705 289
292 897
713 841
937 86
633 373
49 929
889 911
519 451
321 491
851 501
877 841
425 181
550 318
841 127
41 283
645 221
686 786
821 710
573 721
493 365
745 418
65 396
701 441
193 241
976 461
513 528
313 733
875 619
25 911
713 450
643 264
201 426
369 966
781 186
730 565
133 181
531 713
680 938
466 881
873 913
789 961
825 785
321 315
228 801
601 96
129 1
111 261
594 909
735 297
481 478
1 614
263 656
997 201
471 201
888 161
201 728
130 793
615 377
871 966
441 727
665 32
198 296
871 461
509 201
801 901
857 993
177 584
955 713
198 369
385 259
806 967
147 605
9 479
838 521
97 296
901 33
759 201
913 211
756 638
864 159
861 661
930 698
801 555
43 478
817 457
971 541
427 931
209 169
759 691
714 771
351 467
31 526
841 107
177 217
573 681
788 201
633 930
961 461
955 830
241 526
347 201
801 480
995 941
161 469
101 221
33 1
549 661
701 866
931 665
811 513
665 675
940 932
793 301
676 701
451 159
233 946
327 978
63 45
521 875
343 236
278 36
351 156
9 497
179 851
737 251
155 271
284 477
163 737
259 836
902 177
257 79
547 342
273 697
441 274
585 638
521 9
289 806
771 723
906 1
995 537
100 533
708 386
415 406
995 858
421 70
279 753
167 836
491 465
645 287
563 156
21 321
451 438
564 825
163 898
771 597
513 457
336 727
113 241
191 561
361 942
554 810
531 461
657 121
313 711
959 711
776 291
701 279
139 316
609 1
253 655
153 830
665 167
321 981
493 271
671 801
681 633
968 905
294 521
53 901
251 517
621 257
39 65
785 351
271 866
611 174
573 897
170 881
211 879
320 486
786 247
403 88
281 621
89 993
188 91
451 375
441 551
842 25
759 501
941 804
869 57
193 668
861 915
665 417
803 933
51 121
361 775
785 817
181 361
906 611
777 212
1 401
913 693
235 201
275 549
405 726
881 283
551 31
61 485
855 851
331 15
195 25
176 949
747 537
465 226
846 905
313 343
141 601
513 556
943 614
181 477
907 455
541 711
329 311
189 756
186 23
960 275
105 815
449 365
529 571
867 192
681 329
409 929
165 586
75 501
601 551
128 358
964 272
41 481
472 623
241 169
976 289
41 993
69 121
533 41
809 764
413 513
171 296
523 483
561 473
981 681
966 556
833 45
481 585
321 241
339 181
531 707
655 689
759 525
521 921
511 801
157 293
531 962
481 325
152 756
881 261
501 329
98 966
686 814
57 436
26 561
975 971
821 589
117 693
755 301
446 776
947 654
70 721
885 126
58 26
51 63
77 781
436 644
766 729
5 332
140 717
209 409
380 178
769 421
48 951
816 369
321 33
561 361
691 427
601 501
637 501
603 271
731 637
889 11
321 961
137 441
726 533
511 261
426 805
699 956
741 991
949 761
585 217
329 36
435 944
321 381
757 865
841 538
891 301
359 873
727 859
77 214
281 237
649 181
607 589
437 329
47 801
796 681
576 33
709 57
313 575
561 851
377 699
51 148
487 787
696 975
641 659
93 393
699 259
996 365
671 681
121 131
969 651
246 933
49 86
95 945
21 355
873 538
371 389
881 820
976 302
11 5
386 451
511 751
289 641
599 651
251 561
657 309
913 826
192 461
821 916
41 553
102 417
463 511
42 885
856 651
71 481
830 561
508 880
345 576
551 121
110 832
491 505
654 671
61 388
676 463
121 576
753 551
441 476
161 897
291 836
115 361
745 169
226 969
69 615
812 648
526 239
721 219
674 419
779 476
201 985
976 888
435 965
857 603
456 911
454 645
420 829
537 151
427 930
401 176
474 504
87 825
201 223
297 790
545 822
296 393
801 569
561 778
971 577
177 991
985 269
809 574
547 66
276 401
76 321
465 637
201 418
217 565
293 765
294 896
483 333
553 545
993 333
376 35
457 196
233 41
761 737
893 439
81 481
25 259
681 761
296 606
657 243
288 685
200 817
801 18
961 511
441 481
266 801
41 915
510 421
201 37
825 120
633 237
681 321
635 690
89 715
956 541
375 580
1 61
451 841
254 715
345 149
637 731
551 657
964 361
309 943
753 643
961 100
911 5
601 291
378 645
821 361
229 917
259 537
706 65
830 107
271 601
497 592
265 685
341 326
422 15
741 487
929 880
623 291
669 450
951 85
318 296
96 860
631 359
841 165
502 696
201 576
858 649
665 396
825 866
218 396
77 193
227 249
983 398
71 706
251 877
783 505
7 501
281 705
697 411
907 301
553 713
149 499
85 3
597 189
566 935
1 851
376 472
535 562
550 73
186 749
11 921
601 959
397 356
809 224
85 40
44 705
634 697
12 332
941 626
937 720
203 838
756 481
128 622
412 126
243 751
522 577
865 675
347 757
564 975
261 417
568 171
441 609
41 120
392 45
633 757
65 693
716 611
239 687
525 952
964 921
473 903
61 21
809 766
501 587
241 434
692 48
817 361
371 48
491 631
657 283
875 465
231 730
713 721
692 526
243 596
157 991
534 290
461 197
296 689
31 297
673 749
727 214
489 556
95 742
191 697
771 707
807 833
737 901
341 561
689 129
889 780
87 845
871 43
459 141
137 925
209 46
603 481
473 661
611 939
916 133
41 995
321 301
301 603
835 711
797 183
1 301
441 336
471 626
761 293
451 136
121 583
707 587
497 841
147 36
851 527
851 913
327 83
95 657
414 127
3 225
33 551
147 21
695 961
553 44
646 251
751 531
217 986
733 404
541 261
744 619
392 86
143 265
576 745
721 993
501 841
68 105
513 827
535 23
477 962
897 245
826 337
813 642
369 811
373 561
377 261
675 775
573 271
453 241
101 326
991 947
960 709
713 794
966 561
527 191
133 181
801 211
41 379
249 333
981 793
31 1
697 16
673 407
93 518
677 652
295 57
149 107
752 537
391 273
841 641
873 705
457 575
613 657
39 191
457 401
137 785
481 412
857 871
159 183
505 593
493 441
774 30
962 274
349 998
859 57
672 151
121 361
881 933
497 570
335 833
436 929
953 166
553 265
881 666
356 311
455 285
239 201
233 476
965 763
261 4
293 225
369 363
297 636
11 641
594 281
41 291
861 369
503 67
121 1
355 455
301 623
993 393
25 907
353 335
121 596
367 346
237 585
241 561
810 501
551 401
795 200
991 233
976 205
753 205
613 430
477 391
545 26
967 18
169 891
849 583
305 346
996 53
174 346
889 827
285 1
441 671
608 365
336 932
939 231
436 689
681 652
946 641
89 195
181 807
174 82
657 481
621 804
425 151
978 389
809 904
707 761
601 345
41 421
521 434
941 205
281 634
921 616
926 713
400 471
761 359
437 501
389 978
612 185
347 803
437 341
905 385
55 826
282 496
883 377
176 497
69 201
257 193
252 649
882 891
189 41
931 267
33 481
909 151
797 677
245 649
533 53
166 483
367 480
575 217
215 427
253 112
391 599
841 181
471 565
113 693
129 326
723 615
576 945
641 279
947 858
57 132
477 39
304 93
153 321
846 271
752 952
645 429
891 119
406 823
511 529
217 905
853 563
501 873
281 91
25 817
292 569
96 439
604 426
976 511
391 1
861 659
697 445
310 9
529 598
1 689
813 379
236 167
703 696
637 181
801 153
55 292
625 713
745 535
425 702
496 221
150 315
183 11
727 996
377 911
170 613
193 101
921 571
251 156
946 73
336 868
395 313
375 1
938 37
405 93
111 299
731 51
469 253
86 422
242 443
97 643
561 311
485 686
714 977
737 391
657 511
669 196
376 597
154 49
5 689
941 297
547 706
502 121
789 313
865 621
515 225
221 729
826 227
277 9
923 705
191 361
357 625
541 936
273 603
813 278
849 633
561 601
311 751
541 726
176 103
821 713
897 741
882 277
425 746
849 785
461 387
680 225
505 425
848 857
369 219
587 963
957 111
241 430
921 891
441 20
690 633
222 501
869 276
206 363
361 631
839 213
541 73
231 682
464 551
249 631
865 617
49 881
541 559
676 346
561 34
641 141
118 805
800 353
757 745
523 59
611 781
51 741
56 942
417 481
965 309
627 105
461 17
926 253
595 933
759 451
261 137
281 729
45 101
516 981
90 201
676 531
201 493
1 431
673 129
851 768
437 628
297 861
585 889
13 689
897 198
93 104
41 141
249 161
775 746
951 360
498 337
249 340
561 486
849 171
163 64
931 401
561 325
148 321
482 695
119 249
173 939
508 615
477 576
945 350
238 105
853 687
751 529
493 77
644 343
670 793
588 261
81 753
607 606
51 830
255 626
692 783
801 474
186 421
956 160
745 161
7 753
481 345
127 454
657 15
121 415
413 525
51 629
313 461
86 213
81 589
70 739
801 761
879 807
139 770
595 337
549 633
761 695
306 375
119 269
15 779
475 821
596 561
1 585
221 441
564 289
977 895
869 242
161 17
845 992
152 991
386 534
697 191
671 317
562 782
787 401
141 916
737 938
977 331
453 937
291 891
418 369
985 85
481 753
761 327
815 477
219 477
957 861
781 375
521 777
457 144
31 997
53 640
733 765
481 505
666 269
57 729
211 709
355 977
997 171
26 535
881 575
109 593
801 41
573 829
471 924
383 208
241 235
103 287
581 421
96 699
401 446
369 429
265 764
441 551
721 241
877 238
601 26
850 531
77 531
636 569
257 366
537 107
337 258
137 977
501 803
737 789
501 171
21 555
470 901
621 993
617 345
447 433
42 301
733 241
261 785
596 989
525 609
881 269
101 745
337 460
941 894
413 801
701 773
991 770
425 121
901 961
128 455
471 585
195 401
683 904
449 345
891 996
681 713
890 328
921 953
881 561
193 217
206 501
809 782
926 763
491 571
801 809
209 656
173 499
401 745
343 447
968 93
241 731
445 131
273 493
777 211
670 977
441 871
544 303
183 916
721 681
899 269
570 281
563 721
101 489
17 807
161 176
931 535
206 433
265 60
83 845
779 246
1 141
424 191
841 121
796 809
332 929
617 433
963 383
953 581
517 966
16 449
249 663
338 673
867 151
113 101
159 643
721 279
953 84
193 282
971 597
687 926
855 651
771 217
757 417
533 319
739 413
921 77
201 30
417 465
251 706
841 66
851 67
533 543
21 997
801 507
71 741
85 826
725 524
261 641
77 651
348 529
888 648
902 753
846 573
681 744
387 676
481 706
162 586
846 81
687 169
89 581
376 137
444 201
961 395
701 861
886 283
881 266
181 653
719 161
577 861
626 414
185 417
241 549
135 534
553 193
953 951
113 953
741 621
141 615
513 242
891 1
282 630
197 185
626 893
1 462
31 452
361 561
465 125
610 745
781 169
181 782
901 436
193 838
931 271
66 165
331 279
992 626
310 369
671 193
380 406
126 793
726 249
69 41
678 101
41 651
71 753
998 705
946 951
378 411
21 345
601 854
462 471
929 357
905 233
199 951
855 417
981 971
521 805
436 963
387 589
272 851
281 189
432 52
364 673
137 927
907 225
469 352
49 437
721 762
269 429
700 611
547 39
926 313
551 849
982 41
745 1
673 986
297 850
437 705
204 191
786 529
919 985
473 681
360 276
93 756
321 171
413 476
756 179
653 580
469 981
746 777
791 742
253 451
16 668
358 345
836 509
653 890
775 271
89 181
531 664
401 573
785 341
401 751
392 545
162 143
964 385
549 376
355 100
845 644
102 839
907 121
911 551
143 809
793 281
11 903
217 693
438 329
100 712
251 657
449 913
735 981
701 179
769 217
803 951
401 681
196 451
817 537
756 889
19 357
349 823
431 641
137 881
346 977
131 497
999 263
955 129
379 194
363 585
466 341
848 99
521 533
943 635
173 417
21 400
1 991
957 373
414 647
545 401
417 225
235 488
553 15
327 546
235 761
729 215
765 657
656 979
42 235
373 186
515 983
871 383
801 766
847 257
921 617
239 420
863 100
953 514
341 99
81 343
121 531
861 801
793 261
41 854
595 486
660 537
563 289
841 478
640 77
480 425
614 291
406 526
456 401
141 71
652 266
749 313
301 107
483 142
145 487
863 201
596 955
693 392
383 25
677 343
409 631
571 576
605 171
561 591
927 253
181 613
941 518
210 599
251 715
214 868
414 533
262 8
629 73
807 903
276 821
286 513
901 715
162 441
712 240
84 895
65 6
491 513
418 202
758 843
230 41
306 237
711 189
277 841
201 62
130 569
380 271
922 541
209 114
742 166
143 339
751 461
1 796
121 315
110 89
381 196
779 611
237 403
297 769
757 671
245 507
729 857
308 318
191 305
681 911
945 1
219 651
277 605
273 957
55 26
621 833
105 111
396 227
31 209
827 545
433 51
341 47
681 411
525 266
53 446
573 589
921 265
941 267
281 566
681 745
40 807
586 69
281 32
956 661
113 661
418 195
513 601
646 223
449 881
299 257
651 692
841 833
321 701
937 896
553 937
520 319
521 525
663 361
417 261
465 86
636 413
121 298
361 745
629 705
49 487
497 345
529 751
993 126
466 877
986 657
59 625
397 801
181 461
235 549
161 673
147 751
369 114
849 987
126 676
907 511
514 289
585 866
865 6
371 42
660 225
381 497
998 929
562 350
835 849
265 761
433 247
213 881
509 377
251 913
621 545
865 567
257 102
191 559
911 706
401 815
119 404
361 602
735 818
21 801
891 809
961 713
836 961
736 757
313 57
550 154
13 203
690 993
311 649
421 625
665 553
276 656
19 73
635 96
216 526
346 281
771 225
65 199
705 849
513 960
163 967
633 393
261 397
27 843
81 609
181 251
457 918
521 986
982 158
531 860
787 177
916 131
41 686
752 500
65 831
89 673
778 407
641 331
961 346
241 737
385 323
785 630
982 965
521 361
130 517
501 205
681 481
421 661
393 217
675 669
401 767
249 643
376 631
1 989
358 679
219 776
898 369
856 103
609 910
537 597
917 889
350 441
681 219
55 661
393 651
931 978
387 957
213 706
237 254
722 145
627 244
870 99
107 305
674 225
539 496
791 801
644 539
749 953
353 451
443 543
853 542
566 295
441 938
400 197
91 261
599 768
444 508
719 383
329 544
274 565
871 626
649 438
869 913
531 257
351 217
197 281
121 619
65 601
637 433
85 501
628 117
761 808
189 509
341 581
997 381
781 225
423 347
954 210
497 101
142 501
251 157
45 117
305 641
87 604
10 324
426 166
565 771
301 832
835 941
391 401
127 157
835 858
233 151
391 296
396 610
823 801
358 4
765 801
73 843
185 394
649 1
103 21
6 745
870 873
269 520
641 797
377 141
749 949
522 76
257 1
791 879
185 809
291 957
430 957
607 313
565 587
787 545
772 548
379 126
591 887
881 529
596 102
95 450
549 454
993 181
1 38
849 265
831 809
427 857
597 951
337 709
705 801
451 36
949 609
321 12
569 531
209 276
453 375
451 501
869 965
290 881
9 33
967 706
441 659
337 492
167 302
676 18
611 565
527 559
559 755
21 177
201 209
327 312
777 976
370 171
219 821
513 241
679 188
105 709
369 183
661 841
288 471
519 637
677 513
818 129
511 541
999 158
361 571
253 593
321 484
713 265
433 865
784 731
380 113
901 876
97 261
949 636
61 606
353 593
343 966
305 453
765 965
691 170
751 867
691 801
376 85
461 138
529 37
961 701
587 602
43 21
121 794
381 162
241 448
968 104
247 981
579 850
685 345
638 86
821 17
391 876
633 736
74 829
692 10
571 128
177 913
665 283
997 841
680 401
577 721
302 177
315 289
373 403
151 846
271 123
389 193
169 245
153 361
823 619
465 847
529 263
49 801
831 675
253 786
991 344
375 614
527 615
961 55
717 719
121 460
465 768
825 266
259 707
913 16
720 539
159 336
267 505
237 547
87 73
185 120
693 781
562 529
272 302
465 252
217 185
709 155
995 993
741 861
563 631
961 989
64 807
961 81
95 621
369 77
75 41
213 947
76 599
910 501
955 689
556 827
945 777
689 385
420 783
101 728
225 613
738 832
89 267
517 785
593 228
564 625
961 531
85 794
741 794
201 408
911 489
185 793
198 257
797 68
750 281
47 81
739 138
989 933
432 759
925 901
65 739
791 600
153 857
455 777
449 431
90 76
46 893
705 226
397 705
951 822
717 221
701 488
761 118
655 591
307 11
381 385
481 491
881 513
463 681
801 751
689 581
981 941
661 57
865 981
445 927
153 343
151 431
921 653
889 249
121 17
25 441
997 497
675 757
861 361
119 337
352 649
768 985
205 903
150 121
341 639
342 605
977 441
633 204
324 902
459 419
278 567
423 231
565 562
317 944
631 13
175 209
71 651
727 30
785 677
24 611
571 344
763 527
474 381
667 458
439 321
270 973
696 425
680 679
241 111
971 777
376 279
143 517
993 345
969 911
22 401
77 425
41 175
309 915
969 337
855 74
256 185
981 642
377 347
381 209
320 956
973 841
645 891
309 197
164 529
321 591
727 873
526 297
580 81
45 712
340 553
929 949
555 358
773 268
395 961
269 265
33 397
547 553
782 589
375 281
501 24
7 171
953 788
719 1
859 265
115 336
668 40
849 778
372 293
321 558
165 553
361 707
409 501
76 116
169 273
987 576
366 944
815 33
355 865
833 995
86 447
657 337
893 949
657 325
440 229
647 91
257 535
453 304
201 901
517 314
329 605
401 685
314 511
699 608
193 91
367 278
621 533
295 292
591 513
749 476
372 385
511 749
576 426
201 737
5 361
966 881
192 1
313 11
6 669
373 785
839 840
624 401
73 397
417 41
513 861
917 191
37 711
700 522
463 201
286 377
721 533
877 24
81 303
875 504
281 277
731 437
520 765
545 275
806 939
125 667
616 219
118 837
956 68
829 377
565 581
395 371
10 586
353 744
315 713
309 886
619 539
325 101
105 185
741 855
209 313
1 32
450 628
39 940
161 752
676 264
95 951
761 396
657 943
947 869
703 425
638 752
176 861
458 385
951 89
347 143
486 361
982 193
553 861
532 141
760 453
901 809
272 702
777 347
698 464
93 659
437 129
91 112
191 225
291 26
53 31
91 781
35 376
11 351
120 51
113 301
22 932
797 141
276 647
715 121
661 801
517 881
725 49
46 76
298 235
165 187
815 388
874 212
317 121
28 195
72 564
87 905
761 65
519 465
446 849
91 249
888 196
439 71
837 193
797 753
728 173
919 926
319 856
801 63
201 666
433 133
366 91
76 191
897 483
453 477
633 592
27 245
761 570
501 166
58 371
777 397
86 369
473 669
921 217
185 402
141 513
919 88
143 454
676 409
151 604
757 919
688 459
665 265
382 681
601 57
275 561
820 529
226 67
951 438
978 773
501 919
344 61
801 259
277 986
209 461
366 411
809 94
857 651
281 65
573 180
585 864
602 655
671 851
846 839
791 600
171 318
71 41
649 483
480 633
117 6
829 665
15 823
941 851
241 621
16 2
447 691
289 171
683 673
377 783
73 568
141 351
985 390
947 436
305 591
218 369
267 533
601 527
131 278
31 220
185 652
481 151
395 129
977 973
646 273
629 576
19 256
524 977
111 553
337 381
101 162
124 317
129 416
504 451
636 61
639 521
389 401
761 604
76 187
746 119
129 461
41 817
281 44
531 305
489 579
694 945
845 41
36 629
139 611
430 253
57 105
1 273
613 809
545 261
711 577
126 481
414 477
756 121
87 429
681 26
880 241
249 561
66 101
412 290
201 815
527 353
345 177
701 633
551 170
361 269
761 783
586 11
896 475
415 401
676 741
261 839
541 521
720 465
837 141
397 755
749 153
351 123
1 401
960 897
506 512
669 573
321 961
273 222
66 518
975 369
417 359
91 143
369 451
56 601
821 131
708 229
787 281
941 737
541 277
301 825
362 689
521 809
457 25
605 505
878 341
769 351
187 761
253 71
121 378
391 211
150 921
41 259
967 289
507 253
321 848
951 126
225 363
209 181
635 173
965 113
346 39
302 551
289 263
594 289
236 217
849 321
985 989
904 496
403 836
261 705
25 621
563 57
637 661
903 946
326 799
249 150
225 368
679 639
601 486
176 281
967 209
491 681
914 741
954 789
833 701
901 281
670 681
151 461
325 785
601 727
276 95
813 484
566 107
829 266
996 703
110 857
857 250
964 235
888 653
507 357
376 546
589 426
275 603
41 247
447 640
261 496
24 499
785 810
381 974
929 556
235 221
427 559
737 859
505 68
936 226
736 134
929 81
863 877
449 158
595 55
649 281
313 281
491 503
401 454
126 595
905 326
385 727
275 613
469 952
143 272
555 86
892 153
316 826
226 221
425 696
417 615
637 570
969 337
805 355
241 746
836 259
201 106
331 521
955 17
409 627
717 993
161 343
905 601
998 923
377 347
885 376
806 841
851 1
937 373
476 51
248 361
522 777
271 526
276 85
289 267
966 572
135 211
90 253
821 549
921 812
261 292
24 631
89 227
497 177
571 641
653 654
331 805
126 36
211 961
385 961
37 149
253 621
780 49
967 936
831 279
811 365
241 834
184 373
576 61
432 469
817 753
57 671
795 861
202 105
941 983
231 989
316 549
465 383
673 747
555 81
456 585
601 661
182 166
453 56
853 410
66 249
595 306
361 651
784 110
441 557
234 181
263 747
579 362
812 971
538 104
736 845
315 901
633 168
811 575
192 861
233 901
36 265
889 751
236 701
853 32
126 81
605 561
665 825
725 369
91 581
557 491
401 985
355 908
985 281
981 987
921 321
871 971
583 476
274 564
575 290
921 551
481 249
859 755
731 562
411 50
561 881
797 841
801 351
753 736
876 107
377 790
939 787
781 243
575 617
297 201
837 813
541 89
742 201
431 844
251 23
728 441
785 197
461 233
521 809
139 561
281 671
498 7
761 231
698 206
885 530
289 421
69 559
26 753
296 682
172 51
421 57
224 579
626 139
265 230
926 961
716 48
89 221
966 91
965 707
677 587
845 121
731 413
551 765
1 241
266 683
415 789
357 381
847 341
263 383
15 871
121 793
381 273
385 6
991 910
499 286
465 141
949 625
549 897
135 166
475 108
526 637
663 133
149 286
926 849
460 971
829 561
451 897
974 482
105 586
697 677
486 873
825 141
22 381
361 505
381 481
763 989
626 827
555 313
629 955
633 457
349 393
617 831
446 876
771 318
129 181
166 288
306 117
638 943
201 183
908 346
903 711
897 861
665 337
897 117
796 149
269 456
701 868
245 425
901 662
673 303
411 383
725 476
901 5
976 65
717 681
873 479
125 451
43 555
798 585
950 205
233 723
465 881
473 210
811 437
165 876
67 714
772 416
59 665
476 786
751 61
401 677
699 376
58 586
576 524
189 3
664 81
86 765
861 401
1 163
709 151
561 611
181 711
209 869
381 985
601 884
255 829
626 849
249 113
505 43
111 119
934 422
538 285
669 811
861 341
425 609
64 668
155 991
39 981
304 741
5 10
265 646
951 893
262 667
983 129
601 706
63 243
948 461
305 381
17 468
341 537
824 874
241 597
523 973
112 810
371 745
425 457
137 251
201 376
921 713
821 49
31 468
244 91
441 429
871 601
599 241
304 818
901 251
137 237
164 733
621 461
202 413
771 761
233 679
948 264
420 79
701 577
913 998
541 260
198 778
590 172
533 428
823 697
202 881
271 363
865 335
126 693
721 891
231 725
51 306
563 565
993 773
392 505
626 554
618 225
754 911
993 29
879 538
249 113
81 572
319 210
120 41
479 811
59 461
497 955
825 161
248 647
661 701
841 618
396 486
76 971
97 905
357 85
768 357
295 343
265 545
77 244
551 941
601 888
935 379
859 926
958 176
26 889
801 957
225 681
417 377
929 2
771 113
881 196
937 471
107 57
697 21
617 761
854 753
477 245
441 258
967 213
23 371
724 404
275 751
555 772
402 226
121 153
41 329
489 887
133 301
66 308
252 366
368 145
721 857
273 857
968 733
775 305
867 825
428 466
835 536
641 433
94 129
401 260
534 71
593 425
264 941
766 985
108 303
773 137
709 611
251 763
521 51
657 695
158 105
433 204
693 597
801 501
889 527
993 415
176 173
17 509
145 514
665 161
65 621
926 558
1 109
484 877
531 817
617 853
587 83
877 756
801 133
121 585
735 592
163 265
777 36
905 275
25 877
922 361
793 137
211 85
425 30
481 717
309 220
793 501
688 376
431 808
301 77
801 809
891 451
126 979
926 601
185 538
673 915
801 227
611 433
505 951
735 411
62 481
538 723
298 207
36 463
869 249
295 368
443 1
826 906
569 265
402 148
164 761
836 107
829 297
179 29
686 561
249 413
435 153
23 761
377 697
899 757
401 404
841 593
849 26
97 355
835 869
817 126
903 453
843 913
107 762
597 679
781 809
605 846
889 801
701 220
788 785
83 221
767 781
334 481
41 257
161 561
761 127
971 907
321 975
705 865
721 414
994 473
694 607
825 112
101 953
176 789
561 682
522 249
902 281
645 641
570 928
505 65
196 193
541 436
811 321
133 473
447 682
131 193
737 441
599 272
317 49
801 593
785 567
153 777
105 579
901 376
404 337
691 805
551 881
598 941
779 574
621 670
748 1
743 563
66 544
945 33
103 594
1 511
307 277
971 615
645 301
581 805
415 961
474 971
669 149
692 523
974 530
363 491
369 377
9 465
451 41
315 329
339 984
429 415
809 241
281 881
931 317
585 233
635 1
847 372
465 972
217 421
330 126
69 701
141 635
507 310
247 983
701 425
641 766
626 142
401 184
407 601
391 33
593 291
695 129
808 411
477 379
150 543
561 137
701 142
61 913
385 481
991 221
558 657
931 601
491 266
802 386
401 960
939 140
271 672
785 129
363 826
42 138
586 297
465 141
777 325
661 993
457 701
973 951
65 418
455 131
477 81
481 951
34 225
185 481
18 615
776 450
469 671
801 581
233 379
204 141
145 545
361 337
881 987
809 192
971 241
745 837
653 137
360 93
833 657
175 611
744 641
561 609
273 745
115 225
451 370
861 521
74 319
637 875
321 549
247 727
176 447
101 241
729 888
913 81
956 905
401 726
556 419
733 900
81 41
473 581
985 115
755 581
51 687
953 91
849 293
6 906
652 281
717 689
620 871
765 13
925 526
631 231
240 791
583 401
271 521
851 709
766 577
57 888
226 503
501 48
713 392
337 921
160 785
146 228
370 613
251 729
313 876
9 501
911 15
337 621
573 217
723 531
872 401
247 497
720 376
409 541
170 312
4 998
875 839
877 417
169 977
857 676
618 600
718 529
456 409
301 121
961 408
569 439
81 758
669 273
374 347
401 226
149 471
316 259
586 217
401 251
41 569
966 862
585 773
859 538
841 297
257 961
457 243
126 683
918 801
276 569
778 904
329 611
117 781
481 301
401 774
837 641
253 541
611 803
977 849
888 547
729 281
96 281
21 11
77 501
826 361
601 728
446 602
319 631
451 102
831 167
819 641
327 497
429 461
569 676
489 844
51 581
41 837
51 466
329 897
766 123
689 212
651 351
673 783
495 697
175 766
345 569
316 193
655 587
855 201
571 184
655 589
865 596
241 601
753 81
273 727
428 479
467 761
31 611
897 500
196 241
485 891
904 449
541 827
781 881
965 786
594 683
25 905
894 201
561 896
765 441
405 601
109 961
250 759
753 641
17 101
901 67
161 45
657 316
395 276
577 1
349 791
876 135
665 81
818 951
117 281
141 351
145 881
918 1
248 657
765 489
601 1
15 905
477 884
313 256
631 81
661 177
245 570
726 937
330 987
111 945
505 265
131 977
657 759
876 866
407 841
476 266
841 542
28 761
209 477
126 543
663 249
311 535
353 131
552 731
969 241
851 641
625 81
283 57
421 61
745 41
817 933
183 405
415 425
781 757
945 17
213 116
465 501
74 300
246 545
29 406
661 1
999 276
767 929
879 435
745 41
910 640
981 456
451 921
809 190
426 978
712 239
449 371
863 282
289 201
629 345
447 521
665 806
854 121
391 281
41 945
259 803
501 113
983 591
433 215
466 740
12 715
389 505
491 351
251 805
447 905
393 805
560 111
669 609
553 334
967 114
985 785
181 781
521 257
301 198
173 398
44 937
742 521
530 380
807 611
357 497
146 88
21 279
297 821
121 864
773 962
801 121
569 86
273 905
355 759
222 211
696 689
54 366
641 162
857 917
373 961
887 970
881 537
586 271
49 186
661 305
953 17
74 724
173 216
895 201
441 689
693 133
427 133
885 585
88 832
23 218
589 721
937 521
536 751
515 651
754 700
811 871
729 799
20 41
81 176
41 521
141 761
549 961
577 622
451 651
933 629
721 185
43 809
995 261
226 87
549 448
579 166
865 489
798 805
709 277
976 337
176 861
520 125
969 567
751 737
649 8
255 31
103 126
201 658
625 433
871 801
991 737
363 715
833 357
385 102
651 241
355 501
371 718
81 41
492 4
696 964
65 248
851 992
129 537
236 737
197 857
917 638
983 121
177 393
288 21
711 376
201 657
46 328
505 695
230 187
687 731
47 921
601 649
753 413
11 979
81 571
433 771
151 978
236 257
793 306
737 901
653 218
189 241
937 665
813 376
841 682
231 729
828 417
821 701
915 909
552 871
311 36
731 721
873 1
506 343
372 463
863 38
108 729
729 801
838 321
993 271
402 676
427 999
901 357
843 625
519 39
733 305
803 36
721 211
215 65
761 296
226 159
405 986
81 401
425 926
696 557
171 141
481 553
295 7
601 933
426 281
469 341
513 746
391 943
143 552
967 81
605 333
291 501
261 953
231 47
633 31
387 861
707 717
281 223
371 506
553 593
686 481
953 881
751 939
175 222
107 105
287 761
215 669
620 716
625 294
19 121
721 580
262 801
609 497
121 494
157 857
569 416
497 419
564 440
277 485
359 621
761 61
119 913
1000 353
435 926
491 933
771 209
533 633
49 546
543 628
583 987
417 489
804 217
417 159
529 249
473 281
814 383
225 921
157 975
330 771
87 751
826 734
421 401
791 401
605 401
865 529
1 302
81 523
349 981
953 417
17 803
501 376
917 409
922 701
763 669
301 668
609 665
301 661
981 827
617 821
300 751
125 226
317 641
245 181
557 896
771 643
53 649
721 653
376 301
871 887
207 450
701 947
17 213
521 642
856 833
401 897
481 241
317 125
796 59
241 641
181 283
889 587
721 121
425 305
25 861
336 229
9 371
253 378
946 821
621 303
878 411
773 662
491 979
437 297
388 356
163 313
893 660
223 253
489 851
801 502
282 887
177 291
221 357
401 213
537 109
657 49
401 185
857 916
803 291
363 466
877 876
984 15
341 851
449 686
821 237
103 301
543 26
355 39
1 991
646 649
768 471
119 541
480 351
601 941
453 116
656 671
766 88
331 179
1 355
500 362
641 891
601 245
451 893
989 507
48 921
497 869
596 454
697 337
849 323
685 438
757 324
207 981
817 81
225 493
933 589
551 801
865 238
641 723
306 41
912 433
411 445
787 75
849 363
713 451
245 451
661 778
301 605
182 79
281 843
751 190
807 634
374 86
65 186
686 476
933 597
499 96
724 1
539 281
108 793
409 721
216 327
625 705
817 367
381 889
913 589
464 297
773 881
289 279
117 37
541 214
809 108
56 198
1 301
313 457
143 943
613 181
505 621
745 307
467 185
806 635
109 997
889 606
863 9
401 1
806 556
500 151
265 191
281 775
221 976
583 349
987 587
371 751
989 865
192 829
65 416
17 868
736 621
457 196
81 256
94 771
73 245
937 11
868 81
24 281
461 85
879 581
727 911
141 221
6 495
511 643
61 886
741 217
441 750
836 655
169 857
457 821
581 951
981 945
837 964
881 513
301 361
71 889
516 441
137 41
656 59
941 61
523 501
996 81
627 729
71 531
941 51
790 25
872 751
967 871
65 293
52 652
621 751
921 312
281 213
434 251
351 383
914 141
535 975
201 1
701 251
274 65
161 390
7 821
632 601
993 689
293 333
782 453
565 966
521 226
247 41
508 87
731 461
342 693
793 711
227 699
972 841
494 450
285 781
618 996
752 681
361 76
773 151
769 698
77 837
849 907
353 209
515 581
121 711
178 11
795 681
865 987
861 849
9 735
239 705
221 189
425 39
246 417
37 251
656 101
917 136
982 876
537 741
211 817
560 269
511 545
305 966
365 1
697 747
594 981
727 773
693 157
617 865
317 391
9 535
256 933
289 819
17 156
181 126
19 431
847 657
16 640
705 345
424 836
657 777
151 691
289 768
545 859
699 249
712 141
557 370
677 237
681 181
592 993
446 953
401 451
251 831
213 665
849 197
581 153
696 633
341 801
576 291
299 629
957 116
417 769
417 257
303 111
205 176
702 464
531 987
920 371
451 51
483 311
151 461
713 54
301 773
473 697
126 611
151 887
712 989
17 681
530 69
185 561
577 901
721 745
391 576
889 329
319 181
873 771
59 666
287 961
337 257
153 413
695 979
741 278
697 732
169 953
461 875
660 233
73 897
899 551
873 751
153 457
517 61
349 544
825 814
119 409
653 530
49 603
589 617
646 906
775 689
185 571
233 251
854 661
9 27
421 707
969 641
7 475
815 431
417 851
545 803
272 827
387 997
892 871
471 317
433 409
593 238
937 521
570 157
1 516
151 323
754 301
998 721
557 487
763 803
773 77
729 161
305 561
535 741
47 235
297 401
136 854
158 839
526 301
473 897
476 57
730 651
321 131
113 860
421 665
521 435
224 29
792 629
826 824
726 751
817 701
38 998
104 837
729 551
367 820
896 641
721 733
633 669
661 183
256 663
921 297
993 601
485 536
279 853
825 653
461 487
526 625
381 665
131 992
168 992
956 291
739 145
417 329
49 531
953 801
40 727
658 397
411 385
769 155
518 441
455 477
701 723
603 93
501 185
611 105
9 825
536 309
47 94
521 673
119 581
473 709
759 521
756 709
449 637
97 521
561 31
381 441
601 186
172 751
159 467
777 25
781 57
473 821
387 589
851 445
241 86
577 704
521 97
327 119
5 402
192 921
115 491
106 41
365 751
101 211
316 757
613 921
645 826
163 371
25 777
273 586
228 851
121 245
493 831
986 653
495 475
171 761
541 265
171 479
215 786
46 365
561 233
617 731
99 765
775 201
573 438
183 436
79 295
851 151
629 87
654 6
253 876
321 41
681 903
826 601
155 481
985 244
187 693
939 495
977 461
81 777
514 261
251 446
723 297
687 183
985 601
945 909
666 161
751 82
751 525
896 936
571 835
970 968
997 865
655 761
249 839
959 547
203 313
221 43
401 261
986 940
9 745
41 849
817 777
216 255
621 691
854 921
4 777
776 485
259 759
529 574
895 619
9 355
41 511
721 795
516 178
434 801
907 147
277 481
721 461
261 844
441 241
474 80
501 33
492 101
956 153
825 385
661 36
641 181
275 146
846 369
385 235
157 985
367 483
26 101
459 881
345 625
227 986
678 186
489 811
625 143
968 251
735 612
241 625
750 139
125 937
333 271
69 301
371 711
128 979
65 289
451 45
722 229
961 987
741 160
37 318
146 889
410 614
625 617
18 261
441 657
221 976
882 401
439 168
793 289
603 756
799 705
208 629
593 546
423 577
841 513
139 901
141 406
453 360
221 171
571 913
257 289
664 39
117 614
35 336
250 5
185 813
84 531
901 81
385 556
889 257
663 317
501 91
801 298
605 111
906 758
887 544
71 753
289 1
740 901
125 767
84 787
934 910
191 481
121 231
637 699
921 951
398 67
915 977
869 339
473 973
751 775
409 927
634 897
853 97
617 749
317 578
353 483
26 351
873 721
925 367
576 461
501 442
929 417
901 413
37 523
705 539
289 977
967 424
5 204
73 427
279 1
837 133
323 417
417 465
876 684
152 269
105 721
381 411
787 698
985 161
851 896
906 441
831 753
940 891
233 846
183 608
386 9
769 881
901 461
992 701
983 501
747 513
1 961
547 833
301 281
914 602
297 820
483 227
221 135
696 771
753 533
231 719
298 686
988 833
101 551
277 497
85 522
321 31
181 280
97 313
82 873
783 949
301 431
529 250
347 895
596 41
998 517
61 641
945 751
226 457
596 373
349 311
176 369
893 841
101 173
1 169
341 751
489 829
577 833
261 533
576 102
565 821
739 339
326 181
721 792
416 621
953 545
131 376
517 113
152 913
326 119
460 137
646 951
879 234
375 241
297 599
181 656
261 325
213 912
401 777
257 97
451 596
331 411
929 267
113 895
591 341
836 46
435 865
119 260
975 256
837 61
705 537
266 457
185 582
115 381
21 753
797 421
841 509
611 23
889 126
635 597
193 735
963 776
561 814
883 987
936 991
968 227
553 789
11 465
207 725
458 551
751 275
841 97
541 386
751 653
546 907
311 801
747 296
241 545
485 445
951 721
649 691
81 276
615 549
465 256
697 813
371 911
91 249
707 361
635 661
669 561
25 377
881 839
736 227
21 59
564 271
945 579
575 425
857 351
645 870
186 507
929 345
229 979
468 721
249 513
839 585
77 183
268 5
927 21
881 51
11 919
655 926
751 319
481 253
971 201
991 111
537 866
473 521
457 813
892 496
595 917
942 521
912 35
505 269
745 145
665 196
801 741
499 55
228 831
365 491
987 625
121 881
135 550
625 13
569 177
257 881
721 161
185 245
377 643
413 371
613 785
335 294
231 366
775 421
49 794
669 169
833 995
801 539
276 131
337 577
17 211
828 401
789 259
441 365
241 225
993 396
981 191
8 404
167 549
713 401
933 166
874 77
431 726
833 67
254 355
601 551
201 330
451 517
33 439
765 281
435 281
885 811
176 281
929 536
185 953
771 793
965 578
895 451
440 922
276 488
298 799
933 691
621 343
13 341
345 65
362 77
441 851
983 142
952 765
713 424
663 789
863 229
217 521
234 82
841 21
176 784
239 372
463 361
961 832
441 171
959 270
62 731
833 863
7 64
591 453
961 297
101 557
229 588
200 713
537 475
726 537
341 361
177 362
205 366
181 441
161 560
542 706
751 543
185 481
385 543
197 501
208 337
123 251
941 405
93 505
326 11
887 59
101 811
146 219
960 485
969 41
81 513
655 835
292 19
49 569
487 677
593 585
399 449
85 831
701 508
303 393
273 171
857 376
901 53
157 809
860 333
946 591
862 377
103 709
841 393
138 311
131 677
658 151
471 17
16 233
629 106
197 21
685 145
822 541
437 922
315 481
296 385
385 790
733 676
686 322
997 485
401 313
631 884
317 427
705 405
117 741
708 517
361 777
448 556
463 95
31 561
224 808
81 939
576 379
591 301
993 913
65 811
529 561
487 577
983 889
296 791
121 64
761 536
968 445
51 349
951 893
294 161
46 265
526 961
241 353
808 353
73 205
599 51
946 111
599 811
409 625
947 5
361 701
694 421
427 527
841 877
437 905
682 641
571 753
443 155
181 726
921 551
30 293
1 85
988 751
603 731
251 385
763 921
389 409
333 227
81 495
641 153
986 161
27 361
451 9
585 151
905 985
157 325
34 190
53 789
23 321
344 296
881 427
722 31
894 911
177 594
785 101
162 402
175 208
926 10
803 321
51 956
937 551
497 843
633 925
993 219
451 481
617 106
725 982
456 86
442 261
419 971
493 290
447 423
651 33
661 625
994 351
121 567
969 601
179 475
123 541
329 825
503 483
206 413
446 829
340 971
817 941
781 359
701 151
481 273
563 801
300 33
301 161
929 273
66 253
241 41
821 635
981 164
97 371
53 872
109 936
19 977
187 730
44 797
234 861
569 228
377 851
851 35
957 201
734 49
999 313
603 187
201 611
737 219
976 271
193 676
310 399
469 368
496 801
829 967
576 841
855 677
793 277
51 361
571 21
731 917
796 836
926 301
337 521
662 335
649 715
511 141
876 997
928 730
563 826
493 611
86 319
337 156
376 230
877 105
758 171
117 237
777 845
901 962
232 452
385 981
877 445
201 65
163 107
313 134
701 864
213 451
354 161
43 214
446 466
859 636
733 681
435 894
249 831
281 276
411 218
825 612
46 211
381 361
433 982
191 773
105 841
928 718
69 691
157 867
41 735
315 708
317 842
429 349
185 441
326 414
264 1
133 676
233 771
660 208
437 106
138 31
413 306
665 377
239 358
52 85
708 409
192 661
313 773
139 455
537 944
873 803
177 860
411 591
5 837
77 202
71 1
768 915
201 115
393 328
881 227
571 1
148 841
509 320
386 22
804 241
961 609
68 709
968 480
185 439
153 133
910 425
341 541
800 669
792 511
913 441
261 590
898 40
501 900
529 887
947 873
576 415
1 931
176 125
361 345
449 292
568 63
661 676
658 401
719 145
341 236
276 981
117 400
680 617
56 573
915 85
973 461
223 841
49 131
791 796
330 759
291 13
790 452
201 718
985 357
777 447
973 665
583 113
485 191
610 117
970 476
757 421
663 769
925 621
785 360
434 201
676 153
113 675
127 761
689 676
48 651
993 801
401 301
81 430
553 101
649 1
153 533
414 209
470 603
234 828
866 777
831 276
724 399
721 179
16 933
985 915
665 937
666 833
581 306
251 105
408 457
601 131
883 57
199 817
201 685
383 617
51 533
623 627
380 868
517 663
511 641
873 854
491 801
404 876
465 951
452 137
476 127
969 351
169 46
279 327
315 857
737 221
101 921
173 740
199 215
121 37
493 541
292 330
266 34
913 256
139 621
456 344
469 809
585 812
99 714
823 561
221 323
199 369
989 723
671 263
236 1
201 397
677 706
406 345
456 885
291 809
718 101
701 380
905 542
493 283
938 737
373 881
345 133
886 673
997 116
522 237
53 941
887 151
169 323
479 121
964 909
489 549
277 583
110 845
53 125
920 1
473 207
793 1
41 785
875 399
227 371
906 635
875 211
906 283
67 24
821 59
627 465
729 161
933 731
613 459
391 681
661 896
569 985
447 911
670 897
957 753
314 231
511 841
241 469
551 227
718 501
966 413
685 381
321 711
513 384
481 781
427 141
801 359
393 745
871 535
581 345
95 481
745 341
845 743
501 81
121 595
236 371
504 621
72 445
990 137
202 112
549 229
618 625
933 830
401 506
951 851
281 681
146 722
872 891
931 145
678 1
130 65
492 637
857 619
321 115
399 953
453 172
5 729
446 573
299 187
65 767
121 132
841 81
877 305
241 417
865 9
314 641
628 947
883 567
187 1
71 806
551 311
514 485
515 740
283 512
505 329
1 497
683 857
11 167
553 596
351 825
727 781
895 985
173 239
529 25
593 733
506 161
193 417
192 449
597 161
121 776
571 377
821 641
541 965
294 536
861 577
917 633
611 897
33 521
915 957
276 999
913 361
480 689
880 989
606 451
396 111
739 331
213 183
429 1
365 999
781 843
981 596
310 117
833 578
987 628
57 385
95 83
344 788
376 954
901 713
370 905
183 896
101 529
983 216
37 289
143 346
404 959
440 121
181 904
47 251
350 699
925 551
889 815
121 117
231 85
101 821
662 723
857 921
521 295
951 641
121 788
131 846
481 807
205 278
379 701
129 105
921 694
236 753
671 465
615 41
681 833
50 251
601 678
499 753
965 998
28 859
641 3
410 841
253 279
842 361
525 25
685 645
707 274
225 91
28 481
441 539
413 143
573 132
861 474
141 581
168 741
401 85
189 41
815 506
110 445
685 299
729 787
639 78
361 329
535 207
333 706
899 876
921 521
377 529
417 921
850 375
497 987
641 821
936 210
396 257
771 526
961 86
464 1
225 117
449 625
918 927
981 5
53 800
611 429
895 377
545 251
470 759
155 497
852 365
608 406
399 71
821 315
409 147
870 673
261 311
686 781
299 945
79 373
728 279
799 81
224 313
273 889
49 726
887 225
409 656
569 577
429 674
621 425
595 733
412 24
734 247
657 742
125 405
579 81
453 557
199 261
155 751
891 617
850 821
841 761
185 221
777 31
821 1
701 273
697 523
211 439
629 541
947 216
917 851
857 222
89 932
895 481
765 567
947 337
753 878
747 626
153 601
31 780
601 707
489 625
485 979
297 677
651 430
499 51
32 691
813 9
592 201
691 72
688 21
561 101
751 384
871 143
525 988
901 697
388 776
430 902
316 888
409 352
686 969
647 230
453 591
205 309
677 311
667 750
267 411
149 127
319 551
113 801
949 601
509 751
554 284
799 393
411 200
405 997
36 368
575 426
289 627
673 311
249 634
877 609
389 746
472 961
153 301
221 266
525 366
526 337
983 949
813 151
217 897
11 113
589 753
767 225
127 869
442 482
514 557
495 804
364 204
435 922
759 577
953 192
556 49
314 453
208 318
103 567
551 151
106 411
630 581
741 886
393 411
974 739
238 932
191 932
506 215
785 291
304 74
691 681
579 339
835 213
224 889
952 937
612 601
117 615
747 577
51 697
73 907
345 889
763 691
301 109
526 706
37 441
173 799
864 271
438 969
701 111
345 763
950 393
801 895
477 659
327 945
226 710
241 197
883 731
555 561
175 691
891 110
104 601
515 979
149 639
901 5
257 735
781 835
47 429
684 801
105 393
105 1
881 828
485 21
861 462
388 511
981 591
54 961
231 273
501 71
585 421
385 300
384 641
617 961
211 301
927 1
569 305
121 6
397 442
346 551
314 691
901 370
767 443
257 901
213 375
988 399
172 148
54 945
721 136
556 905
501 885
516 981
354 221
859 601
498 861
213 509
320 934
357 941
69 983
551 1
203 403
945 681
582 577
365 609
357 502
818 35
291 911
113 351
553 773
321 479
171 306
441 267
281 821
893 121
317 818
109 689
21 23
601 249
53 233
845 321
261 640
111 439
558 777
520 165
731 466
596 25
408 243
210 622
866 986
137 501
249 267
211 899
475 1
481 271
73 147
827 695
949 525
92 77
805 231
230 357
621 572
968 993
544 158
76 871
534 841
641 841
75 301
601 504
985 901
617 193
273 746
986 251
819 681
736 493
217 626
676 259
876 654
516 781
729 99
723 1
233 26
9 493
811 501
685 87
65 980
405 691
57 877
161 532
476 321
77 812
273 548
596 995
226 611
681 111
440 651
859 466
939 32
379 236
119 222
937 599
673 337
653 471
718 845
417 159
633 161
256 766
907 631
828 661
183 647
591 565
891 555
115 269
184 686
641 919
315 473
451 901
49 956
729 517
947 267
61 841
977 101
257 799
849 749
553 665
241 257
401 115
917 146
81 763
522 626
611 90
67 363
667 499
833 2
853 729
318 97
719 696
248 143
332 461
126 911
433 689
651 141
145 66
551 151
984 900
453 33
359 997
295 484
393 185
908 569
595 186
948 684
713 322
602 497
570 221
537 961
649 265
603 128
13 201
944 627
529 302
861 161
851 225
805 51
649 421
655 667
976 989
31 903
156 407
581 857
496 249
968 181
336 250
185 523
937 301
149 97
745 526
657 210
586 905
891 865
93 233
558 205
649 978
670 661
638 983
497 47
304 121
661 318
982 521
388 361
955 565
825 787
886 267
979 645
326 207
591 401
211 721
801 609
113 105
341 379
697 893
857 97
96 136
380 544
51 765
358 777
473 790
825 201
901 761
626 705
122 199
401 626
451 869
281 122
811 891
931 906
448 385
821 643
41 817
534 291
376 811
432 899
788 721
285 599
221 610
43 860
833 79
501 897
418 877
141 337
25 461
841 206
176 91
306 454
611 885
137 1
11 376
663 896
778 41
489 669
497 441
892 153
415 583
273 608
761 636
661 599
977 257
292 265
39 781
581 381
881 949
249 739
661 602
615 783
506 131
310 769
120 141
843 282
171 221
871 561
406 351
696 783
650 733
401 880
673 225
233 369
348 845
17 542
409 366
908 469
805 777
595 1
999 984
249 821
833 647
145 785
283 729
697 545
500 200
153 937
658 597
711 526
579 965
187 257
481 765
745 989
181 11
69 231
553 486
25 329
514 111
313 1
129 592
895 561
406 241
333 264
971 23
161 619
313 693
449 395
37 121
271 357
713 57
393 389
765 126
905 335
811 881
381 841
481 239
837 937
213 201
881 846
49 137
537 844
885 67
831 697
235 694
250 833
613 519
351 641
613 141
695 121
95 417
381 791
9 897
116 246
133 721
289 577
199 721
425 51
977 567
137 393
843 805
281 751
453 15
686 545
105 361
627 717
501 371
559 9
13 969
925 871
581 425
981 201
413 104
219 507
423 125
885 191
829 563
503 201
539 836
193 32
713 922
857 848
924 501
821 611
251 625
601 745
441 523
149 621
983 561
751 429
147 547
329 341
53 206
249 225
177 260
736 171
179 981
967 249
521 401
511 291
312 746
377 518
57 985
458 840
844 287
651 703
846 123
387 521
869 441
721 304
964 361
1 497
786 301
941 226
301 956
821 639
321 235
287 401
600 601
661 415
641 316
729 794
945 999
846 768
238 876
31 289
377 841
393 773
99 356
107 945
76 569
676 91
506 481
111 1
889 247
673 379
755 450
505 655
817 681
161 341
543 116
251 465
821 601
41 276
521 726
425 201
785 913
841 721
421 637
161 591
751 925
573 231
591 425
737 281
641 730
956 801
725 933
439 585
101 656
813 313
490 630
951 591
561 545
82 925
271 329
989 635
585 476
141 881
661 341
569 761
301 67
897 237
869 37
31 205
457 194
305 481
52 125
701 429
763 297
573 775
336 438
807 763
309 829
108 337
141 275
776 193
821 847
240 746
482 714
5 215
930 976
135 599
1 129
921 521
698 361
809 428
556 218
287 120
260 625
177 689
761 905
845 181
632 275
526 440
303 881
402 288
363 435
258 208
227 162
855 949
705 934
37 261
25 718
518 719
145 301
825 326
351 881
861 433
595 57
211 307
707 161
147 757
611 316
434 565
813 969
669 41
333 259
905 626
755 865
541 296
830 931
257 485
605 861
945 511
934 276
687 395
315 621
839 913
743 451
377 311
381 605
305 961
969 192
853 427
767 11
651 26
859 381
575 581
897 1
971 765
133 856
751 991
174 377
445 396
246 392
645 159
540 616
9 25
601 221
104 463
561 701
125 291
951 138
229 565
288 721
171 795
841 501
481 75
1 581
889 109
780 435
441 84
489 222
429 181
305 301
961 345
462 387
626 12
269 686
871 111
449 541
38 673
561 401
705 861
873 369
621 751
831 951
907 334
377 351
460 121
298 91
448 101
965 161
299 666
267 349
445 539
746 920
121 118
780 942
569 701
248 863
597 705
697 141
918 461
961 25
817 54
61 216
837 372
202 661
211 601
211 276
360 495
555 860
585 601
809 144
930 841
301 9
61 865
349 442
551 529
788 721
417 466
97 893
585 613
496 34
875 761
251 232
465 92
911 33
684 917
641 101
285 101
601 947
495 361
607 952
837 330
711 157
616 1
125 428
131 381
761 345
820 95
166 73
801 891
753 200
253 661
455 425
327 385
685 647
536 231
321 161
877 613
278 348
421 751
221 321
313 137
746 541
561 705
769 1
391 174
356 945
966 471
21 549
331 467
21 897
5 547
696 671
320 701
785 993
426 41
557 788
897 508
342 523
809 185
791 285
191 976
41 809
929 941
235 6
587 921
651 239
130 201
441 916
993 1
781 726
276 870
601 147
801 577
964 409
408 849
553 362
581 241
233 926
67 241
535 289
21 805
354 265
732 321
721 438
197 198
795 60
713 507
541 581
451 221
793 135
949 681
787 83
743 43
441 860
864 159
787 355
43 922
608 118
831 436
99 358
541 876
281 633
906 359
441 991
161 953
2 939
447 171
208 355
503 727
725 761
193 539
963 411
457 516
736 389
131 829
881 693
145 316
609 574
53 65
857 213
737 566
950 109
737 961
61 645
746 291
869 801
436 321
577 513
857 558
919 209
429 242
1 785
853 577
271 283
57 325
113 513
237 521
145 981
26 245
350 801
344 626
48 248
571 173
591 681
281 731
241 155
929 81
681 746
107 1
281 137
157 926
453 9
385 316
962 394
601 697
915 391
501 401
789 326
98 237
361 340
585 289
329 874
851 369
961 565
977 683
438 951
1 561
201 216
619 25
935 3
176 642
305 649
335 453
655 290
621 125
105 450
21 877
409 709
630 589
298 485
625 1
805 207
293 697
764 601
313 461
799 219
55 201
238 145
120 949
701 637
449 376
881 481
927 79
501 523
353 485
409 103
646 697
926 743
176 329
43 894
681 891
377 601
271 136
347 357
242 651
689 639
735 979
156 293
566 496
141 728
525 161
601 446
901 270
815 661
561 794
167 281
796 651
961 349
501 218
811 611
545 386
281 73
929 361
417 159
967 117
646 409
113 680
986 915
756 333
448 320
706 630
551 325
899 978
481 349
23 888
833 949
316 561
265 249
776 587
713 81
465 209
565 37
970 601
92 605
105 576
625 557
277 381
751 225
583 493
536 333
549 891
82 973
225 265
306 304
697 978
473 929
501 217
285 321
646 298
95 231
297 981
383 855
281 849
318 75
863 609
931 926
324 211
539 16
311 285
37 859
851 204
921 348
113 107
516 121
109 681
411 346
856 373
131 881
251 343
810 576
892 311
495 829
449 333
279 45
322 980
557 297
881 167
793 654
136 188
129 673
156 567
303 871
929 499
33 784
941 229
623 171
719 481
942 830
346 231
751 862
321 683
809 569
407 593
714 516
560 395
921 278
561 309
961 821
965 129
538 641
901 181
341 841
215 581
833 436
771 1000
229 844
745 387
670 223
969 439
741 456
581 851
787 337
101 349
352 949
158 601
861 541
36 549
996 460
615 532
1 361
577 561
609 658
653 57
271 736
989 901
816 264
312 893
941 316
601 945
545 910
496 183
169 931
845 289
641 959
953 108
1 686
591 567
184 829
601 633
105 181
28 631
201 340
341 831
953 649
691 359
909 249
301 221
771 224
338 761
207 415
339 376
671 801
480 99
534 609
737 677
415 713
25 974
821 515
207 185
49 409
815 9
646 685
347 325
441 448
669 361
235 830
107 761
97 271
256 234
865 575
401 966
517 455
711 872
551 594
393 181
201 369
621 653
609 633
251 65
473 761
793 466
541 327
381 295
751 616
381 301
879 311
78 610
207 965
861 167
737 683
229 401
558 595
361 169
133 314
296 865
526 437
243 769
365 486
741 745
72 952
775 511
204 938
611 871
