1000 999 2
1 2
2 3
3 4
4 5
5 6
6 7
7 8
8 9
9 10
10 11
11 12
12 13
13 14
14 15
15 16
16 17
17 18
18 19
19 20
20 21
21 22
22 23
23 24
24 25
25 26
26 27
27 28
28 29
29 30
30 31
31 32
32 33
33 34
34 35
35 36
36 37
37 38
38 39
39 40
40 41
41 42
42 43
43 44
44 45
45 46
46 47
47 48
48 49
49 50
50 51
51 52
52 53
53 54
54 55
55 56
56 57
57 58
58 59
59 60
60 61
61 62
62 63
63 64
64 65
65 66
66 67
67 68
68 69
69 70
70 71
71 72
72 73
73 74
74 75
75 76
76 77
77 78
78 79
79 80
80 81
81 82
82 83
83 84
84 85
85 86
86 87
87 88
88 89
89 90
90 91
91 92
92 93
93 94
94 95
95 96
96 97
97 98
98 99
99 100
100 101
101 102
102 103
103 104
104 105
105 106
106 107
107 108
108 109
109 110
110 111
111 112
112 113
113 114
114 115
115 116
116 117
117 118
118 119
119 120
120 121
121 122
122 123
123 124
124 125
125 126
126 127
127 128
128 129
129 130
130 131
131 132
132 133
133 134
134 135
135 136
136 137
137 138
133 139
138 140
140 141
141 142
139 143
143 144
144 145
142 146
145 147
146 148
148 149
149 150
147 151
151 152
150 153
152 154
153 155
154 156
155 157
157 158
156 159
158 160
159 161
160 162
162 163
161 164
164 165
165 166
163 167
166 168
168 169
169 170
167 171
170 172
172 173
171 174
173 175
174 176
176 177
175 178
177 179
178 180
179 181
180 182
181 183
182 184
183 185
185 186
184 187
187 188
186 189
189 190
188 191
190 192
192 193
191 194
193 195
195 196
194 197
197 198
198 199
196 200
200 201
199 202
201 203
203 204
204 205
202 206
205 207
206 208
207 209
209 210
208 211
210 212
211 213
213 214
214 215
212 216
216 217
217 218
215 219
219 220
220 221
221 222
218 223
223 224
224 225
222 226
225 227
226 228
227 229
229 230
228 231
231 232
232 233
230 234
233 235
235 236
236 237
237 238
234 239
238 240
239 241
240 242
241 243
242 244
243 245
245 246
244 247
247 248
246 249
248 250
249 251
251 252
252 253
253 254
250 255
255 256
256 257
254 258
258 259
257 260
259 261
260 262
261 263
262 264
263 265
264 266
265 267
266 268
267 269
268 270
269 271
270 272
271 273
272 274
273 275
274 276
276 277
275 278
278 279
277 280
280 281
281 282
279 283
282 284
283 285
284 286
285 287
286 288
287 289
289 290
288 291
290 292
291 293
292 294
293 295
295 296
296 297
297 298
294 299
299 300
298 301
301 302
302 303
300 304
303 305
305 306
304 307
307 308
308 309
306 310
309 311
311 312
310 313
312 314
313 315
315 316
316 317
314 318
317 319
318 320
319 321
320 322
321 323
322 324
324 325
325 326
326 327
323 328
328 329
327 330
329 331
331 332
332 333
121 334
333 335
334 336
335 337
337 338
336 339
40 340
339 341
340 342
338 343
330 344
342 345
343 346
341 347
347 348
344 349
64 350
349 351
350 352
345 353
346 354
351 355
355 356
356 357
353 358
358 359
352 360
197 361
354 362
361 363
362 364
357 365
365 366
363 367
348 368
366 369
368 370
367 371
359 372
371 373
372 374
369 375
370 376
375 377
364 378
373 379
378 380
377 381
376 382
381 383
379 384
380 385
360 386
385 387
382 388
387 389
383 390
374 391
386 392
392 393
384 394
393 395
389 396
388 397
390 398
397 399
391 400
399 401
395 402
400 403
402 404
401 405
265 406
394 407
404 408
403 409
398 410
406 411
409 412
407 413
411 414
405 415
408 416
412 417
410 418
256 419
396 420
418 421
414 422
417 423
415 424
423 425
421 426
413 427
426 428
428 429
425 430
427 431
416 432
429 433
424 434
422 435
432 436
434 437
419 438
433 439
435 440
437 441
439 442
438 443
420 444
443 445
445 446
441 447
440 448
444 449
436 450
431 451
451 452
442 453
449 454
447 455
430 456
448 457
453 458
457 459
455 460
459 461
460 462
456 463
461 464
454 465
446 466
463 467
465 468
468 469
462 470
467 471
458 472
466 473
472 474
474 475
464 476
473 477
470 478
478 479
471 480
469 481
450 482
481 483
482 484
480 485
483 486
477 487
479 488
81 489
485 490
475 491
488 492
489 493
484 494
493 495
452 496
491 497
486 498
490 499
494 500
476 501
501 502
496 503
487 504
500 505
503 506
495 507
499 508
504 509
502 510
497 511
505 512
498 513
509 514
507 515
508 516
511 517
516 518
513 519
515 520
517 521
521 522
520 523
519 524
523 525
524 526
525 527
527 528
526 529
522 530
529 531
506 532
514 533
528 534
531 535
530 536
534 537
532 538
535 539
518 540
540 541
492 542
537 543
536 544
541 545
543 546
533 547
538 548
545 549
512 550
539 551
546 552
547 553
510 554
549 555
553 556
551 557
556 558
542 559
557 560
555 561
559 562
561 563
554 564
548 565
550 566
563 567
562 568
565 569
568 570
552 571
566 572
570 573
564 574
572 575
544 576
571 577
560 578
567 579
578 580
569 581
573 582
579 583
574 584
582 585
583 586
585 587
576 588
575 589
587 590
581 591
584 592
592 593
580 594
558 595
593 596
589 597
597 598
594 599
590 600
577 601
601 602
591 603
603 604
599 605
600 606
595 607
607 608
605 609
606 610
596 611
609 612
586 613
602 614
613 615
614 616
612 617
604 618
617 619
615 620
619 621
616 622
611 623
622 624
624 625
623 626
621 627
588 628
608 629
627 630
628 631
620 632
629 633
632 634
631 635
625 636
635 637
626 638
637 639
634 640
636 641
633 642
610 643
643 644
618 645
639 646
642 647
646 648
641 649
649 650
645 651
651 652
647 653
630 654
650 655
654 656
640 657
656 658
653 659
657 660
659 661
598 662
655 663
638 664
658 665
665 666
661 667
660 668
648 669
669 670
663 671
670 672
667 673
652 674
673 675
664 676
671 677
662 678
676 679
679 680
674 681
678 682
681 683
682 684
666 685
677 686
685 687
687 688
683 689
668 690
675 691
686 692
689 693
688 694
693 695
692 696
680 697
696 698
695 699
699 700
691 701
672 702
690 703
694 704
698 705
703 706
697 707
701 708
706 709
702 710
707 711
705 712
644 713
704 714
711 715
708 716
713 717
700 718
709 719
718 720
361 721
716 722
715 723
720 724
719 725
724 726
717 727
722 728
684 729
714 730
721 731
727 732
725 733
726 734
731 735
729 736
710 737
735 738
712 739
738 740
723 741
730 742
737 743
732 744
741 745
739 746
742 747
740 748
734 749
746 750
743 751
145 752
748 753
747 754
745 755
753 756
751 757
752 758
733 759
757 760
446 761
736 762
761 763
759 764
749 765
744 766
755 767
728 768
69 769
756 770
765 771
760 772
767 773
763 774
773 775
758 776
762 777
774 778
771 779
768 780
777 781
754 782
779 783
781 784
769 785
782 786
770 787
786 788
783 789
750 790
789 791
776 792
788 793
792 794
787 795
793 796
729 797
796 798
775 799
797 800
780 801
764 802
772 803
778 804
790 805
798 806
805 807
766 808
785 809
801 810
810 811
799 812
809 813
811 814
802 815
800 816
784 817
813 818
807 819
819 820
795 821
814 822
601 823
806 824
803 825
791 826
817 827
822 828
808 829
794 830
829 831
827 832
828 833
820 834
831 835
833 836
818 837
837 838
835 839
830 840
826 841
823 842
841 843
843 844
815 845
821 846
825 847
824 848
839 849
849 850
847 851
832 852
842 853
840 854
848 855
816 856
844 857
845 858
838 859
855 860
857 861
850 862
861 863
858 864
856 865
859 866
804 867
846 868
868 869
854 870
866 871
852 872
864 873
851 874
863 875
872 876
862 877
874 878
875 879
865 880
853 881
812 882
869 883
879 884
867 885
885 886
873 887
887 888
871 889
881 890
888 891
870 892
878 893
883 894
894 895
882 896
891 897
895 898
890 899
898 900
836 901
901 902
897 903
884 904
899 905
902 906
889 907
903 908
907 909
893 910
909 911
911 912
905 913
860 914
914 915
877 916
913 917
912 918
876 919
900 920
880 921
908 922
906 923
834 924
924 925
409 926
919 927
922 928
915 929
886 930
896 931
910 932
931 933
916 934
925 935
921 936
928 937
933 938
927 939
892 940
917 941
937 942
938 943
923 944
929 945
945 946
943 947
932 948
944 949
942 950
947 951
926 952
949 953
920 954
946 955
918 956
952 957
951 958
935 959
948 960
953 961
960 962
958 963
936 964
961 965
904 966
964 967
967 968
968 969
955 970
957 971
966 972
934 973
956 974
971 975
970 976
950 977
941 978
973 979
954 980
972 981
962 982
965 983
974 984
940 985
976 986
969 987
984 988
983 989
975 990
981 991
939 992
986 993
985 994
987 995
989 996
991 997
959 998
977 999
988 1000
317
