500 1000 2 201 1
72 138 
12 228 
157 387 19 25
297 431 19 19
363 206 10 12
364 381 3 24
387 181 16 6
42 68 19 26
101 72 1 20
204 254 1 0
364 401 27 8
45 252 1 0
78 186 19 12
65 341 16 27
161 21 13 0
241 403 23 2
33 75 19 9
218 423 19 8
126 251 1 23
9 48 29 0
114 45 16 25
254 297 3 13
374 131 13 29
446 103 5 3
212 481 19 0
11 14 19 26
345 363 27 15
421 279 22 24
65 329 30 20
37 69 10 15
79 430 1 3
319 493 1 22
171 201 1 16
378 424 17 28
82 98 21 20
452 6 13 20
462 235 29 20
11 73 1 24
89 242 10 11
185 487 7 10
236 248 19 14
300 394 21 16
251 495 19 2
101 135 11 2
157 6 22 0
159 67 1 24
351 209 13 8
261 207 13 18
76 103 3 12
278 214 1 0
163 183 11 0
4 164 25 0
213 229 21 26
391 392 25 14
278 379 13 9
183 281 15 12
31 275 19 20
33 69 6 27
36 116 26 24
392 459 1 0
226 394 1 15
397 1 7 1
295 289 16 0
1 77 6 25
357 301 9 8
196 411 11 0
239 129 23 12
90 317 1 2
92 126 27 8
246 478 13 22
4 6 7 0
188 406 1 4
139 101 21 6
489 183 1 0
41 337 11 1
461 181 1 15
477 125 19 2
201 353 21 15
341 95 3 6
397 253 21 8
161 437 1 0
337 382 25 6
135 232 1 18
259 268 28 11
353 257 16 6
56 93 23 9
193 195 4 10
357 465 15 20
23 177 5 20
13 185 22 7
81 97 19 29
143 385 21 8
35 44 11 5
28 100 13 18
391 475 18 19
276 251 23 3
247 273 12 24
295 69 16 18
5 32 1 18
195 109 30 20
261 262 25 8
2 24 16 5
1 92 28 18
93 94 1 1
497 481 12 14
325 374 3 10
25 333 25 15
37 196 11 17
439 484 25 18
121 417 11 18
88 178 25 12
461 45 23 15
153 217 3 25
31 95 1 24
48 182 7 3
44 341 1 0
165 25 15 20
11 18 1 27
5 137 15 18
235 297 21 4
276 245 13 18
10 34 5 6
105 202 26 0
78 434 20 24
205 412 25 0
257 386 7 10
63 266 1 6
465 185 1 22
256 313 13 24
85 262 9 0
415 454 17 2
427 297 21 14
161 277 13 18
64 161 12 12
145 365 17 19
5 356 8 3
41 83 25 10
90 128 29 2
13 133 26 12
65 175 7 8
257 275 1 12
49 355 15 12
407 363 19 18
67 301 23 4
55 280 21 20
217 270 26 18
369 377 13 16
57 107 14 18
41 175 10 21
478 128 1 0
27 65 11 22
108 141 29 20
56 142 2 18
57 463 13 22
68 303 1 12
449 21 28 28
62 102 25 18
330 456 7 6
9 46 19 12
313 108 25 18
1 104 25 21
331 191 10 5
151 235 18 26
354 384 21 12
170 194 17 16
75 126 5 25
491 175 13 12
404 16 21 20
1 335 26 26
485 497 15 4
168 330 22 6
465 81 17 18
113 299 19 25
126 222 1 15
287 39 25 10
241 26 29 19
200 272 5 6
23 246 26 19
485 157 13 20
135 219 21 12
36 366 19 20
10 42 1 20
477 281 21 18
346 494 19 14
27 460 11 6
199 398 25 15
297 7 3 20
489 77 19 8
3 10 1 14
218 363 19 21
131 483 7 21
458 444 4 4
405 211 19 10
49 56 25 0
392 29 1 12
6 364 11 20
100 132 7 18
84 234 11 16
181 170 15 20
471 161 19 28
127 189 1 0
145 313 11 24
61 5 29 15
37 55 7 15
104 96 4 25
166 294 1 12
52 90 20 0
113 294 1 6
253 413 19 12
20 151 11 24
192 220 1 5
280 437 21 26
221 91 10 23
355 321 21 9
2 7 13 3
293 251 25 18
91 169 1 0
43 94 25 17
25 244 16 24
401 177 13 6
126 117 21 10
226 327 3 0
104 108 5 18
85 421 26 24
6 12 23 0
9 23 21 10
378 329 27 18
371 288 25 25
31 410 7 20
341 397 10 0
120 162 9 28
48 374 25 29
316 141 7 5
110 181 13 9
5 265 29 9
447 185 1 20
45 84 7 17
169 170 19 20
154 339 1 24
157 208 28 10
331 105 1 8
99 207 3 18
92 311 16 0
191 81 26 19
299 73 13 12
10 111 1 21
421 322 29 0
235 354 26 10
386 197 16 12
10 54 27 10
363 468 27 0
13 381 22 15
171 421 12 21
4 25 30 16
91 93 1 8
277 318 17 28
35 371 4 0
301 334 22 21
117 159 18 15
376 197 25 0
11 17 21 27
17 21 11 5
17 257 19 24
188 243 1 0
204 319 1 20
302 332 1 0
145 103 19 12
253 351 11 9
121 499 21 20
381 421 1 10
181 343 7 28
122 428 7 22
353 401 5 12
28 60 13 20
377 477 27 18
163 457 1 20
481 116 21 20
194 440 28 6
59 78 19 28
201 461 16 24
230 41 19 0
89 52 1 8
159 260 11 2
159 127 16 18
269 497 3 9
11 191 16 4
393 124 2 0
471 251 6 0
106 226 1 22
17 233 25 12
231 369 6 3
457 47 23 25
55 245 1 18
37 115 1 18
27 50 21 24
185 209 10 26
56 221 28 1
101 266 11 3
138 225 1 12
476 221 11 17
467 349 3 0
161 117 21 12
57 368 10 5
385 418 6 12
49 174 28 2
220 326 21 24
185 71 8 6
27 38 25 24
85 106 13 20
71 87 7 21
296 189 13 16
75 175 15 0
49 76 1 15
335 32 7 21
239 396 1 20
156 475 19 3
351 477 16 0
225 310 13 0
131 263 19 10
463 481 1 16
471 257 17 10
85 105 22 13
33 265 25 16
223 471 24 0
331 329 13 20
329 448 29 2
58 404 18 8
1 336 26 24
265 81 13 10
17 285 11 0
271 427 21 3
187 463 5 0
495 155 1 24
108 188 23 4
145 236 16 16
1 277 15 28
285 5 1 15
471 331 7 0
283 359 11 16
13 482 1 4
165 449 21 15
259 177 1 10
7 19 7 14
497 99 1 0
147 77 11 24
95 139 27 15
83 251 17 0
196 236 19 0
40 51 13 10
144 154 1 25
89 293 7 27
59 72 1 1
30 88 27 2
49 481 16 10
8 29 21 28
136 347 22 20
111 101 1 1
142 211 21 0
223 451 11 13
224 227 1 12
99 398 22 15
264 366 9 21
351 169 28 25
81 328 23 22
15 288 18 20
11 21 16 24
90 141 21 20
81 345 21 22
45 420 27 4
220 149 21 22
3 17 6 3
370 381 9 18
329 461 9 24
17 121 7 12
83 101 4 0
131 223 13 21
3 49 21 14
391 496 17 12
5 15 25 12
298 393 2 27
28 66 25 2
261 243 17 0
13 22 13 0
499 439 11 21
116 131 11 0
243 81 3 28
58 99 8 12
271 437 1 0
238 422 7 20
197 71 16 21
167 375 19 9
43 117 5 24
44 362 25 2
293 51 23 12
129 181 23 20
137 185 15 9
460 13 6 1
303 113 1 21
252 344 7 2
78 216 16 0
266 201 3 20
463 391 27 20
479 156 3 0
71 81 26 19
411 147 11 21
114 190 29 18
361 481 5 22
481 80 22 24
236 330 21 10
117 401 19 12
76 245 26 10
127 307 20 4
301 321 16 4
9 458 15 4
307 429 15 0
14 57 16 15
92 143 10 3
445 473 17 20
94 472 16 28
245 391 19 24
65 38 3 18
215 76 7 12
87 201 22 6
1 35 14 4
17 117 9 15
315 283 15 15
421 11 2 2
6 86 25 6
433 457 22 6
365 217 10 18
277 296 12 22
151 228 25 24
427 111 13 1
439 66 3 3
343 415 22 6
284 473 1 18
12 144 16 24
28 306 7 6
47 64 4 18
70 80 27 25
105 97 1 8
171 137 10 25
265 312 6 0
198 196 25 0
257 447 21 16
381 193 9 24
376 3 25 15
164 320 11 0
82 304 12 21
9 437 11 18
407 160 13 6
347 216 23 25
209 317 1 0
125 230 21 24
268 193 17 15
7 47 21 10
61 369 25 14
174 268 27 5
318 405 1 8
383 393 23 20
89 462 19 0
63 134 17 0
132 234 1 8
169 221 15 6
63 211 28 20
221 291 16 20
29 89 26 6
33 155 15 18
176 309 21 10
3 4 6 24
313 337 15 4
480 461 7 0
317 357 29 6
330 221 16 9
19 63 16 24
405 446 9 20
301 391 26 0
64 73 11 9
163 181 22 25
90 136 15 8
197 253 13 14
223 494 1 0
41 483 7 22
100 442 29 13
178 213 1 6
11 16 10 10
103 456 27 10
3 11 28 6
241 175 20 0
473 427 1 7
439 1 7 2
3 67 13 20
7 13 19 0
345 349 25 12
51 153 1 3
457 273 13 18
25 153 24 27
374 251 12 5
57 476 6 16
450 273 22 3
458 113 10 10
293 315 13 22
482 483 1 3
208 21 1 24
2 8 1 18
391 479 1 28
217 5 17 14
41 146 1 28
264 21 19 12
398 414 13 14
393 447 1 0
378 407 25 9
38 328 13 27
66 159 16 17
465 495 6 0
153 445 1 12
201 41 1 24
382 472 2 6
241 41 1 6
283 96 19 0
251 455 9 6
113 337 15 15
478 366 17 0
65 367 21 10
271 111 25 6
115 203 11 18
81 271 1 7
203 68 1 12
408 4 17 10
82 45 19 0
371 181 20 18
35 147 15 7
456 379 16 23
25 79 19 25
96 224 28 10
214 220 7 18
13 180 16 10
37 185 13 2
58 156 27 12
301 421 3 9
224 307 23 4
79 451 9 24
449 363 15 24
261 191 11 8
186 295 7 26
225 246 1 0
205 471 16 21
477 233 27 24
352 175 20 20
46 349 19 24
58 286 13 0
61 445 13 27
43 167 16 12
201 225 1 27
433 103 23 17
149 152 1 6
357 331 27 24
431 236 21 9
73 157 11 6
221 424 21 18
201 1 3 6
6 158 5 24
9 337 24 15
15 39 19 11
385 343 10 0
21 179 29 14
119 395 14 0
414 393 22 0
49 265 3 8
85 93 1 27
240 468 21 6
231 279 17 26
457 349 1 15
21 471 1 15
25 283 17 25
4 499 25 12
3 120 19 0
105 273 11 19
292 391 5 18
1 59 20 3
9 488 16 8
13 163 15 12
129 250 23 0
171 187 7 15
139 171 23 8
9 441 21 9
1 149 28 6
5 26 19 2
21 61 9 18
298 432 16 9
90 110 9 6
43 53 1 18
443 485 17 20
476 439 19 14
366 269 19 23
273 437 1 10
19 348 26 3
39 130 5 23
47 325 25 0
417 435 25 27
150 240 21 25
95 286 19 17
105 98 5 15
139 237 13 9
401 7 11 5
393 131 7 24
372 305 1 12
179 351 19 10
53 244 21 25
385 177 3 18
103 461 1 0
447 321 7 8
169 29 25 18
395 193 28 9
7 28 11 20
165 490 1 24
333 38 7 12
208 116 9 15
64 292 1 16
65 290 29 0
229 179 13 2
280 474 2 18
75 73 9 24
185 269 1 12
371 381 1 12
199 311 1 10
432 91 16 18
4 255 9 0
316 219 4 8
1 101 25 6
426 201 11 20
34 40 7 10
376 369 28 15
41 13 8 20
495 200 11 0
419 176 13 28
257 444 15 28
119 258 23 10
49 305 3 0
198 402 1 2
67 302 19 12
490 498 17 10
211 433 22 24
175 191 1 3
135 301 1 23
269 161 15 12
163 391 28 26
128 461 25 0
303 221 13 3
301 31 1 13
138 221 7 15
435 63 3 21
177 56 21 2
83 124 4 6
46 389 14 0
157 209 1 6
427 480 4 29
181 487 7 2
183 256 7 12
189 215 20 4
41 137 26 0
15 490 8 20
165 335 27 13
1 3 1 15
9 210 13 18
45 358 26 22
390 47 19 21
291 327 21 9
157 464 21 18
301 459 5 20
36 125 25 2
461 417 1 15
1 361 16 20
481 96 3 18
172 367 21 10
197 281 19 6
40 460 10 24
52 85 13 0
15 141 11 9
315 341 11 15
295 486 8 0
54 58 25 7
421 211 13 15
449 97 11 3
425 126 19 18
435 89 26 21
281 209 1 21
274 331 21 0
169 408 13 21
495 141 7 21
460 341 16 0
79 176 11 12
137 321 1 2
315 333 25 0
28 70 25 21
5 41 16 9
75 109 13 6
18 399 11 5
241 16 26 8
96 108 19 0
175 436 16 2
14 20 24 26
407 441 15 0
351 453 22 0
369 416 1 8
451 240 11 18
52 283 9 3
466 181 25 10
169 204 6 28
1 156 15 22
216 215 3 29
295 9 18 16
22 173 1 15
262 380 4 7
22 206 11 22
201 181 9 18
329 417 20 18
156 405 13 18
405 366 1 15
216 381 5 20
25 61 22 15
43 52 29 6
49 165 25 10
91 193 25 10
104 198 20 4
391 403 13 27
8 36 24 22
67 426 11 0
48 192 1 25
169 225 25 15
165 470 19 2
117 247 23 24
126 238 1 0
261 459 6 10
161 263 19 18
140 391 1 20
469 421 10 20
495 126 18 0
485 407 3 18
6 166 7 10
64 316 21 15
385 433 11 4
126 55 16 6
49 214 9 28
14 74 22 24
163 256 11 3
316 350 1 16
196 340 27 22
151 448 13 15
70 112 25 9
4 9 4 26
13 231 16 24
333 301 17 20
142 300 23 14
133 187 19 18
38 363 6 0
213 325 19 12
476 301 5 11
361 121 23 0
117 25 17 15
346 451 1 11
178 352 26 4
9 45 23 10
176 218 23 24
77 381 2 20
169 409 13 16
73 291 1 20
157 241 28 7
428 329 10 20
309 390 19 5
228 301 21 6
77 221 17 10
441 44 25 0
61 335 12 25
409 309 21 19
363 237 9 20
265 306 25 15
235 254 10 29
476 355 7 15
481 26 1 15
343 196 25 10
305 106 17 20
138 289 10 0
11 123 21 15
21 377 13 28
165 334 30 20
443 131 21 3
187 360 21 10
63 228 1 10
56 314 17 10
89 425 11 12
147 148 28 4
184 212 13 0
175 466 1 0
195 342 26 0
290 156 25 6
481 159 7 20
19 261 1 0
99 467 19 5
181 439 7 25
46 112 13 10
63 113 16 15
251 137 19 10
201 324 17 0
463 308 13 0
235 439 1 18
181 227 19 4
10 274 8 20
211 276 1 7
89 441 9 15
41 481 29 21
133 211 21 24
202 381 1 20
50 160 7 24
100 71 21 9
150 298 11 0
196 385 13 2
13 361 16 24
79 133 5 12
164 68 6 9
113 129 9 18
50 168 22 27
225 231 25 20
125 373 1 16
217 448 1 24
489 373 11 7
61 125 17 0
199 324 3 0
23 31 21 3
280 443 9 12
363 107 21 0
289 241 1 20
40 167 11 0
201 413 1 3
39 172 6 4
79 284 14 22
15 379 19 10
369 485 23 18
371 453 7 18
121 127 28 2
41 403 1 19
42 121 20 17
455 500 4 8
393 339 11 3
281 295 1 4
65 482 2 24
171 450 13 10
273 345 8 4
497 119 15 0
251 173 13 14
5 143 1 12
293 77 11 15
326 183 17 8
91 419 16 24
16 341 13 27
406 495 11 28
385 485 7 15
253 389 21 15
25 64 25 0
181 205 13 16
7 174 22 18
5 118 1 15
19 30 19 22
183 199 25 28
237 281 23 26
186 49 1 8
389 237 16 18
355 500 5 22
279 477 1 22
45 452 10 0
497 344 6 8
91 148 11 0
266 256 14 3
65 197 23 11
201 251 19 18
215 305 7 15
281 37 7 2
457 458 3 6
389 469 28 18
29 33 14 24
139 387 13 2
104 114 7 10
39 82 13 0
327 457 1 0
74 489 11 10
136 338 1 6
124 315 9 20
145 187 23 18
57 239 27 0
450 236 27 20
19 37 14 0
429 431 9 24
1 5 30 6
111 330 1 9
111 217 21 9
379 14 14 1
50 96 7 25
275 437 30 0
81 21 1 0
1 2 1 16
71 383 1 18
349 452 5 16
25 142 1 0
56 416 2 0
241 344 3 15
232 400 1 19
22 151 5 0
251 496 25 18
349 396 9 15
305 62 4 24
191 114 25 15
155 311 21 0
24 119 13 27
270 310 12 18
335 471 19 8
107 138 21 12
145 191 13 0
74 21 14 8
141 293 13 16
425 242 25 15
443 361 26 24
137 11 7 16
10 322 15 24
95 150 21 0
341 376 10 13
321 255 5 0
481 131 13 27
118 151 10 0
326 35 27 6
417 101 15 26
433 210 11 4
205 365 7 22
13 27 9 4
381 341 23 24
63 378 19 14
360 176 1 6
180 308 28 15
332 65 1 21
193 264 9 24
11 122 17 0
486 293 6 15
83 201 3 24
323 26 19 22
363 438 25 18
346 370 11 6
90 140 13 21
263 447 21 21
20 71 11 11
317 353 28 24
330 313 7 3
91 496 1 0
31 43 11 14
337 352 19 24
106 70 7 9
361 149 7 18
301 21 11 12
74 43 1 18
335 365 1 26
123 273 22 6
164 207 11 20
51 251 13 23
136 469 28 24
205 249 4 0
351 157 19 16
465 301 15 29
85 269 7 6
178 287 4 0
401 444 19 24
48 492 7 10
107 145 29 15
461 428 25 14
268 346 4 15
183 259 7 20
469 65 11 15
410 249 15 16
276 441 1 15
197 267 13 20
61 200 23 0
181 431 3 18
26 282 19 0
201 123 27 8
161 323 21 20
275 465 11 6
56 278 11 21
289 387 11 6
465 14 25 15
205 388 19 10
405 12 23 28
200 343 25 24
27 84 13 18
227 481 7 18
441 491 4 10
43 201 20 6
45 388 12 10
73 372 4 3
170 184 19 16
440 51 25 24
19 62 25 14
96 171 7 27
482 91 10 0
13 91 13 15
201 239 22 27
