400 600 5 338 2
13 67 89 97 145 
26 183 277 349 381 
79 284 1 43
1 361 61 132
169 225 49 105
30 141 127 6
71 201 127 58
104 108 107 120
330 113 27 120
28 100 58 60
82 98 5 59
120 162 88 56
90 136 145 46
19 348 31 100
354 384 131 12
41 13 29 132
81 37 105 0
92 126 82 15
138 353 141 24
135 232 94 90
67 301 90 68
223 373 84 66
285 207 59 135
314 46 91 143
345 3 61 9
64 292 66 8
95 150 1 18
226 127 25 117
49 165 22 120
85 105 133 40
311 31 41 96
81 97 148 84
103 261 131 120
192 220 64 98
369 353 87 105
151 235 11 115
200 272 1 51
337 285 148 75
263 311 97 27
5 118 101 2
41 83 101 148
197 267 7 102
107 145 86 80
336 201 79 38
71 257 11 6
83 124 136 138
357 47 67 60
47 85 91 65
1 121 88 34
65 197 7 54
41 103 121 21
225 110 137 34
39 82 43 122
43 167 40 103
59 78 115 100
64 161 34 127
58 99 91 94
181 121 73 72
166 94 35 98
200 343 117 78
145 187 105 120
47 64 123 30
170 194 21 126
215 141 73 12
274 331 21 33
170 184 115 50
12 144 31 48
90 341 46 120
78 186 34 86
21 313 101 55
361 243 19 30
41 244 139 104
116 131 121 80
35 371 43 88
268 346 1 125
38 328 56 60
11 18 133 90
9 23 75 125
9 48 41 37
46 349 31 90
241 337 51 75
371 275 95 64
56 93 5 90
11 16 13 138
8 36 36 93
13 22 81 132
115 203 1 105
43 53 91 14
43 94 87 36
23 31 51 81
11 14 109 78
89 293 133 108
52 85 52 46
385 193 101 50
113 294 97 82
37 185 93 30
61 125 147 51
71 383 45 89
64 221 84 36
1 5 73 131
235 354 140 30
25 61 53 25
291 14 37 0
90 128 47 39
10 34 77 102
73 372 11 55
57 239 107 148
19 261 1 44
345 188 111 132
154 339 40 105
31 95 61 136
15 379 141 111
9 210 79 80
273 345 29 78
389 269 103 104
36 116 139 111
281 209 1 126
156 126 27 20
129 250 97 48
7 28 37 18
63 378 3 90
63 134 85 118
50 353 127 134
31 43 139 47
1 104 91 38
273 291 61 64
139 237 137 60
335 54 145 119
145 36 83 90
108 141 139 49
81 145 100 30
383 103 90 34
52 90 121 78
161 359 31 110
101 177 19 144
347 316 76 118
50 96 10 96
229 351 95 137
88 178 91 3
36 366 109 68
45 84 97 0
169 170 81 113
1 59 39 91
292 286 82 72
65 341 93 142
135 219 53 30
158 63 16 30
205 388 133 119
56 314 16 18
164 320 109 28
75 109 91 28
8 29 43 78
126 251 61 22
137 321 103 83
255 121 131 144
31 275 61 121
231 76 115 18
252 106 21 28
4 6 65 138
291 327 1 2
37 55 127 50
1 45 4 47
103 3 149 135
27 50 103 84
233 257 107 98
89 242 37 40
3 17 59 2
195 355 63 62
4 164 52 3
195 26 80 90
276 156 40 0
57 306 27 30
349 396 28 126
57 247 8 13
221 291 46 78
204 254 118 10
52 275 43 120
78 216 31 117
5 32 106 98
13 27 36 112
105 273 1 113
65 329 101 0
113 129 45 96
4 9 73 59
196 236 22 30
63 113 52 43
150 298 139 0
187 360 59 40
369 377 121 146
176 197 119 126
39 172 103 59
220 326 9 111
50 168 31 105
169 204 7 60
153 217 13 22
76 321 73 39
1 149 121 120
337 382 120 147
184 212 31 52
178 213 139 149
19 37 79 140
76 103 48 38
17 233 15 115
50 160 49 10
33 75 103 140
90 110 31 34
57 368 7 30
210 49 140 18
309 390 94 120
25 79 93 9
48 374 127 90
105 361 133 32
390 356 146 44
6 158 75 20
81 271 31 9
196 340 109 50
177 321 131 90
277 318 7 15
229 288 72 33
167 375 30 120
144 154 55 135
81 227 121 100
13 163 91 0
317 353 25 60
76 245 41 72
9 337 113 44
3 4 137 118
117 89 101 120
85 262 19 93
329 348 1 114
17 105 59 0
138 289 64 123
159 260 63 0
60 376 53 64
108 188 102 102
126 1 100 114
232 400 67 30
108 216 20 6
28 70 127 60
27 65 46 138
188 243 31 12
183 199 96 30
183 351 16 135
262 380 1 102
97 281 1 5
1 36 31 102
153 301 61 142
43 117 7 54
62 102 18 0
136 347 145 141
11 21 77 145
347 281 9 119
286 97 75 40
235 365 147 8
317 357 114 134
376 55 106 66
391 392 145 6
392 129 107 135
43 52 1 10
277 296 13 102
26 282 1 126
265 306 71 25
339 29 109 110
57 107 101 135
1 277 67 99
6 166 5 72
276 341 47 24
221 17 91 130
29 81 121 90
231 369 85 101
257 386 82 0
63 266 13 0
356 379 133 55
149 352 131 81
364 381 1 39
25 142 98 0
99 207 90 6
302 332 128 129
157 241 35 75
231 279 149 0
107 138 109 142
33 97 87 62
157 363 7 2
344 41 19 145
17 217 130 67
369 221 129 122
83 301 55 77
293 315 48 6
70 80 73 126
181 205 103 38
2 7 1 130
104 196 67 96
191 196 131 141
66 101 88 146
13 180 20 132
17 285 45 30
17 257 85 18
45 252 79 26
181 139 15 136
145 365 118 72
109 30 37 78
89 137 124 135
55 280 11 66
58 286 77 120
145 313 88 86
147 321 55 120
365 335 5 72
121 127 46 12
365 382 29 120
345 349 80 18
49 174 107 116
1 335 135 36
321 69 65 45
63 368 77 0
292 391 114 110
1 77 114 20
66 159 46 10
251 9 149 90
71 87 60 24
30 88 49 60
17 121 130 42
22 173 1 120
193 347 51 148
196 385 89 114
1 323 79 72
90 317 103 50
5 137 136 47
29 33 7 96
18 399 1 58
136 254 115 144
97 99 55 2
28 60 17 6
82 191 4 112
189 183 37 0
19 63 58 144
298 393 137 45
10 42 22 36
79 176 76 76
14 57 46 10
39 130 146 30
285 187 76 18
11 123 86 110
3 10 1 96
343 285 121 82
49 355 4 50
186 295 99 78
6 364 97 15
105 391 34 134
65 290 51 73
224 227 77 112
20 71 29 30
37 196 67 84
270 310 49 19
135 363 145 30
277 33 106 0
64 316 149 55
193 195 25 102
193 264 1 114
113 369 67 88
49 76 111 18
19 62 83 6
85 106 42 120
56 221 130 50
113 299 136 86
211 191 61 52
48 192 49 80
41 146 131 50
395 109 27 114
67 302 23 140
13 91 66 101
377 181 97 114
307 174 105 85
49 265 101 108
176 218 85 117
201 345 115 24
172 367 61 30
157 209 69 40
58 156 93 84
91 148 125 107
15 288 101 145
197 107 25 125
20 151 79 24
341 376 81 0
332 391 67 30
149 152 101 144
126 238 51 54
189 188 107 82
236 30 79 0
34 40 113 42
126 222 21 72
251 369 7 90
37 115 31 82
40 51 3 138
1 3 121 28
49 214 1 84
5 41 139 104
157 208 115 12
13 133 7 140
150 136 51 34
2 24 68 58
91 169 81 112
139 387 84 122
265 312 76 48
189 215 133 67
119 395 22 54
281 21 39 36
217 270 143 143
83 101 17 10
59 72 100 90
165 285 24 121
42 68 109 130
61 200 18 141
283 359 13 21
27 57 7 6
7 13 48 74
10 274 41 36
95 139 5 106
7 60 31 115
211 276 89 135
91 193 19 108
157 218 139 36
336 225 25 46
311 201 46 71
7 47 49 120
9 237 85 126
369 206 61 64
100 132 36 46
163 256 16 38
199 311 1 111
363 381 83 72
46 112 65 120
241 81 73 50
363 237 136 44
193 31 129 102
224 307 51 116
174 268 71 50
361 345 37 85
35 147 61 76
65 175 51 0
3 49 141 100
376 151 37 60
3 353 43 100
114 190 131 24
315 333 59 112
104 198 1 75
49 56 85 122
1 2 1 72
25 244 51 96
185 269 19 45
351 373 72 30
346 370 88 61
71 81 51 77
9 46 19 145
106 226 79 19
179 351 70 42
150 240 3 24
9 45 136 6
6 12 19 56
265 14 1 110
27 38 31 90
25 33 147 38
3 11 1 0
129 379 19 12
250 373 76 87
176 309 13 0
68 303 83 2
29 89 19 9
14 74 49 68
217 101 31 53
45 358 59 120
285 371 136 145
316 350 3 133
145 191 133 89
226 94 95 63
35 44 19 0
197 253 139 116
142 300 87 45
322 253 52 84
199 324 150 20
300 394 70 105
92 143 31 63
96 224 61 82
313 337 61 16
338 81 77 88
341 397 81 140
18 51 133 50
23 177 29 80
6 86 61 24
165 85 40 41
10 111 37 70
56 278 139 104
99 398 21 106
84 234 139 92
5 356 131 2
23 373 52 90
168 330 1 54
47 240 73 128
136 338 43 18
57 287 33 12
323 37 1 90
176 301 11 0
3 67 85 120
253 389 81 116
193 251 145 44
205 301 103 39
22 206 105 12
245 373 19 140
281 241 36 87
151 228 26 24
105 202 61 90
301 334 91 15
204 319 67 121
161 181 106 120
48 182 126 55
297 81 9 38
54 58 11 120
24 119 23 102
90 140 121 62
274 43 147 8
44 362 43 22
33 69 97 90
101 135 1 4
5 97 141 36
2 8 61 60
381 325 101 61
4 255 91 75
5 15 109 32
14 20 141 105
28 66 33 96
119 258 141 98
260 241 1 120
254 297 25 6
65 181 1 78
139 171 28 71
113 161 46 96
117 247 113 129
38 363 64 130
131 223 75 140
155 112 65 20
105 143 112 7
177 317 109 29
285 121 111 8
326 55 101 95
183 259 13 108
82 304 18 49
110 181 83 3
10 54 72 24
25 153 76 78
19 30 31 78
33 287 60 80
213 229 145 8
137 11 16 5
4 25 28 108
3 120 91 31
236 248 72 134
11 122 3 10
87 201 85 135
178 287 131 17
125 373 115 18
85 377 131 18
21 179 85 132
169 21 113 135
215 305 63 115
183 281 91 114
333 3 97 123
104 114 91 0
64 73 45 110
311 366 61 27
163 183 45 78
127 189 111 94
1 336 103 138
213 325 95 96
305 171 116 0
195 342 140 114
142 211 145 90
5 26 7 130
89 276 1 96
161 263 1 112
23 246 133 84
205 249 9 90
10 322 137 32
178 352 111 44
252 344 103 18
126 283 102 12
52 283 77 49
225 231 128 63
161 323 85 10
1 92 59 32
89 377 56 42
33 155 67 8
289 341 91 42
149 297 135 72
357 373 49 18
151 305 83 4
125 230 141 50
7 19 86 18
73 157 133 76
15 39 44 78
163 228 40 21
1 35 91 0
180 308 11 22
1 261 59 20
