500 1000 5 20 4
19 72 138 201 479 
12 193 228 346 420 
157 387 30 96
297 431 97 78
363 206 64 59
364 381 64 74
387 181 19 3
42 68 18 35
101 72 73 36
204 254 16 0
364 401 103 90
45 252 43 96
78 186 62 29
65 341 88 3
161 21 37 98
241 403 46 50
33 75 29 72
218 423 40 22
126 251 48 34
9 48 22 98
114 45 71 84
254 297 55 18
374 131 1 83
446 103 93 0
212 481 82 15
11 14 84 29
345 363 22 39
421 279 46 12
65 329 16 19
37 69 4 31
79 430 35 7
319 493 24 98
171 201 4 104
378 424 20 35
82 98 46 6
452 6 103 38
462 235 16 82
11 73 61 86
89 242 108 46
185 487 103 56
236 248 71 101
300 394 4 33
251 495 37 30
101 135 46 68
157 6 106 96
159 67 66 108
351 209 31 57
261 207 53 24
76 103 34 60
278 214 24 95
163 183 55 41
4 164 73 6
213 229 96 63
391 392 25 74
278 379 96 36
183 281 41 30
31 275 97 96
33 69 10 39
36 116 61 73
392 459 1 45
226 394 6 46
397 1 3 38
295 289 68 42
1 77 8 15
357 301 19 50
196 411 87 5
239 129 67 13
90 317 1 39
92 126 70 37
246 478 6 78
4 6 25 36
188 406 38 109
139 101 58 54
489 183 82 110
41 337 75 39
461 181 90 87
477 125 108 29
201 353 91 30
341 95 43 54
397 253 109 51
161 437 16 101
337 382 58 21
135 232 29 87
259 268 49 97
353 257 15 83
56 93 44 110
193 195 67 106
357 465 106 98
23 177 108 11
13 185 101 11
81 97 106 102
143 385 81 28
35 44 80 48
28 100 90 33
391 475 13 81
276 251 61 57
247 273 3 74
295 69 97 77
5 32 13 71
195 109 1 84
261 262 94 13
2 24 15 92
1 92 75 7
93 94 76 75
497 481 20 74
325 374 37 18
25 333 86 21
37 196 67 87
439 484 2 105
121 417 57 88
88 178 76 0
461 45 58 0
153 217 28 105
31 95 45 62
48 182 91 30
44 341 9 48
165 25 48 94
11 18 97 33
5 137 110 36
235 297 62 48
276 245 92 81
10 34 55 108
105 202 16 109
78 434 10 15
205 412 46 85
257 386 1 0
63 266 60 36
465 185 23 5
256 313 111 74
85 262 109 108
415 454 75 18
427 297 29 40
161 277 17 60
64 161 58 28
145 365 23 98
5 356 32 99
41 83 61 47
90 128 13 42
13 133 66 48
65 175 58 84
257 275 98 43
49 355 111 62
407 363 50 0
67 301 67 67
55 280 44 75
217 270 76 0
369 377 31 69
57 107 23 64
41 175 14 74
478 128 71 24
27 65 58 19
108 141 1 54
56 142 100 7
57 463 1 84
68 303 4 90
449 21 94 51
62 102 88 78
330 456 7 33
9 46 40 92
313 108 102 5
1 104 72 108
331 191 32 79
151 235 92 79
354 384 64 0
170 194 30 86
75 126 80 110
491 175 102 34
404 16 28 87
1 335 65 66
485 497 79 100
168 330 52 39
465 81 64 91
113 299 59 37
126 222 53 87
287 39 14 7
241 26 67 20
200 272 72 18
23 246 106 62
485 157 73 101
135 219 96 99
36 366 94 68
10 42 104 105
477 281 4 75
346 494 60 5
27 460 37 74
199 398 37 14
297 7 40 60
489 77 16 72
3 10 28 55
218 363 34 100
131 483 94 81
458 444 52 63
405 211 83 8
49 56 100 108
392 29 62 97
6 364 87 14
100 132 49 100
84 234 4 63
181 170 32 39
471 161 32 99
127 189 34 102
145 313 40 109
61 5 40 6
37 55 92 75
104 96 55 24
166 294 46 12
52 90 29 60
113 294 16 95
253 413 30 47
20 151 82 77
192 220 27 48
280 437 91 78
221 91 106 15
355 321 46 54
2 7 64 20
293 251 103 36
91 169 103 48
43 94 45 34
25 244 84 87
401 177 53 105
126 117 92 30
226 327 98 105
104 108 81 40
85 421 105 0
6 12 4 64
9 23 10 29
378 329 49 96
371 288 99 73
31 410 19 62
341 397 22 71
120 162 43 93
48 374 23 63
316 141 34 110
110 181 106 29
5 265 55 101
447 185 100 66
45 84 88 70
169 170 34 56
154 339 81 75
157 208 94 0
331 105 110 91
99 207 31 72
92 311 31 0
191 81 92 39
299 73 29 16
10 111 97 81
421 322 24 76
235 354 45 0
386 197 25 0
10 54 93 87
363 468 30 1
13 381 61 41
171 421 32 61
4 25 109 81
91 93 28 60
277 318 93 96
35 371 73 0
301 334 99 81
117 159 32 11
376 197 7 102
11 17 97 72
17 21 94 107
17 257 79 99
188 243 43 0
204 319 86 60
302 332 36 107
145 103 94 13
253 351 46 88
121 499 22 43
381 421 29 69
181 343 73 86
122 428 57 81
353 401 97 2
28 60 57 86
377 477 34 24
163 457 10 1
481 116 103 51
194 440 58 3
59 78 7 20
201 461 23 2
230 41 73 93
89 52 105 63
159 260 70 100
159 127 56 72
269 497 21 0
11 191 100 61
393 124 16 75
471 251 84 72
106 226 44 37
17 233 40 33
231 369 70 69
457 47 42 3
55 245 103 23
37 115 13 25
27 50 2 63
185 209 52 42
56 221 38 89
101 266 60 108
138 225 24 9
476 221 88 74
467 349 78 36
161 117 31 14
57 368 21 36
385 418 26 96
49 174 70 90
220 326 28 44
185 71 1 42
27 38 91 16
85 106 15 87
71 87 1 48
296 189 16 3
75 175 16 50
49 76 7 66
335 32 52 51
239 396 37 21
156 475 31 49
351 477 34 91
225 310 83 37
131 263 76 67
463 481 58 67
471 257 87 84
85 105 100 74
33 265 14 107
223 471 33 11
331 329 23 69
329 448 55 76
58 404 80 36
1 336 6 60
265 81 65 48
17 285 28 15
271 427 77 37
187 463 88 7
495 155 6 37
108 188 4 9
145 236 49 87
1 277 77 46
285 5 43 46
471 331 69 84
283 359 46 1
13 482 58 59
165 449 55 15
259 177 80 63
7 19 9 36
497 99 101 93
147 77 37 72
95 139 55 109
83 251 52 31
196 236 100 63
40 51 55 58
144 154 93 95
89 293 31 61
59 72 63 37
30 88 61 38
49 481 109 37
8 29 51 18
136 347 56 34
111 101 109 48
142 211 106 33
223 451 57 75
224 227 97 67
99 398 38 37
264 366 60 53
351 169 25 6
81 328 9 71
15 288 42 40
11 21 75 76
90 141 39 34
81 345 39 78
45 420 99 12
220 149 63 63
3 17 7 87
370 381 67 24
329 461 49 0
17 121 60 23
83 101 5 99
131 223 1 21
3 49 53 87
391 496 46 77
5 15 98 27
298 393 49 12
28 66 65 87
261 243 56 9
13 22 93 103
499 439 38 105
116 131 10 105
243 81 13 38
58 99 43 102
271 437 7 15
238 422 74 9
197 71 25 74
167 375 68 78
43 117 41 20
44 362 15 96
293 51 75 82
129 181 106 12
137 185 52 50
460 13 4 72
303 113 15 62
252 344 75 47
78 216 108 27
266 201 74 79
463 391 74 21
479 156 50 3
71 81 110 88
411 147 55 0
114 190 18 13
361 481 76 15
481 80 89 106
236 330 44 88
117 401 4 46
76 245 24 109
127 307 48 21
301 321 52 108
9 458 82 42
307 429 32 38
14 57 25 40
92 143 16 39
445 473 60 93
94 472 1 87
245 391 67 39
65 38 98 67
215 76 18 3
87 201 21 0
1 35 89 86
17 117 40 66
315 283 103 60
421 11 13 87
6 86 30 97
433 457 31 0
365 217 61 37
277 296 72 30
151 228 76 99
427 111 4 15
439 66 106 6
343 415 70 84
284 473 64 105
12 144 54 55
28 306 76 2
47 64 52 22
70 80 57 72
105 97 79 96
171 137 99 4
265 312 9 60
198 196 88 0
257 447 110 54
381 193 36 81
376 3 26 0
164 320 1 84
82 304 53 37
9 437 79 105
407 160 33 0
347 216 59 108
209 317 12 61
125 230 58 95
268 193 60 71
7 47 67 8
61 369 65 5
174 268 79 63
318 405 11 93
383 393 64 77
89 462 78 0
63 134 94 62
132 234 1 95
169 221 110 18
63 211 15 69
221 291 99 16
29 89 108 45
33 155 60 91
176 309 61 9
3 4 104 12
313 337 100 42
480 461 46 102
317 357 81 8
330 221 35 99
19 63 23 33
405 446 22 1
301 391 105 62
64 73 43 35
163 181 58 99
90 136 91 10
197 253 80 22
223 494 25 81
41 483 100 37
100 442 27 34
178 213 13 72
11 16 56 30
103 456 13 97
3 11 13 11
241 175 49 8
473 427 43 60
439 1 70 18
3 67 55 102
7 13 1 60
345 349 54 18
51 153 75 20
457 273 15 103
25 153 49 87
374 251 103 22
57 476 43 103
450 273 88 78
458 113 100 54
293 315 55 51
482 483 55 64
208 21 98 5
2 8 94 82
391 479 25 60
217 5 4 92
41 146 82 45
264 21 106 72
398 414 91 48
393 447 103 95
378 407 78 12
38 328 34 81
66 159 40 45
465 495 14 27
153 445 1 27
201 41 7 9
382 472 90 30
241 41 87 36
283 96 35 30
251 455 24 28
113 337 88 21
478 366 29 57
65 367 76 13
271 111 109 60
115 203 83 103
81 271 25 30
203 68 92 15
408 4 108 7
82 45 31 74
371 181 109 70
35 147 106 1
456 379 28 33
25 79 22 97
96 224 19 5
214 220 78 57
13 180 42 69
37 185 107 1
58 156 84 24
301 421 3 27
224 307 107 11
79 451 100 80
449 363 46 84
261 191 73 18
186 295 12 63
225 246 98 68
205 471 40 69
477 233 7 3
352 175 1 51
46 349 52 57
58 286 76 105
61 445 92 56
43 167 61 33
201 225 54 0
433 103 90 42
149 152 50 102
357 331 21 36
431 236 102 99
73 157 17 69
221 424 54 60
201 1 1 41
6 158 31 33
9 337 68 59
15 39 29 48
385 343 22 45
21 179 69 86
119 395 22 39
414 393 51 45
49 265 23 2
85 93 22 69
240 468 91 84
231 279 80 22
457 349 34 51
21 471 7 3
25 283 98 37
4 499 95 96
3 120 44 39
105 273 61 50
292 391 99 69
1 59 47 57
9 488 67 87
13 163 83 74
129 250 72 15
171 187 52 63
139 171 67 98
9 441 30 30
1 149 76 102
5 26 9 27
21 61 19 36
298 432 95 80
90 110 64 41
43 53 43 71
443 485 88 58
476 439 26 48
366 269 38 53
273 437 58 0
19 348 28 75
39 130 105 43
47 325 61 35
417 435 71 0
150 240 67 39
95 286 41 86
105 98 28 24
139 237 7 6
401 7 52 40
393 131 6 19
372 305 24 63
179 351 88 0
53 244 25 77
385 177 58 57
103 461 103 39
447 321 50 11
169 29 58 69
395 193 1 21
7 28 45 54
165 490 7 52
333 38 17 33
208 116 13 53
64 292 41 0
65 290 57 3
229 179 97 87
280 474 67 57
75 73 97 43
185 269 100 84
371 381 69 6
199 311 52 74
432 91 4 24
4 255 41 56
316 219 22 16
1 101 64 21
426 201 92 104
34 40 95 6
376 369 88 34
41 13 102 19
495 200 101 37
419 176 102 66
257 444 82 86
119 258 37 48
49 305 107 1
198 402 10 27
67 302 100 102
490 498 19 26
211 433 105 63
175 191 94 74
135 301 85 99
269 161 64 12
163 391 46 82
128 461 103 96
303 221 99 108
301 31 42 17
138 221 61 6
435 63 2 96
177 56 85 93
83 124 40 92
46 389 76 59
157 209 64 33
427 480 68 64
181 487 104 21
183 256 80 50
189 215 24 25
41 137 37 84
15 490 31 81
165 335 95 73
1 3 64 33
9 210 108 63
45 358 90 81
390 47 23 68
291 327 79 95
157 464 64 0
301 459 70 14
36 125 21 72
461 417 84 13
1 361 40 27
481 96 7 45
172 367 46 9
197 281 104 69
40 460 68 15
52 85 74 33
15 141 79 46
315 341 91 78
295 486 35 69
54 58 22 108
421 211 80 66
449 97 70 57
425 126 45 0
435 89 49 33
281 209 4 27
274 331 79 21
169 408 89 42
495 141 10 26
460 341 34 21
79 176 76 72
137 321 1 90
315 333 16 108
28 70 29 50
5 41 77 32
75 109 19 66
18 399 82 8
241 16 75 62
96 108 51 6
175 436 16 15
14 20 76 38
407 441 26 18
351 453 39 90
369 416 79 37
451 240 24 91
52 283 33 55
466 181 3 92
169 204 66 76
1 156 19 21
216 215 64 97
295 9 89 91
22 173 48 69
262 380 71 15
22 206 61 69
201 181 55 105
329 417 20 107
156 405 52 81
405 366 47 84
216 381 61 103
25 61 109 58
43 52 29 73
49 165 37 36
91 193 57 37
104 198 89 3
391 403 70 88
8 36 19 90
67 426 40 17
48 192 62 0
169 225 64 42
165 470 99 109
117 247 10 54
126 238 52 62
261 459 34 53
161 263 45 54
140 391 27 51
469 421 73 73
495 126 48 48
485 407 50 97
6 166 70 42
64 316 9 94
385 433 73 72
126 55 110 12
49 214 34 16
14 74 78 37
163 256 64 60
316 350 97 12
196 340 85 62
151 448 49 18
70 112 62 35
4 9 20 107
13 231 109 6
333 301 48 24
142 300 16 105
133 187 104 77
38 363 53 87
213 325 59 75
476 301 67 74
361 121 101 52
117 25 38 79
346 451 26 42
178 352 44 80
9 45 43 103
176 218 73 38
77 381 4 25
169 409 16 86
73 291 100 56
157 241 54 102
428 329 26 40
309 390 73 27
228 301 48 67
77 221 42 61
441 44 12 56
61 335 1 9
409 309 64 71
363 237 106 27
265 306 100 27
235 254 103 82
476 355 53 65
481 26 34 96
343 196 21 6
305 106 85 4
138 289 63 26
11 123 102 36
21 377 69 109
165 334 100 46
443 131 14 82
187 360 59 75
63 228 1 22
56 314 88 66
89 425 49 45
147 148 35 0
184 212 73 6
175 466 1 83
195 342 31 105
290 156 97 26
481 159 82 85
19 261 64 16
99 467 34 9
181 439 46 31
46 112 35 93
63 113 49 99
251 137 103 24
201 324 106 46
463 308 35 68
235 439 37 19
181 227 9 105
10 274 2 45
211 276 78 90
89 441 10 8
41 481 94 33
133 211 84 21
202 381 104 51
50 160 109 101
100 71 37 105
150 298 92 48
196 385 27 66
13 361 54 60
79 133 4 18
164 68 91 11
113 129 106 43
50 168 85 72
225 231 2 73
125 373 104 87
217 448 69 99
489 373 63 9
61 125 36 6
199 324 78 108
23 31 55 107
280 443 77 78
363 107 10 87
289 241 90 40
40 167 59 34
201 413 82 88
39 172 35 45
79 284 73 96
15 379 58 104
369 485 34 91
371 453 11 53
121 127 4 38
41 403 32 42
42 121 64 73
455 500 2 96
393 339 1 1
281 295 77 10
65 482 87 24
171 450 16 101
273 345 52 90
497 119 74 99
251 173 98 92
5 143 88 63
293 77 1 42
326 183 53 97
91 419 7 6
16 341 6 39
406 495 94 102
385 485 49 103
253 389 25 105
25 64 58 27
181 205 103 37
7 174 94 4
5 118 38 74
19 30 1 23
183 199 49 81
237 281 44 73
186 49 61 64
389 237 97 90
355 500 72 74
279 477 62 48
45 452 83 87
497 344 86 26
91 148 55 51
266 256 1 15
65 197 43 68
201 251 24 102
215 305 64 18
281 37 59 12
457 458 43 2
389 469 46 88
29 33 82 90
139 387 94 36
104 114 71 64
39 82 106 0
327 457 69 65
74 489 56 102
136 338 30 9
124 315 90 35
145 187 2 18
57 239 99 72
450 236 18 102
19 37 34 27
429 431 105 48
1 5 86 103
111 330 91 109
111 217 90 105
379 14 25 75
50 96 73 79
275 437 22 30
81 21 59 31
1 2 91 36
71 383 29 93
349 452 21 66
25 142 52 61
56 416 62 90
241 344 61 39
232 400 27 18
22 151 67 105
251 496 10 42
349 396 90 3
305 62 76 6
191 114 51 99
155 311 7 8
24 119 63 54
270 310 46 96
335 471 14 17
107 138 85 94
145 191 28 3
74 21 29 57
141 293 49 37
425 242 66 6
443 361 72 0
137 11 28 7
10 322 53 6
95 150 22 21
341 376 79 48
321 255 81 48
481 131 66 65
118 151 47 67
326 35 43 88
417 101 12 82
433 210 20 81
205 365 13 89
13 27 103 48
381 341 49 9
63 378 4 45
360 176 45 105
180 308 95 45
332 65 93 0
193 264 9 15
11 122 16 100
486 293 64 105
83 201 77 99
323 26 67 42
363 438 75 54
346 370 50 65
90 140 16 63
263 447 49 99
20 71 94 39
317 353 35 80
330 313 73 48
91 496 40 6
31 43 109 6
337 352 11 78
106 70 25 108
361 149 94 32
301 21 13 21
74 43 71 92
335 365 22 20
123 273 94 9
164 207 16 30
51 251 46 37
136 469 30 104
205 249 64 33
351 157 73 54
465 301 85 60
85 269 73 76
178 287 107 45
401 444 55 101
48 492 49 99
107 145 109 77
461 428 47 54
268 346 81 49
183 259 61 60
469 65 37 68
410 249 47 60
276 441 24 12
197 267 16 84
61 200 6 101
181 431 42 95
26 282 98 99
201 123 53 90
161 323 17 3
275 465 4 54
56 278 46 85
289 387 47 64
465 14 85 27
205 388 28 18
405 12 55 15
200 343 103 79
27 84 98 48
227 481 66 28
441 491 67 0
43 201 1 1
45 388 46 93
73 372 25 5
170 184 22 9
440 51 7 0
19 62 4 0
96 171 13 39
482 91 88 21
13 91 49 34
201 239 1 16
