5
199
1 2
1 81
1 82
1 83
1 84
1 85
1 86
1 87
1 88
1 89
1 90
1 91
1 92
1 93
1 94
1 95
1 96
1 97
1 98
1 99
1 100
1 101
1 102
1 103
1 104
1 105
1 106
1 107
1 108
1 109
1 110
1 111
1 112
1 113
1 114
1 115
1 116
1 117
1 118
1 119
1 120
1 121
1 122
1 123
1 124
1 125
1 126
1 127
1 128
1 129
1 130
1 131
1 132
1 133
1 134
1 135
1 136
1 137
1 138
1 139
1 140
1 141
1 142
1 143
1 144
1 145
1 146
1 147
1 148
1 149
2 3
3 4
3 164
4 5
4 195
5 6
6 7
7 8
8 9
9 10
9 154
10 11
10 171
11 12
12 13
13 14
14 15
15 16
16 17
17 18
17 157
18 19
19 20
20 21
21 22
22 23
23 24
24 25
25 26
26 27
27 28
28 29
29 30
29 151
30 31
31 32
32 33
32 176
33 34
34 35
35 36
36 37
37 38
38 39
39 40
40 41
41 42
41 187
42 43
43 44
43 185
44 45
45 46
45 167
46 47
47 48
48 49
49 50
50 51
51 52
52 53
52 150
53 54
54 55
54 169
55 56
56 57
57 58
58 59
58 165
59 60
60 61
61 62
62 63
63 64
64 65
64 186
65 66
66 67
67 68
68 69
69 70
69 173
70 71
70 179
71 72
72 73
72 174
73 74
74 75
74 156
75 76
75 170
76 77
77 78
78 79
79 80
80 162
88 182
92 175
96 168
98 152
100 193
101 199
104 188
104 198
105 181
107 153
110 161
112 158
114 155
117 189
133 163
135 172
139 184
141 190
142 159
142 166
144 178
144 183
146 160
148 177
149 197
157 180
157 191
159 194
173 192
181 196
199
1 2
1 81
1 82
1 83
1 84
1 85
1 86
1 87
1 88
1 89
1 90
1 91
1 92
1 93
1 94
1 95
1 96
1 97
1 98
1 99
1 100
1 101
1 102
1 103
1 104
1 105
1 106
1 107
1 108
1 109
1 110
1 111
1 112
1 113
1 114
1 115
1 116
1 117
1 118
1 119
1 120
1 121
1 122
1 123
1 124
1 125
1 126
1 127
1 128
1 129
1 130
1 131
1 132
1 133
1 134
1 135
1 136
1 137
1 138
1 139
1 140
1 141
1 142
1 143
1 144
1 145
1 146
1 147
1 148
1 149
1 166
2 3
2 193
3 4
4 5
4 197
5 6
6 7
7 8
8 9
9 10
10 11
11 12
11 158
12 13
12 160
13 14
13 170
13 196
14 15
14 169
15 16
16 17
16 172
17 18
18 19
19 20
20 21
21 22
22 23
22 177
23 24
24 25
25 26
25 175
26 27
27 28
28 29
29 30
30 31
31 32
32 33
32 181
32 182
33 34
33 171
34 35
35 36
36 37
37 38
38 39
39 40
39 163
40 41
41 42
42 43
43 44
44 45
45 46
46 47
47 48
48 49
48 159
49 50
50 51
51 52
51 186
52 53
53 54
54 55
55 56
56 57
57 58
58 59
58 161
59 60
60 61
61 62
62 63
63 64
64 65
64 187
65 66
65 189
66 67
67 68
68 69
69 70
70 71
70 156
71 72
71 176
72 73
73 74
74 75
75 76
75 162
76 77
77 78
78 79
79 80
82 183
84 157
85 195
94 155
95 199
99 192
103 194
106 184
111 173
112 164
113 151
117 174
119 179
121 153
125 150
128 188
131 178
134 152
138 168
140 154
142 190
144 167
146 198
153 185
153 191
156 165
176 180
199
1 2
1 81
1 82
1 83
1 84
1 85
1 86
1 87
1 88
1 89
1 90
1 91
1 92
1 93
1 94
1 95
1 96
1 97
1 98
1 99
1 100
1 101
1 102
1 103
1 104
1 105
1 106
1 107
1 108
1 109
1 110
1 111
1 112
1 113
1 114
1 115
1 116
1 117
1 118
1 119
1 120
1 121
1 122
1 123
1 124
1 125
1 126
1 127
1 128
1 129
1 130
1 131
1 132
1 133
1 134
1 135
1 136
1 137
1 138
1 139
1 140
1 141
1 142
1 143
1 144
1 145
1 146
1 147
1 148
1 149
2 3
2 188
3 4
4 5
5 6
5 189
6 7
7 8
7 154
8 9
9 10
9 158
10 11
11 12
12 13
13 14
14 15
14 151
15 16
16 17
17 18
17 165
18 19
18 195
19 20
20 21
20 194
21 22
22 23
23 24
24 25
25 26
26 27
27 28
27 150
27 173
28 29
28 181
29 30
30 31
30 167
31 32
31 179
32 33
33 34
34 35
35 36
36 37
37 38
38 39
39 40
40 41
41 42
41 159
42 43
42 176
43 44
44 45
45 46
45 155
46 47
47 48
47 190
48 49
48 168
49 50
50 51
50 191
51 52
52 53
53 54
54 55
55 56
56 57
56 163
56 192
57 58
58 59
58 170
59 60
59 164
60 61
61 62
62 63
63 64
63 169
64 65
65 66
66 67
66 156
67 68
68 69
68 157
69 70
70 71
71 72
71 162
72 73
73 74
74 75
75 76
76 77
77 78
78 79
79 80
90 171
95 197
96 193
98 172
98 178
99 199
105 152
107 175
109 187
113 198
121 196
127 174
132 186
134 160
139 180
143 153
146 161
150 166
151 184
154 183
164 182
172 177
172 185
199
1 2
1 81
1 82
1 83
1 84
1 85
1 86
1 87
1 88
1 89
1 90
1 91
1 92
1 93
1 94
1 95
1 96
1 97
1 98
1 99
1 100
1 101
1 102
1 103
1 104
1 105
1 106
1 107
1 108
1 109
1 110
1 111
1 112
1 113
1 114
1 115
1 116
1 117
1 118
1 119
1 120
1 121
1 122
1 123
1 124
1 125
1 126
1 127
1 128
1 129
1 130
1 131
1 132
1 133
1 134
1 135
1 136
1 137
1 138
1 139
1 140
1 141
1 142
1 143
1 144
1 145
1 146
1 147
1 148
1 149
1 198
2 3
2 153
3 4
4 5
5 6
6 7
7 8
8 9
9 10
10 11
11 12
12 13
13 14
14 15
15 16
16 17
17 18
18 19
19 20
20 21
20 195
21 22
22 23
23 24
24 25
25 26
26 27
27 28
27 190
28 29
29 30
30 31
31 32
31 189
32 33
33 34
34 35
35 36
36 37
37 38
38 39
38 170
38 173
39 40
40 41
41 42
42 43
42 154
43 44
44 45
45 46
46 47
47 48
47 183
48 49
49 50
50 51
51 52
51 155
52 53
53 54
53 169
54 55
55 56
55 152
56 57
57 58
58 59
59 60
60 61
60 193
61 62
62 63
62 162
63 64
64 65
65 66
66 67
67 68
67 158
68 69
68 186
69 70
70 71
71 72
72 73
73 74
74 75
75 76
76 77
77 78
78 79
78 167
79 80
81 174
83 181
86 192
89 172
90 179
95 196
96 156
100 176
108 164
121 178
124 177
124 199
126 151
126 157
127 168
135 187
139 150
142 159
142 163
148 161
149 185
150 165
150 188
150 194
153 160
155 191
159 180
163 166
164 171
164 175
164 184
178 197
181 182
199
1 2
1 81
1 82
1 83
1 84
1 85
1 86
1 87
1 88
1 89
1 90
1 91
1 92
1 93
1 94
1 95
1 96
1 97
1 98
1 99
1 100
1 101
1 102
1 103
1 104
1 105
1 106
1 107
1 108
1 109
1 110
1 111
1 112
1 113
1 114
1 115
1 116
1 117
1 118
1 119
1 120
1 121
1 122
1 123
1 124
1 125
1 126
1 127
1 128
1 129
1 130
1 131
1 132
1 133
1 134
1 135
1 136
1 137
1 138
1 139
1 140
1 141
1 142
1 143
1 144
1 145
1 146
1 147
1 148
1 149
2 3
3 4
4 5
5 6
5 162
6 7
6 170
7 8
7 158
8 9
8 152
8 176
9 10
10 11
11 12
11 193
12 13
12 150
13 14
14 15
14 153
14 166
15 16
16 17
17 18
17 155
18 19
19 20
20 21
21 22
21 192
22 23
23 24
24 25
24 183
25 26
26 27
26 171
27 28
27 186
28 29
28 180
29 30
30 31
31 32
31 197
32 33
33 34
33 172
34 35
34 189
35 36
36 37
37 38
38 39
39 40
40 41
40 163
41 42
42 43
43 44
43 173
43 187
44 45
45 46
45 191
46 47
47 48
47 167
48 49
49 50
50 51
51 52
52 53
53 54
54 55
55 56
56 57
57 58
58 59
59 60
60 61
61 62
61 184
62 63
62 154
63 64
63 165
63 181
64 65
64 178
65 66
66 67
67 68
67 169
68 69
69 70
69 188
70 71
71 72
71 174
72 73
73 74
74 75
75 76
76 77
77 78
78 79
79 80
85 185
89 182
90 159
90 190
91 156
93 164
103 175
103 195
104 199
118 157
119 151
119 160
128 196
130 168
132 161
142 177
145 198
169 179
187 194
