5
1999
1 2
1 801
1 802
1 803
1 804
1 805
1 806
1 807
1 808
1 809
1 810
1 811
1 812
1 813
1 814
1 815
1 816
1 817
1 818
1 819
1 820
1 821
1 822
1 823
1 824
1 825
1 826
1 827
1 828
1 829
1 830
1 831
1 832
1 833
1 834
1 835
1 836
1 837
1 838
1 839
1 840
1 841
1 842
1 843
1 844
1 845
1 846
1 847
1 848
1 849
1 850
1 851
1 852
1 853
1 854
1 855
1 856
1 857
1 858
1 859
1 860
1 861
1 862
1 863
1 864
1 865
1 866
1 867
1 868
1 869
1 870
1 871
1 872
1 873
1 874
1 875
1 876
1 877
1 878
1 879
1 880
1 881
1 882
1 883
1 884
1 885
1 886
1 887
1 888
1 889
1 890
1 891
1 892
1 893
1 894
1 895
1 896
1 897
1 898
1 899
1 900
1 901
1 902
1 903
1 904
1 905
1 906
1 907
1 908
1 909
1 910
1 911
1 912
1 913
1 914
1 915
1 916
1 917
1 918
1 919
1 920
1 921
1 922
1 923
1 924
1 925
1 926
1 927
1 928
1 929
1 930
1 931
1 932
1 933
1 934
1 935
1 936
1 937
1 938
1 939
1 940
1 941
1 942
1 943
1 944
1 945
1 946
1 947
1 948
1 949
1 950
1 951
1 952
1 953
1 954
1 955
1 956
1 957
1 958
1 959
1 960
1 961
1 962
1 963
1 964
1 965
1 966
1 967
1 968
1 969
1 970
1 971
1 972
1 973
1 974
1 975
1 976
1 977
1 978
1 979
1 980
1 981
1 982
1 983
1 984
1 985
1 986
1 987
1 988
1 989
1 990
1 991
1 992
1 993
1 994
1 995
1 996
1 997
1 998
1 999
1 1000
1 1001
1 1002
1 1003
1 1004
1 1005
1 1006
1 1007
1 1008
1 1009
1 1010
1 1011
1 1012
1 1013
1 1014
1 1015
1 1016
1 1017
1 1018
1 1019
1 1020
1 1021
1 1022
1 1023
1 1024
1 1025
1 1026
1 1027
1 1028
1 1029
1 1030
1 1031
1 1032
1 1033
1 1034
1 1035
1 1036
1 1037
1 1038
1 1039
1 1040
1 1041
1 1042
1 1043
1 1044
1 1045
1 1046
1 1047
1 1048
1 1049
1 1050
1 1051
1 1052
1 1053
1 1054
1 1055
1 1056
1 1057
1 1058
1 1059
1 1060
1 1061
1 1062
1 1063
1 1064
1 1065
1 1066
1 1067
1 1068
1 1069
1 1070
1 1071
1 1072
1 1073
1 1074
1 1075
1 1076
1 1077
1 1078
1 1079
1 1080
1 1081
1 1082
1 1083
1 1084
1 1085
1 1086
1 1087
1 1088
1 1089
1 1090
1 1091
1 1092
1 1093
1 1094
1 1095
1 1096
1 1097
1 1098
1 1099
1 1100
1 1101
1 1102
1 1103
1 1104
1 1105
1 1106
1 1107
1 1108
1 1109
1 1110
1 1111
1 1112
1 1113
1 1114
1 1115
1 1116
1 1117
1 1118
1 1119
1 1120
1 1121
1 1122
1 1123
1 1124
1 1125
1 1126
1 1127
1 1128
1 1129
1 1130
1 1131
1 1132
1 1133
1 1134
1 1135
1 1136
1 1137
1 1138
1 1139
1 1140
1 1141
1 1142
1 1143
1 1144
1 1145
1 1146
1 1147
1 1148
1 1149
1 1150
1 1151
1 1152
1 1153
1 1154
1 1155
1 1156
1 1157
1 1158
1 1159
1 1160
1 1161
1 1162
1 1163
1 1164
1 1165
1 1166
1 1167
1 1168
1 1169
1 1170
1 1171
1 1172
1 1173
1 1174
1 1175
1 1176
1 1177
1 1178
1 1179
1 1180
1 1181
1 1182
1 1183
1 1184
1 1185
1 1186
1 1187
1 1188
1 1189
1 1190
1 1191
1 1192
1 1193
1 1194
1 1195
1 1196
1 1197
1 1198
1 1199
1 1200
1 1201
1 1202
1 1203
1 1204
1 1205
1 1206
1 1207
1 1208
1 1209
1 1210
1 1211
1 1212
1 1213
1 1214
1 1215
1 1216
1 1217
1 1218
1 1219
1 1220
1 1221
1 1222
1 1223
1 1224
1 1225
1 1226
1 1227
1 1228
1 1229
1 1230
1 1231
1 1232
1 1233
1 1234
1 1235
1 1236
1 1237
1 1238
1 1239
1 1240
1 1241
1 1242
1 1243
1 1244
1 1245
1 1246
1 1247
1 1248
1 1249
1 1250
1 1251
1 1252
1 1253
1 1254
1 1255
1 1256
1 1257
1 1258
1 1259
1 1260
1 1261
1 1262
1 1263
1 1264
1 1265
1 1266
1 1267
1 1268
1 1269
1 1270
1 1271
1 1272
1 1273
1 1274
1 1275
1 1276
1 1277
1 1278
1 1279
1 1280
1 1281
1 1282
1 1283
1 1284
1 1285
1 1286
1 1287
1 1288
1 1289
1 1290
1 1291
1 1292
1 1293
1 1294
1 1295
1 1296
1 1297
1 1298
1 1299
1 1300
1 1301
1 1302
1 1303
1 1304
1 1305
1 1306
1 1307
1 1308
1 1309
1 1310
1 1311
1 1312
1 1313
1 1314
1 1315
1 1316
1 1317
1 1318
1 1319
1 1320
1 1321
1 1322
1 1323
1 1324
1 1325
1 1326
1 1327
1 1328
1 1329
1 1330
1 1331
1 1332
1 1333
1 1334
1 1335
1 1336
1 1337
1 1338
1 1339
1 1340
1 1341
1 1342
1 1343
1 1344
1 1345
1 1346
1 1347
1 1348
1 1349
1 1350
1 1351
1 1352
1 1353
1 1354
1 1355
1 1356
1 1357
1 1358
1 1359
1 1360
1 1361
1 1362
1 1363
1 1364
1 1365
1 1366
1 1367
1 1368
1 1369
1 1370
1 1371
1 1372
1 1373
1 1374
1 1375
1 1376
1 1377
1 1378
1 1379
1 1380
1 1381
1 1382
1 1383
1 1384
1 1385
1 1386
1 1387
1 1388
1 1389
1 1390
1 1391
1 1392
1 1393
1 1394
1 1395
1 1396
1 1397
1 1398
1 1399
1 1400
1 1401
1 1402
1 1403
1 1404
1 1405
1 1406
1 1407
1 1408
1 1409
1 1410
1 1411
1 1412
1 1413
1 1414
1 1415
1 1416
1 1417
1 1418
1 1419
1 1420
1 1421
1 1422
1 1423
1 1424
1 1425
1 1426
1 1427
1 1428
1 1429
1 1430
1 1431
1 1432
1 1433
1 1434
1 1435
1 1436
1 1437
1 1438
1 1439
1 1440
1 1441
1 1442
1 1443
1 1444
1 1445
1 1446
1 1447
1 1448
1 1449
1 1450
1 1451
1 1452
1 1453
1 1454
1 1455
1 1456
1 1457
1 1458
1 1459
1 1460
1 1461
1 1462
1 1463
1 1464
1 1465
1 1466
1 1467
1 1468
1 1469
1 1470
1 1471
1 1472
1 1473
1 1474
1 1475
1 1476
1 1477
1 1478
1 1479
1 1480
1 1481
1 1482
1 1483
1 1484
1 1485
1 1486
1 1487
1 1488
1 1489
1 1490
1 1491
1 1492
1 1493
1 1494
1 1495
1 1496
1 1497
1 1498
1 1499
1 1511
1 1939
2 3
3 4
4 5
4 1820
5 6
6 7
7 8
8 9
9 10
10 11
11 12
12 13
13 14
14 15
15 16
15 1588
16 17
16 1814
17 18
17 1686
17 1719
18 19
18 1942
19 20
20 21
21 22
22 23
23 24
24 25
25 26
26 27
27 28
28 29
28 1564
29 30
29 1848
30 31
30 1829
30 1873
31 32
32 33
33 34
34 35
35 36
36 37
37 38
38 39
38 1633
38 1945
39 40
40 41
41 42
42 43
43 44
44 45
45 46
46 47
47 48
48 49
49 50
50 51
51 52
52 53
53 54
53 1965
54 55
55 56
56 57
57 58
57 1624
58 59
59 60
60 61
61 62
62 63
63 64
64 65
65 66
65 1584
66 67
67 68
67 1591
67 1612
68 69
69 70
69 1632
69 1729
70 71
70 1982
71 72
72 73
73 74
74 75
75 76
76 77
76 1507
76 1843
77 78
78 79
79 80
79 1571
80 81
80 1753
81 82
82 83
83 84
84 85
84 1976
85 86
86 87
86 1949
87 88
88 89
89 90
90 91
91 92
92 93
93 94
94 95
95 96
95 1631
95 1889
96 97
97 98
98 99
99 100
99 1940
100 101
101 102
102 103
102 1868
103 104
104 105
105 106
106 107
107 108
108 109
108 1784
109 110
110 111
111 112
112 113
112 1876
112 1904
113 114
114 115
115 116
116 117
117 118
118 119
119 120
119 1706
119 1862
120 121
121 122
122 123
123 124
123 1636
123 1966
124 125
125 126
125 1886
126 127
127 128
127 1728
127 1744
128 129
129 130
130 131
130 1872
131 132
132 133
133 134
134 135
135 136
136 137
137 138
137 1565
138 139
139 140
139 1610
140 141
140 1800
141 142
141 1817
142 143
143 144
144 145
145 146
145 1709
146 147
147 148
148 149
149 150
150 151
151 152
152 153
153 154
154 155
155 156
155 1674
156 157
157 158
157 1534
158 159
159 160
160 161
160 1720
161 162
161 1779
162 163
163 164
164 165
164 1875
164 1981
165 166
166 167
167 168
167 1967
168 169
169 170
170 171
170 1998
171 172
171 1595
172 173
173 174
174 175
174 1559
175 176
176 177
177 178
177 1522
178 179
179 180
180 181
181 182
182 183
182 1835
183 184
184 185
185 186
186 187
187 188
187 1688
188 189
189 190
190 191
191 192
191 1699
192 193
193 194
194 195
194 1532
195 196
195 1816
196 197
196 1515
197 198
198 199
198 1774
199 200
199 1618
200 201
201 202
202 203
203 204
203 1708
204 205
205 206
206 207
206 1969
207 208
208 209
208 1877
209 210
210 211
211 212
212 213
213 214
214 215
215 216
216 217
216 1535
217 218
218 219
219 220
219 1975
220 221
221 222
222 223
223 224
224 225
225 226
226 227
226 1992
227 228
228 229
228 1772
229 230
230 231
231 232
232 233
233 234
234 235
235 236
236 237
236 1506
237 238
238 239
239 240
240 241
240 1656
241 242
241 1751
242 243
242 1946
243 244
244 245
245 246
245 1509
246 247
247 248
248 249
249 250
250 251
251 252
252 253
253 254
254 255
254 1700
254 1880
255 256
256 257
256 1646
257 258
258 259
259 260
260 261
261 262
262 263
263 264
264 265
265 266
266 267
266 1882
267 268
268 269
269 270
269 1775
270 271
271 272
272 273
273 274
273 1569
274 275
275 276
276 277
277 278
277 1726
278 279
278 1891
279 280
280 281
281 282
282 283
282 1742
283 284
284 285
285 286
285 1593
285 1951
286 287
287 288
288 289
289 290
290 291
290 1704
291 292
292 293
293 294
294 295
295 296
296 297
297 298
298 299
299 300
300 301
301 302
302 303
303 304
304 305
305 306
306 307
307 308
307 1808
308 309
309 310
309 1692
310 311
310 1923
311 312
312 313
312 1947
313 314
314 315
315 316
316 317
316 1910
317 318
318 319
319 320
320 321
321 322
322 323
322 1793
323 324
324 325
325 326
325 1644
326 327
327 328
328 329
329 330
330 331
331 332
332 333
332 1570
333 334
334 335
335 336
336 337
336 1785
337 338
337 1832
338 339
338 1541
339 340
339 1581
340 341
341 342
342 343
343 344
344 345
344 1879
345 346
346 347
347 348
347 1501
348 349
349 350
350 351
351 352
352 353
353 354
353 1617
354 355
355 356
355 1520
356 357
357 358
358 359
359 360
360 361
361 362
362 363
363 364
363 1900
364 365
365 366
366 367
366 1546
366 1760
367 368
368 369
369 370
370 371
371 372
372 373
372 1737
373 374
374 375
375 376
375 1840
376 377
377 378
378 379
379 380
379 1749
380 381
380 1549
381 382
382 383
383 384
383 1537
383 1603
384 385
385 386
386 387
387 388
388 389
388 1715
389 390
390 391
390 1596
391 392
392 393
393 394
394 395
395 396
395 1572
395 1621
396 397
396 1553
397 398
398 399
398 1968
399 400
400 401
400 1643
400 1771
401 402
401 1826
402 403
403 404
404 405
405 406
406 407
407 408
408 409
408 1697
409 410
410 411
411 412
412 413
412 1613
413 414
414 415
415 416
415 1626
416 417
417 418
418 419
419 420
420 421
421 422
422 423
422 1528
422 1768
422 1769
423 424
423 1695
424 425
425 426
425 1652
426 427
427 428
428 429
429 430
430 431
430 1682
430 1854
431 432
432 433
433 434
434 435
435 436
436 437
437 438
438 439
439 440
439 1885
440 441
441 442
441 1716
441 1727
442 443
443 444
444 445
444 1684
445 446
446 447
447 448
448 449
448 1995
449 450
450 451
451 452
451 1746
452 453
453 454
453 1828
454 455
454 1587
455 456
456 457
457 458
458 459
459 460
460 461
461 462
462 463
463 464
464 465
464 1503
465 466
465 1712
466 467
467 468
468 469
468 1988
469 470
470 471
470 1936
471 472
472 473
473 474
474 475
474 1671
475 476
476 477
477 478
478 479
479 480
480 481
481 482
482 483
483 484
484 485
485 486
485 1622
485 1888
486 487
487 488
488 489
489 490
490 491
491 492
492 493
493 494
494 495
495 496
495 1977
496 497
497 498
497 1860
498 499
499 500
500 501
501 502
502 503
503 504
504 505
505 506
506 507
507 508
508 509
509 510
510 511
510 1533
511 512
511 1806
512 513
513 514
514 515
515 516
516 517
517 518
518 519
519 520
519 1680
520 521
520 1747
521 522
521 1987
522 523
523 524
524 525
524 1750
525 526
526 527
527 528
528 529
529 530
530 531
530 1933
531 532
532 533
533 534
534 535
535 536
536 537
537 538
537 1824
538 539
539 540
540 541
540 1538
540 1615
541 542
541 1790
542 543
543 544
544 545
545 546
546 547
546 1845
547 548
548 549
549 550
550 551
551 552
551 1554
552 553
553 554
554 555
555 556
555 1578
555 1950
556 557
556 1517
557 558
558 559
559 560
559 1586
559 1650
560 561
561 562
562 563
563 564
563 1733
564 565
565 566
566 567
567 568
567 1678
568 569
568 1548
569 570
570 571
571 572
572 573
572 1986
573 574
574 575
575 576
576 577
577 578
578 579
579 580
579 1781
580 581
581 582
582 583
583 584
584 585
585 586
586 587
586 1594
587 588
587 1566
588 589
588 1841
589 590
590 591
591 592
592 593
592 1516
593 594
594 595
595 596
596 597
597 598
598 599
599 600
600 601
601 602
601 1711
602 603
602 1558
602 1903
603 604
603 1908
604 605
605 606
606 607
607 608
608 609
609 610
610 611
610 1938
611 612
611 1654
612 613
613 614
613 1752
614 615
614 1598
614 1623
615 616
616 617
617 618
617 1997
618 619
619 620
620 621
620 1531
621 622
621 1810
622 623
623 624
624 625
625 626
625 1513
626 627
627 628
627 1856
628 629
629 630
630 631
631 632
632 633
633 634
634 635
635 636
635 1960
636 637
636 1971
637 638
638 639
639 640
640 641
641 642
642 643
643 644
644 645
644 1786
645 646
645 1717
646 647
647 648
648 649
649 650
650 651
651 652
652 653
653 654
653 1807
654 655
655 656
656 657
656 1724
657 658
657 1707
658 659
658 1659
659 660
660 661
661 662
662 663
663 664
663 1767
663 1778
664 665
665 666
666 667
667 668
668 669
669 670
669 1809
670 671
671 672
671 1725
672 673
673 674
673 1818
674 675
674 1830
674 1894
675 676
676 677
677 678
678 679
679 680
680 681
681 682
682 683
683 684
684 685
685 686
686 687
687 688
688 689
689 690
690 691
691 692
692 693
693 694
694 695
694 1552
695 696
696 697
697 698
698 699
699 700
700 701
701 702
702 703
703 704
704 705
705 706
706 707
707 708
708 709
709 710
710 711
710 1668
711 712
711 1911
712 713
713 714
714 715
715 716
716 717
717 718
718 719
719 720
720 721
720 1884
721 722
721 1782
722 723
722 1649
723 724
723 1556
724 725
725 726
726 727
727 728
727 1927
728 729
729 730
730 731
730 1544
731 732
731 1788
732 733
733 734
734 735
734 1543
735 736
736 737
737 738
738 739
739 740
739 1743
740 741
741 742
742 743
742 1514
743 744
744 745
744 1689
745 746
746 747
747 748
747 1796
748 749
749 750
750 751
751 752
752 753
753 754
754 755
754 1973
755 756
755 1831
756 757
757 758
758 759
759 760
759 1906
760 761
761 762
762 763
762 1651
763 764
763 1666
764 765
764 1770
765 766
765 1739
766 767
767 768
768 769
769 770
770 771
771 772
771 1777
772 773
773 774
774 775
775 776
776 777
776 1948
777 778
777 1859
778 779
779 780
780 781
780 1567
780 1628
781 782
782 783
783 784
784 785
785 786
785 1637
786 787
787 788
788 789
789 790
790 791
790 1924
790 1935
791 792
792 793
793 794
794 795
794 1994
795 796
796 797
797 798
798 799
799 800
810 1821
812 1964
819 1562
819 1866
820 1557
822 1657
823 1606
828 1773
828 1917
829 1849
838 1713
839 1944
843 1883
844 1681
844 1839
845 1627
845 1789
850 1694
853 1573
858 1893
859 1979
862 1542
862 1576
862 1625
863 1956
864 1863
864 1915
865 1605
871 1961
876 1561
886 1640
888 1989
889 1799
890 1635
892 1500
894 1864
898 1508
900 1990
901 1902
905 1792
908 1638
909 1929
912 1776
921 1647
922 1761
924 1687
924 1962
925 1512
926 1972
928 1540
931 1815
932 1639
936 1943
943 1941
946 1702
958 1642
963 1653
966 1568
967 1555
967 1676
967 1731
969 1734
974 1763
976 1518
976 1583
980 1690
982 1685
986 1963
987 1672
995 1803
998 1791
1002 1592
1005 1527
1007 1510
1009 1932
1014 1921
1028 1620
1030 1909
1032 1601
1036 1794
1037 1560
1039 1691
1041 1526
1045 1913
1054 1874
1058 1611
1061 1579
1066 1660
1066 1914
1067 1833
1068 1536
1068 1984
1069 1852
1071 1887
1085 1922
1093 1714
1097 1723
1109 1701
1112 1925
1114 1953
1117 1667
1120 1577
1125 1648
1127 1619
1154 1838
1159 1759
1160 1641
1160 1669
1160 1844
1162 1523
1168 1813
1175 1525
1179 1745
1188 1696
1196 1582
1196 1608
1197 1589
1200 1670
1205 1665
1205 1837
1207 1599
1212 1521
1212 1732
1219 1630
1220 1878
1220 1898
1225 1710
1228 1735
1229 1575
1229 1677
1231 1847
1233 1980
1234 1504
1234 1602
1234 1664
1238 1663
1238 1861
1242 1658
1245 1825
1247 1985
1248 1974
1253 1916
1263 1740
1267 1871
1269 1954
1271 1600
1302 1959
1312 1524
1313 1802
1323 1978
1328 1529
1331 1738
1334 1545
1334 1563
1339 1851
1344 1907
1347 1804
1349 1661
1350 1585
1355 1597
1357 1698
1365 1645
1366 1896
1374 1765
1379 1614
1380 1858
1393 1934
1400 1890
1406 1757
1409 1609
1411 1756
1416 1675
1417 1590
1423 1867
1425 1679
1427 1892
1431 1530
1432 1551
1433 1957
1434 1958
1442 1505
1442 1634
1452 1766
1465 1736
1471 1787
1472 1730
1473 1812
1474 1899
1481 1758
1482 1616
1492 1502
1493 1693
1494 1811
1497 1604
1498 1834
1504 1519
1510 1580
1513 1853
1516 1574
1518 1819
1520 1539
1520 1547
1521 1926
1528 1721
1538 1801
1546 1764
1546 1895
1548 1550
1548 1870
1561 1836
1563 1705
1564 1901
1566 1955
1569 1662
1569 1855
1570 1607
1586 1655
1592 1805
1598 1703
1602 1673
1605 1741
1613 1629
1618 1797
1625 1857
1651 1996
1653 1755
1667 1937
1668 1918
1676 1869
1678 1798
1681 1683
1687 1718
1689 1920
1695 1762
1697 1722
1697 1912
1702 1754
1710 1780
1711 1783
1711 1850
1720 1827
1722 1970
1735 1748
1751 1795
1752 1897
1754 1928
1755 1931
1766 1919
1783 1846
1786 1822
1787 1865
1792 1823
1798 1993
1807 1881
1831 1842
1859 1952
1864 1905
1891 1983
1915 1930
1978 1999
1985 1991
1999
1 2
1 801
1 802
1 803
1 804
1 805
1 806
1 807
1 808
1 809
1 810
1 811
1 812
1 813
1 814
1 815
1 816
1 817
1 818
1 819
1 820
1 821
1 822
1 823
1 824
1 825
1 826
1 827
1 828
1 829
1 830
1 831
1 832
1 833
1 834
1 835
1 836
1 837
1 838
1 839
1 840
1 841
1 842
1 843
1 844
1 845
1 846
1 847
1 848
1 849
1 850
1 851
1 852
1 853
1 854
1 855
1 856
1 857
1 858
1 859
1 860
1 861
1 862
1 863
1 864
1 865
1 866
1 867
1 868
1 869
1 870
1 871
1 872
1 873
1 874
1 875
1 876
1 877
1 878
1 879
1 880
1 881
1 882
1 883
1 884
1 885
1 886
1 887
1 888
1 889
1 890
1 891
1 892
1 893
1 894
1 895
1 896
1 897
1 898
1 899
1 900
1 901
1 902
1 903
1 904
1 905
1 906
1 907
1 908
1 909
1 910
1 911
1 912
1 913
1 914
1 915
1 916
1 917
1 918
1 919
1 920
1 921
1 922
1 923
1 924
1 925
1 926
1 927
1 928
1 929
1 930
1 931
1 932
1 933
1 934
1 935
1 936
1 937
1 938
1 939
1 940
1 941
1 942
1 943
1 944
1 945
1 946
1 947
1 948
1 949
1 950
1 951
1 952
1 953
1 954
1 955
1 956
1 957
1 958
1 959
1 960
1 961
1 962
1 963
1 964
1 965
1 966
1 967
1 968
1 969
1 970
1 971
1 972
1 973
1 974
1 975
1 976
1 977
1 978
1 979
1 980
1 981
1 982
1 983
1 984
1 985
1 986
1 987
1 988
1 989
1 990
1 991
1 992
1 993
1 994
1 995
1 996
1 997
1 998
1 999
1 1000
1 1001
1 1002
1 1003
1 1004
1 1005
1 1006
1 1007
1 1008
1 1009
1 1010
1 1011
1 1012
1 1013
1 1014
1 1015
1 1016
1 1017
1 1018
1 1019
1 1020
1 1021
1 1022
1 1023
1 1024
1 1025
1 1026
1 1027
1 1028
1 1029
1 1030
1 1031
1 1032
1 1033
1 1034
1 1035
1 1036
1 1037
1 1038
1 1039
1 1040
1 1041
1 1042
1 1043
1 1044
1 1045
1 1046
1 1047
1 1048
1 1049
1 1050
1 1051
1 1052
1 1053
1 1054
1 1055
1 1056
1 1057
1 1058
1 1059
1 1060
1 1061
1 1062
1 1063
1 1064
1 1065
1 1066
1 1067
1 1068
1 1069
1 1070
1 1071
1 1072
1 1073
1 1074
1 1075
1 1076
1 1077
1 1078
1 1079
1 1080
1 1081
1 1082
1 1083
1 1084
1 1085
1 1086
1 1087
1 1088
1 1089
1 1090
1 1091
1 1092
1 1093
1 1094
1 1095
1 1096
1 1097
1 1098
1 1099
1 1100
1 1101
1 1102
1 1103
1 1104
1 1105
1 1106
1 1107
1 1108
1 1109
1 1110
1 1111
1 1112
1 1113
1 1114
1 1115
1 1116
1 1117
1 1118
1 1119
1 1120
1 1121
1 1122
1 1123
1 1124
1 1125
1 1126
1 1127
1 1128
1 1129
1 1130
1 1131
1 1132
1 1133
1 1134
1 1135
1 1136
1 1137
1 1138
1 1139
1 1140
1 1141
1 1142
1 1143
1 1144
1 1145
1 1146
1 1147
1 1148
1 1149
1 1150
1 1151
1 1152
1 1153
1 1154
1 1155
1 1156
1 1157
1 1158
1 1159
1 1160
1 1161
1 1162
1 1163
1 1164
1 1165
1 1166
1 1167
1 1168
1 1169
1 1170
1 1171
1 1172
1 1173
1 1174
1 1175
1 1176
1 1177
1 1178
1 1179
1 1180
1 1181
1 1182
1 1183
1 1184
1 1185
1 1186
1 1187
1 1188
1 1189
1 1190
1 1191
1 1192
1 1193
1 1194
1 1195
1 1196
1 1197
1 1198
1 1199
1 1200
1 1201
1 1202
1 1203
1 1204
1 1205
1 1206
1 1207
1 1208
1 1209
1 1210
1 1211
1 1212
1 1213
1 1214
1 1215
1 1216
1 1217
1 1218
1 1219
1 1220
1 1221
1 1222
1 1223
1 1224
1 1225
1 1226
1 1227
1 1228
1 1229
1 1230
1 1231
1 1232
1 1233
1 1234
1 1235
1 1236
1 1237
1 1238
1 1239
1 1240
1 1241
1 1242
1 1243
1 1244
1 1245
1 1246
1 1247
1 1248
1 1249
1 1250
1 1251
1 1252
1 1253
1 1254
1 1255
1 1256
1 1257
1 1258
1 1259
1 1260
1 1261
1 1262
1 1263
1 1264
1 1265
1 1266
1 1267
1 1268
1 1269
1 1270
1 1271
1 1272
1 1273
1 1274
1 1275
1 1276
1 1277
1 1278
1 1279
1 1280
1 1281
1 1282
1 1283
1 1284
1 1285
1 1286
1 1287
1 1288
1 1289
1 1290
1 1291
1 1292
1 1293
1 1294
1 1295
1 1296
1 1297
1 1298
1 1299
1 1300
1 1301
1 1302
1 1303
1 1304
1 1305
1 1306
1 1307
1 1308
1 1309
1 1310
1 1311
1 1312
1 1313
1 1314
1 1315
1 1316
1 1317
1 1318
1 1319
1 1320
1 1321
1 1322
1 1323
1 1324
1 1325
1 1326
1 1327
1 1328
1 1329
1 1330
1 1331
1 1332
1 1333
1 1334
1 1335
1 1336
1 1337
1 1338
1 1339
1 1340
1 1341
1 1342
1 1343
1 1344
1 1345
1 1346
1 1347
1 1348
1 1349
1 1350
1 1351
1 1352
1 1353
1 1354
1 1355
1 1356
1 1357
1 1358
1 1359
1 1360
1 1361
1 1362
1 1363
1 1364
1 1365
1 1366
1 1367
1 1368
1 1369
1 1370
1 1371
1 1372
1 1373
1 1374
1 1375
1 1376
1 1377
1 1378
1 1379
1 1380
1 1381
1 1382
1 1383
1 1384
1 1385
1 1386
1 1387
1 1388
1 1389
1 1390
1 1391
1 1392
1 1393
1 1394
1 1395
1 1396
1 1397
1 1398
1 1399
1 1400
1 1401
1 1402
1 1403
1 1404
1 1405
1 1406
1 1407
1 1408
1 1409
1 1410
1 1411
1 1412
1 1413
1 1414
1 1415
1 1416
1 1417
1 1418
1 1419
1 1420
1 1421
1 1422
1 1423
1 1424
1 1425
1 1426
1 1427
1 1428
1 1429
1 1430
1 1431
1 1432
1 1433
1 1434
1 1435
1 1436
1 1437
1 1438
1 1439
1 1440
1 1441
1 1442
1 1443
1 1444
1 1445
1 1446
1 1447
1 1448
1 1449
1 1450
1 1451
1 1452
1 1453
1 1454
1 1455
1 1456
1 1457
1 1458
1 1459
1 1460
1 1461
1 1462
1 1463
1 1464
1 1465
1 1466
1 1467
1 1468
1 1469
1 1470
1 1471
1 1472
1 1473
1 1474
1 1475
1 1476
1 1477
1 1478
1 1479
1 1480
1 1481
1 1482
1 1483
1 1484
1 1485
1 1486
1 1487
1 1488
1 1489
1 1490
1 1491
1 1492
1 1493
1 1494
1 1495
1 1496
1 1497
1 1498
1 1499
2 3
3 4
4 5
4 1692
5 6
6 7
7 8
8 9
9 10
10 11
11 12
12 13
12 1742
13 14
13 1966
14 15
15 16
16 17
17 18
18 19
19 20
20 21
21 22
22 23
23 24
23 1604
23 1777
23 1871
24 25
25 26
26 27
27 28
28 29
29 30
29 1530
30 31
31 32
32 33
33 34
34 35
34 1978
35 36
36 37
37 38
38 39
39 40
39 1687
40 41
41 42
41 1990
42 43
43 44
44 45
45 46
46 47
47 48
47 1533
48 49
48 1883
49 50
50 51
51 52
51 1808
52 53
52 1872
53 54
54 55
55 56
56 57
56 1547
56 1641
57 58
58 59
59 60
60 61
61 62
62 63
63 64
64 65
65 66
66 67
66 1532
66 1873
67 68
68 69
69 70
70 71
71 72
71 1954
72 73
73 74
74 75
74 1988
75 76
76 77
76 1850
77 78
78 79
79 80
80 81
80 1580
81 82
82 83
83 84
84 85
85 86
86 87
87 88
87 1911
88 89
89 90
90 91
90 1520
91 92
92 93
93 94
94 95
95 96
96 97
97 98
98 99
99 100
100 101
101 102
101 1950
102 103
103 104
104 105
105 106
106 107
107 108
108 109
109 110
110 111
111 112
111 1818
112 113
113 114
114 115
114 1819
115 116
116 117
117 118
118 119
119 120
120 121
121 122
122 123
122 1545
122 1688
122 1875
123 124
124 125
124 1649
124 1787
125 126
126 127
126 1752
127 128
128 129
128 1893
129 130
129 1643
130 131
131 132
132 133
133 134
134 135
135 136
135 1599
136 137
137 138
138 139
139 140
140 141
140 1689
141 142
142 143
143 144
143 1715
144 145
145 146
146 147
147 148
148 149
149 150
150 151
151 152
152 153
153 154
154 155
155 156
156 157
157 158
158 159
159 160
160 161
161 162
162 163
163 164
164 165
165 166
165 1583
166 167
166 1764
166 1864
167 168
168 169
168 1699
168 1782
169 170
170 171
171 172
172 173
173 174
173 1698
174 175
175 176
175 1700
176 177
177 178
178 179
179 180
180 181
180 1765
181 182
182 183
183 184
184 185
185 186
186 187
187 188
187 1702
188 189
189 190
190 191
191 192
192 193
193 194
194 195
195 196
196 197
197 198
198 199
199 200
200 201
200 1969
201 202
202 203
203 204
203 1913
204 205
205 206
206 207
206 1534
207 208
208 209
209 210
209 1581
209 1714
210 211
210 1603
211 212
212 213
212 1524
213 214
214 215
214 1543
214 1644
214 1721
215 216
216 217
217 218
217 1512
218 219
219 220
219 1897
220 221
221 222
222 223
223 224
224 225
225 226
225 1858
226 227
226 1956
227 228
227 1724
228 229
229 230
230 231
231 232
232 233
232 1773
233 234
234 235
234 1585
235 236
236 237
236 1807
237 238
237 1566
238 239
239 240
240 241
240 1986
241 242
242 243
242 1671
242 1758
243 244
243 1914
244 245
244 1857
245 246
246 247
247 248
248 249
249 250
250 251
251 252
252 253
253 254
254 255
255 256
256 257
257 258
258 259
259 260
260 261
260 1798
261 262
262 263
263 264
264 265
265 266
265 1619
266 267
267 268
268 269
268 1731
269 270
270 271
270 1835
271 272
272 273
273 274
274 275
275 276
276 277
276 1571
277 278
277 1834
278 279
278 1515
279 280
280 281
281 282
282 283
282 1507
283 284
284 285
285 286
286 287
287 288
288 289
289 290
289 1999
290 291
291 292
292 293
293 294
294 295
295 296
295 1888
296 297
297 298
297 1890
298 299
299 300
299 1678
299 1785
299 1923
300 301
300 1626
300 1815
301 302
302 303
303 304
304 305
304 1540
304 1596
305 306
306 307
307 308
308 309
309 310
310 311
311 312
312 313
313 314
313 1694
314 315
315 316
316 317
317 318
317 1723
318 319
319 320
319 1743
320 321
321 322
321 1523
322 323
322 1575
323 324
324 325
324 1822
325 326
325 1675
326 327
326 1983
327 328
328 329
329 330
330 331
331 332
331 1977
332 333
333 334
334 335
334 1877
335 336
336 337
337 338
338 339
339 340
340 341
341 342
342 343
342 1525
343 344
343 1509
344 345
345 346
346 347
346 1701
347 348
348 349
348 1942
349 350
349 1860
350 351
351 352
352 353
353 354
354 355
354 1900
355 356
356 357
357 358
358 359
359 360
360 361
361 362
361 1922
362 363
363 364
364 365
365 366
366 367
367 368
367 1560
367 1921
368 369
369 370
370 371
371 372
372 373
372 1996
373 374
373 1592
373 1728
374 375
374 1569
375 376
375 1881
376 377
377 378
377 1980
378 379
379 380
379 1526
380 381
380 1982
381 382
382 383
383 384
384 385
385 386
386 387
387 388
388 389
389 390
390 391
391 392
392 393
392 1889
393 394
394 395
395 396
396 397
397 398
398 399
399 400
400 401
401 402
402 403
403 404
404 405
405 406
405 1511
406 407
407 408
408 409
409 410
409 1552
410 411
410 1829
411 412
412 413
413 414
414 415
414 1863
415 416
416 417
416 1627
417 418
418 419
419 420
420 421
421 422
422 423
423 424
424 425
425 426
426 427
427 428
428 429
429 430
430 431
431 432
432 433
433 434
434 435
435 436
435 1826
436 437
437 438
438 439
439 440
439 1830
440 441
441 442
442 443
443 444
444 445
444 1790
445 446
445 1846
445 1989
446 447
447 448
448 449
449 450
450 451
450 1645
451 452
452 453
452 1652
452 1666
453 454
454 455
455 456
456 457
457 458
458 459
458 1740
459 460
459 1948
460 461
461 462
462 463
463 464
463 1539
464 465
464 1930
465 466
466 467
467 468
468 469
469 470
470 471
471 472
471 1668
472 473
473 474
474 475
475 476
476 477
476 1918
477 478
478 479
478 1593
479 480
479 1917
479 1959
480 481
481 482
482 483
483 484
484 485
485 486
486 487
486 1992
487 488
488 489
489 490
490 491
490 1960
491 492
492 493
493 494
494 495
495 496
496 497
497 498
498 499
499 500
500 501
501 502
502 503
503 504
504 505
505 506
506 507
507 508
507 1691
507 1781
508 509
509 510
509 1802
510 511
511 512
512 513
513 514
514 515
515 516
515 1561
516 517
517 518
518 519
519 520
520 521
520 1669
520 1736
521 522
522 523
523 524
524 525
525 526
525 1637
526 527
527 528
528 529
529 530
530 531
531 532
532 533
533 534
533 1568
534 535
534 1531
535 536
536 537
537 538
538 539
539 540
540 541
541 542
542 543
542 1745
543 544
544 545
545 546
546 547
547 548
548 549
549 550
549 1887
550 551
550 1518
551 552
552 553
553 554
554 555
555 556
555 1909
556 557
557 558
558 559
559 560
560 561
560 1501
560 1793
560 1861
561 562
562 563
562 1570
562 1628
563 564
564 565
564 1916
565 566
566 567
567 568
567 1632
568 569
569 570
569 1805
569 1931
570 571
571 572
572 573
573 574
574 575
574 1611
575 576
576 577
577 578
577 1516
578 579
578 1919
579 580
580 581
581 582
582 583
583 584
584 585
585 586
586 587
587 588
588 589
589 590
590 591
590 1510
591 592
592 593
593 594
594 595
595 596
596 597
596 1679
597 598
598 599
599 600
600 601
601 602
602 603
603 604
604 605
605 606
606 607
607 608
608 609
609 610
610 611
611 612
611 1832
612 613
612 1541
613 614
614 615
615 616
616 617
617 618
617 1976
618 619
619 620
620 621
621 622
622 623
623 624
624 625
624 1974
625 626
626 627
627 628
628 629
629 630
630 631
630 1748
630 1879
631 632
631 1650
632 633
633 634
634 635
635 636
636 637
637 638
638 639
639 640
639 1841
640 641
641 642
642 643
643 644
644 645
644 1856
645 646
646 647
647 648
648 649
649 650
650 651
651 652
652 653
652 1553
653 654
654 655
655 656
656 657
657 658
658 659
659 660
660 661
660 1653
661 662
662 663
663 664
664 665
664 1757
665 666
665 1730
665 1796
666 667
667 668
667 1838
668 669
669 670
670 671
671 672
672 673
673 674
674 675
675 676
675 1546
675 1852
676 677
677 678
678 679
678 1789
679 680
680 681
680 1814
681 682
682 683
683 684
684 685
684 1804
685 686
685 1901
686 687
686 1799
687 688
688 689
689 690
690 691
690 1623
690 1647
691 692
692 693
692 1972
693 694
694 695
694 1577
695 696
696 697
696 1508
697 698
698 699
699 700
699 1513
700 701
701 702
701 1761
702 703
703 704
703 1770
704 705
705 706
705 1705
706 707
707 708
708 709
709 710
710 711
711 712
712 713
712 1932
713 714
714 715
715 716
716 717
717 718
718 719
719 720
720 721
721 722
722 723
722 1588
723 724
724 725
725 726
726 727
726 1536
727 728
727 1655
727 1749
728 729
729 730
730 731
731 732
732 733
733 734
734 735
735 736
736 737
737 738
738 739
739 740
740 741
741 742
742 743
743 744
744 745
745 746
746 747
747 748
747 1823
748 749
749 750
749 1558
750 751
751 752
752 753
753 754
754 755
754 1578
754 1579
755 756
756 757
757 758
758 759
758 1862
759 760
760 761
761 762
762 763
763 764
764 765
764 1894
765 766
766 767
767 768
767 1664
768 769
769 770
770 771
770 1833
771 772
771 1556
771 1617
772 773
773 774
773 1735
774 775
775 776
775 1845
776 777
777 778
778 779
779 780
780 781
781 782
781 1884
782 783
782 1779
783 784
784 785
785 786
786 787
787 788
788 789
789 790
789 1665
790 791
790 1788
791 792
792 793
793 794
794 795
795 796
795 1595
796 797
797 798
798 799
799 800
800 1642
800 1903
801 1505
802 1867
804 1684
811 1672
813 1522
816 1590
816 1783
822 1801
826 1741
832 1562
835 1544
841 1899
842 1869
848 1906
849 1607
852 1500
857 1898
857 1935
861 1614
862 1925
865 1612
867 1763
876 1896
885 1613
887 1622
888 1601
895 1780
898 1631
898 1998
906 1663
910 1759
917 1638
920 1519
920 1608
926 1696
933 1682
934 1657
935 1633
938 1739
943 1680
946 1979
949 1584
951 1629
953 1755
953 1855
957 1661
957 1738
957 1747
958 1963
962 1824
967 1812
992 1784
996 1695
997 1904
999 1538
1002 1667
1004 1621
1009 1707
1009 1816
1011 1803
1013 1776
1016 1940
1017 1636
1017 1662
1017 1693
1021 1555
1022 1949
1023 1928
1027 1985
1035 1851
1036 1651
1037 1563
1053 1910
1062 1610
1067 1760
1068 1605
1072 1521
1083 1537
1083 1658
1083 1719
1088 1836
1088 1891
1090 1683
1091 1997
1093 1886
1094 1744
1098 1946
1100 1994
1101 1725
1102 1600
1109 1586
1109 1718
1111 1654
1112 1713
1119 1564
1129 1927
1130 1542
1130 1673
1132 1634
1133 1670
1137 1704
1145 1549
1149 1514
1150 1933
1152 1953
1154 1880
1163 1821
1164 1676
1164 1943
1165 1535
1165 1839
1167 1995
1170 1557
1171 1774
1180 1551
1180 1965
1183 1892
1184 1733
1190 1506
1192 1550
1198 1554
1198 1750
1200 1791
1212 1754
1217 1809
1219 1709
1225 1878
1227 1766
1228 1503
1234 1527
1240 1847
1243 1529
1249 1905
1250 1602
1250 1660
1252 1797
1256 1732
1259 1572
1259 1973
1263 1685
1263 1778
1263 1792
1263 1936
1270 1517
1274 1711
1276 1964
1279 1565
1283 1837
1284 1656
1297 1528
1299 1882
1300 1768
1307 1967
1309 1775
1313 1885
1316 1902
1320 1567
1321 1706
1330 1574
1330 1962
1335 1615
1341 1828
1342 1908
1349 1573
1351 1831
1352 1576
1356 1587
1359 1746
1364 1827
1365 1697
1366 1504
1367 1981
1372 1502
1383 1842
1389 1630
1392 1817
1394 1589
1407 1606
1407 1941
1410 1971
1412 1937
1416 1810
1422 1639
1422 1729
1427 1616
1438 1674
1438 1716
1444 1968
1448 1609
1452 1865
1457 1825
1462 1794
1464 1712
1464 1813
1465 1548
1471 1598
1472 1640
1480 1924
1481 1854
1484 1947
1490 1734
1494 1635
1508 1681
1510 1811
1518 1624
1518 1800
1527 1876
1529 1868
1531 1926
1535 1594
1537 1597
1538 1582
1541 1591
1541 1727
1544 1786
1549 1920
1550 1726
1550 1751
1552 1559
1552 1618
1553 1648
1554 1690
1555 1659
1556 1772
1557 1859
1561 1722
1566 1912
1568 1848
1572 1767
1590 1620
1592 1756
1594 1625
1595 1686
1598 1762
1599 1771
1603 1987
1604 1769
1605 1993
1606 1677
1606 1915
1612 1646
1619 1753
1623 1720
1624 1703
1645 1717
1656 1853
1660 1874
1663 1952
1666 1820
1669 1737
1676 1844
1681 1708
1695 1951
1696 1710
1698 1970
1707 1961
1727 1795
1763 1840
1766 1806
1770 1945
1780 1907
1781 1939
1782 1866
1788 1991
1791 1843
1804 1938
1809 1849
1823 1870
1827 1929
1841 1958
1843 1895
1856 1984
1860 1944
1886 1957
1897 1934
1908 1955
1910 1975
1999
1 2
1 801
1 802
1 803
1 804
1 805
1 806
1 807
1 808
1 809
1 810
1 811
1 812
1 813
1 814
1 815
1 816
1 817
1 818
1 819
1 820
1 821
1 822
1 823
1 824
1 825
1 826
1 827
1 828
1 829
1 830
1 831
1 832
1 833
1 834
1 835
1 836
1 837
1 838
1 839
1 840
1 841
1 842
1 843
1 844
1 845
1 846
1 847
1 848
1 849
1 850
1 851
1 852
1 853
1 854
1 855
1 856
1 857
1 858
1 859
1 860
1 861
1 862
1 863
1 864
1 865
1 866
1 867
1 868
1 869
1 870
1 871
1 872
1 873
1 874
1 875
1 876
1 877
1 878
1 879
1 880
1 881
1 882
1 883
1 884
1 885
1 886
1 887
1 888
1 889
1 890
1 891
1 892
1 893
1 894
1 895
1 896
1 897
1 898
1 899
1 900
1 901
1 902
1 903
1 904
1 905
1 906
1 907
1 908
1 909
1 910
1 911
1 912
1 913
1 914
1 915
1 916
1 917
1 918
1 919
1 920
1 921
1 922
1 923
1 924
1 925
1 926
1 927
1 928
1 929
1 930
1 931
1 932
1 933
1 934
1 935
1 936
1 937
1 938
1 939
1 940
1 941
1 942
1 943
1 944
1 945
1 946
1 947
1 948
1 949
1 950
1 951
1 952
1 953
1 954
1 955
1 956
1 957
1 958
1 959
1 960
1 961
1 962
1 963
1 964
1 965
1 966
1 967
1 968
1 969
1 970
1 971
1 972
1 973
1 974
1 975
1 976
1 977
1 978
1 979
1 980
1 981
1 982
1 983
1 984
1 985
1 986
1 987
1 988
1 989
1 990
1 991
1 992
1 993
1 994
1 995
1 996
1 997
1 998
1 999
1 1000
1 1001
1 1002
1 1003
1 1004
1 1005
1 1006
1 1007
1 1008
1 1009
1 1010
1 1011
1 1012
1 1013
1 1014
1 1015
1 1016
1 1017
1 1018
1 1019
1 1020
1 1021
1 1022
1 1023
1 1024
1 1025
1 1026
1 1027
1 1028
1 1029
1 1030
1 1031
1 1032
1 1033
1 1034
1 1035
1 1036
1 1037
1 1038
1 1039
1 1040
1 1041
1 1042
1 1043
1 1044
1 1045
1 1046
1 1047
1 1048
1 1049
1 1050
1 1051
1 1052
1 1053
1 1054
1 1055
1 1056
1 1057
1 1058
1 1059
1 1060
1 1061
1 1062
1 1063
1 1064
1 1065
1 1066
1 1067
1 1068
1 1069
1 1070
1 1071
1 1072
1 1073
1 1074
1 1075
1 1076
1 1077
1 1078
1 1079
1 1080
1 1081
1 1082
1 1083
1 1084
1 1085
1 1086
1 1087
1 1088
1 1089
1 1090
1 1091
1 1092
1 1093
1 1094
1 1095
1 1096
1 1097
1 1098
1 1099
1 1100
1 1101
1 1102
1 1103
1 1104
1 1105
1 1106
1 1107
1 1108
1 1109
1 1110
1 1111
1 1112
1 1113
1 1114
1 1115
1 1116
1 1117
1 1118
1 1119
1 1120
1 1121
1 1122
1 1123
1 1124
1 1125
1 1126
1 1127
1 1128
1 1129
1 1130
1 1131
1 1132
1 1133
1 1134
1 1135
1 1136
1 1137
1 1138
1 1139
1 1140
1 1141
1 1142
1 1143
1 1144
1 1145
1 1146
1 1147
1 1148
1 1149
1 1150
1 1151
1 1152
1 1153
1 1154
1 1155
1 1156
1 1157
1 1158
1 1159
1 1160
1 1161
1 1162
1 1163
1 1164
1 1165
1 1166
1 1167
1 1168
1 1169
1 1170
1 1171
1 1172
1 1173
1 1174
1 1175
1 1176
1 1177
1 1178
1 1179
1 1180
1 1181
1 1182
1 1183
1 1184
1 1185
1 1186
1 1187
1 1188
1 1189
1 1190
1 1191
1 1192
1 1193
1 1194
1 1195
1 1196
1 1197
1 1198
1 1199
1 1200
1 1201
1 1202
1 1203
1 1204
1 1205
1 1206
1 1207
1 1208
1 1209
1 1210
1 1211
1 1212
1 1213
1 1214
1 1215
1 1216
1 1217
1 1218
1 1219
1 1220
1 1221
1 1222
1 1223
1 1224
1 1225
1 1226
1 1227
1 1228
1 1229
1 1230
1 1231
1 1232
1 1233
1 1234
1 1235
1 1236
1 1237
1 1238
1 1239
1 1240
1 1241
1 1242
1 1243
1 1244
1 1245
1 1246
1 1247
1 1248
1 1249
1 1250
1 1251
1 1252
1 1253
1 1254
1 1255
1 1256
1 1257
1 1258
1 1259
1 1260
1 1261
1 1262
1 1263
1 1264
1 1265
1 1266
1 1267
1 1268
1 1269
1 1270
1 1271
1 1272
1 1273
1 1274
1 1275
1 1276
1 1277
1 1278
1 1279
1 1280
1 1281
1 1282
1 1283
1 1284
1 1285
1 1286
1 1287
1 1288
1 1289
1 1290
1 1291
1 1292
1 1293
1 1294
1 1295
1 1296
1 1297
1 1298
1 1299
1 1300
1 1301
1 1302
1 1303
1 1304
1 1305
1 1306
1 1307
1 1308
1 1309
1 1310
1 1311
1 1312
1 1313
1 1314
1 1315
1 1316
1 1317
1 1318
1 1319
1 1320
1 1321
1 1322
1 1323
1 1324
1 1325
1 1326
1 1327
1 1328
1 1329
1 1330
1 1331
1 1332
1 1333
1 1334
1 1335
1 1336
1 1337
1 1338
1 1339
1 1340
1 1341
1 1342
1 1343
1 1344
1 1345
1 1346
1 1347
1 1348
1 1349
1 1350
1 1351
1 1352
1 1353
1 1354
1 1355
1 1356
1 1357
1 1358
1 1359
1 1360
1 1361
1 1362
1 1363
1 1364
1 1365
1 1366
1 1367
1 1368
1 1369
1 1370
1 1371
1 1372
1 1373
1 1374
1 1375
1 1376
1 1377
1 1378
1 1379
1 1380
1 1381
1 1382
1 1383
1 1384
1 1385
1 1386
1 1387
1 1388
1 1389
1 1390
1 1391
1 1392
1 1393
1 1394
1 1395
1 1396
1 1397
1 1398
1 1399
1 1400
1 1401
1 1402
1 1403
1 1404
1 1405
1 1406
1 1407
1 1408
1 1409
1 1410
1 1411
1 1412
1 1413
1 1414
1 1415
1 1416
1 1417
1 1418
1 1419
1 1420
1 1421
1 1422
1 1423
1 1424
1 1425
1 1426
1 1427
1 1428
1 1429
1 1430
1 1431
1 1432
1 1433
1 1434
1 1435
1 1436
1 1437
1 1438
1 1439
1 1440
1 1441
1 1442
1 1443
1 1444
1 1445
1 1446
1 1447
1 1448
1 1449
1 1450
1 1451
1 1452
1 1453
1 1454
1 1455
1 1456
1 1457
1 1458
1 1459
1 1460
1 1461
1 1462
1 1463
1 1464
1 1465
1 1466
1 1467
1 1468
1 1469
1 1470
1 1471
1 1472
1 1473
1 1474
1 1475
1 1476
1 1477
1 1478
1 1479
1 1480
1 1481
1 1482
1 1483
1 1484
1 1485
1 1486
1 1487
1 1488
1 1489
1 1490
1 1491
1 1492
1 1493
1 1494
1 1495
1 1496
1 1497
1 1498
1 1499
2 3
3 4
4 5
5 6
5 1880
6 7
7 8
8 9
9 10
10 11
10 1702
10 1977
11 12
12 13
13 14
13 1816
14 15
15 16
16 17
16 1855
17 18
18 19
19 20
20 21
20 1692
21 22
22 23
23 24
24 25
25 26
26 27
26 1857
27 28
27 1848
28 29
28 1518
28 1881
29 30
29 1741
30 31
31 32
32 33
32 1585
33 34
33 1730
34 35
35 36
35 1511
36 37
36 1796
37 38
37 1799
38 39
39 40
40 41
41 42
42 43
43 44
43 1920
44 45
45 46
46 47
47 48
48 49
49 50
50 51
50 1691
51 52
52 53
52 1536
52 1904
52 1953
53 54
54 55
55 56
56 57
56 1563
56 1640
57 58
58 59
58 1594
59 60
59 1651
60 61
61 62
62 63
63 64
63 1592
64 65
65 66
66 67
67 68
68 69
68 1669
69 70
69 1992
70 71
71 72
72 73
72 1884
73 74
74 75
75 76
76 77
76 1613
77 78
78 79
79 80
80 81
80 1580
81 82
82 83
83 84
84 85
84 1949
85 86
86 87
87 88
88 89
88 1523
89 90
90 91
91 92
92 93
93 94
94 95
95 96
95 1846
96 97
96 1838
97 98
98 99
98 1786
99 100
100 101
101 102
102 103
102 1615
103 104
104 105
105 106
106 107
107 108
108 109
109 110
110 111
110 1589
110 1864
111 112
111 1860
112 113
113 114
114 115
115 116
116 117
117 118
117 1952
118 119
119 120
120 121
121 122
122 123
123 124
124 125
124 1554
125 126
126 127
126 1504
127 128
128 129
128 1740
129 130
130 131
131 132
132 133
133 134
134 135
135 136
136 137
137 138
138 139
138 1581
138 1861
139 140
140 141
141 142
142 143
142 1619
143 144
143 1845
144 145
145 146
146 147
147 148
148 149
149 150
150 151
150 1910
151 152
152 153
153 154
154 155
155 156
156 157
157 158
158 159
159 160
160 161
160 1938
160 1947
161 162
161 1562
162 163
163 164
164 165
165 166
166 167
166 1648
167 168
168 169
169 170
170 171
170 1667
171 172
172 173
173 174
174 175
174 1942
175 176
175 1757
176 177
177 178
178 179
179 180
180 181
181 182
182 183
183 184
184 185
185 186
186 187
187 188
188 189
189 190
190 191
191 192
192 193
193 194
193 1994
194 195
195 196
196 197
197 198
198 199
199 200
200 201
201 202
201 1567
201 1572
202 203
202 1694
203 204
204 205
204 1962
205 206
205 1595
205 1734
206 207
206 1526
207 208
207 1774
208 209
209 210
210 211
210 1566
211 212
212 213
213 214
213 1565
213 1587
214 215
214 1917
215 216
216 217
216 1887
216 1895
217 218
218 219
218 1643
219 220
220 221
221 222
222 223
223 224
223 1771
224 225
225 226
226 227
227 228
228 229
229 230
230 231
231 232
232 233
233 234
234 235
235 236
236 237
236 1704
237 238
238 239
239 240
240 241
241 242
242 243
243 244
244 245
244 1537
245 246
246 247
247 248
248 249
249 250
250 251
250 1656
250 1957
251 252
251 1664
252 253
252 1657
253 254
253 1634
254 255
254 1999
255 256
256 257
257 258
257 1598
258 259
259 260
260 261
261 262
262 263
263 264
263 1927
264 265
265 266
265 1859
266 267
267 268
268 269
269 270
270 271
270 1936
271 272
271 1671
272 273
273 274
273 1564
274 275
275 276
276 277
277 278
278 279
279 280
279 1612
280 281
281 282
282 283
283 284
284 285
285 286
286 287
286 1822
287 288
288 289
288 1966
289 290
290 291
291 292
292 293
293 294
293 1557
293 1616
294 295
295 296
296 297
297 298
298 299
299 300
299 1531
299 1680
299 1768
300 301
300 1709
301 302
302 303
302 1976
303 304
304 305
304 1663
305 306
306 307
307 308
308 309
309 310
310 311
311 312
311 1931
312 313
313 314
314 315
315 316
316 317
317 318
317 1828
318 319
319 320
320 321
321 322
322 323
322 1503
323 324
323 1525
324 325
324 1635
324 1639
325 326
326 327
327 328
328 329
329 330
330 331
331 332
332 333
332 1888
333 334
333 1679
333 1737
334 335
335 336
336 337
337 338
338 339
339 340
340 341
340 1776
341 342
342 343
342 1753
343 344
343 1646
344 345
345 346
346 347
347 348
347 1932
348 349
349 350
350 351
351 352
352 353
352 1661
353 354
354 355
355 356
356 357
357 358
358 359
359 360
360 361
360 1819
361 362
362 363
362 1636
363 364
363 1738
364 365
365 366
365 1714
366 367
367 368
368 369
369 370
370 371
371 372
372 373
373 374
374 375
374 1676
375 376
376 377
377 378
378 379
378 1856
379 380
380 381
381 382
381 1703
382 383
383 384
384 385
385 386
386 387
386 1555
387 388
388 389
389 390
390 391
391 392
392 393
393 394
394 395
394 1969
395 396
395 1512
396 397
397 398
398 399
399 400
400 401
401 402
402 403
403 404
404 405
405 406
406 407
407 408
408 409
409 410
410 411
411 412
412 413
413 414
414 415
415 416
416 417
417 418
418 419
418 1975
419 420
419 1762
420 421
420 1997
421 422
422 423
423 424
424 425
425 426
425 1596
426 427
427 428
428 429
428 1681
429 430
430 431
431 432
432 433
432 1689
433 434
433 1898
434 435
434 1502
434 1915
435 436
436 437
437 438
438 439
439 440
439 1508
440 441
441 442
442 443
443 444
443 1543
443 1710
444 445
444 1575
445 446
446 447
447 448
448 449
448 1533
449 450
450 451
451 452
452 453
453 454
454 455
455 456
455 1509
456 457
457 458
457 1788
458 459
459 460
460 461
461 462
462 463
463 464
463 1863
464 465
465 466
466 467
467 468
468 469
469 470
470 471
471 472
472 473
473 474
474 475
475 476
475 1725
476 477
477 478
478 479
479 480
480 481
481 482
482 483
483 484
484 485
485 486
486 487
486 1748
487 488
488 489
489 490
490 491
491 492
492 493
493 494
494 495
495 496
496 497
496 1597
496 1645
497 498
498 499
498 1849
499 500
499 1684
500 501
501 502
501 1959
501 1996
502 503
503 504
504 505
505 506
506 507
507 508
508 509
509 510
510 511
510 1986
511 512
512 513
512 1584
513 514
514 515
514 1522
515 516
516 517
516 1727
517 518
518 519
519 520
520 521
521 522
522 523
523 524
524 525
525 526
526 527
527 528
528 529
528 1706
529 530
529 1610
529 1918
530 531
531 532
532 533
533 534
533 1889
534 535
535 536
535 1896
536 537
537 538
538 539
539 540
539 1528
540 541
541 542
542 543
542 1560
543 544
544 545
544 1672
545 546
546 547
547 548
548 549
549 550
549 1626
550 551
551 552
552 553
553 554
554 555
555 556
556 557
557 558
558 559
559 560
560 561
560 1834
561 562
562 563
562 1553
563 564
563 1530
564 565
564 1913
565 566
565 1850
566 567
567 568
567 1535
567 1815
567 1930
568 569
569 570
570 571
571 572
572 573
573 574
574 575
574 1546
575 576
576 577
576 1911
577 578
578 579
579 580
580 581
581 582
582 583
583 584
584 585
584 1900
585 586
586 587
586 1590
586 1602
586 1993
587 588
587 1767
588 589
588 1839
589 590
589 1631
590 591
591 592
592 593
593 594
593 1577
594 595
595 596
596 597
597 598
598 599
598 1835
598 1919
599 600
600 601
601 602
602 603
603 604
604 605
605 606
605 1970
606 607
607 608
607 1513
607 1665
608 609
609 610
610 611
610 1622
611 612
612 613
612 1988
613 614
614 615
615 616
616 617
617 618
618 619
619 620
620 621
620 1705
621 622
622 623
622 1971
623 624
624 625
625 626
626 627
626 1964
627 628
628 629
629 630
630 631
631 632
632 633
632 1609
633 634
634 635
634 1841
635 636
635 1699
636 637
637 638
637 1785
638 639
638 1783
639 640
639 1723
640 641
641 642
642 643
642 1625
642 1743
643 644
644 645
644 1833
645 646
646 647
647 648
648 649
649 650
650 651
651 652
652 653
652 1544
653 654
654 655
655 656
656 657
657 658
658 659
659 660
660 661
661 662
662 663
662 1628
662 1877
663 664
663 1529
664 665
665 666
665 1875
666 667
666 1549
667 668
668 669
669 670
670 671
670 1708
671 672
672 673
673 674
674 675
674 1802
674 1858
675 676
675 1722
676 677
677 678
677 1916
678 679
679 680
680 681
681 682
682 683
682 1614
683 684
684 685
685 686
685 1801
686 687
687 688
688 689
689 690
690 691
691 692
692 693
693 694
694 695
694 1973
695 696
696 697
697 698
698 699
699 700
699 1604
700 701
701 702
702 703
703 704
704 705
705 706
705 1812
706 707
707 708
707 1712
708 709
708 1550
709 710
710 711
711 712
712 713
713 714
714 715
715 716
716 717
717 718
718 719
719 720
720 721
721 722
722 723
722 1586
723 724
724 725
725 726
726 727
727 728
728 729
729 730
730 731
731 732
732 733
733 734
733 1500
733 1538
733 1981
734 735
735 736
736 737
737 738
738 739
739 740
740 741
741 742
742 743
743 744
743 1608
744 745
745 746
746 747
747 748
748 749
749 750
750 751
750 1829
751 752
752 753
752 1552
752 1851
753 754
754 755
755 756
756 757
757 758
758 759
758 1573
759 760
760 761
761 762
761 1548
762 763
762 1790
763 764
764 765
765 766
766 767
767 768
768 769
769 770
769 1599
769 1713
770 771
771 772
772 773
773 774
774 775
775 776
776 777
776 1659
777 778
778 779
779 780
780 781
781 782
782 783
783 784
784 785
785 786
786 787
787 788
788 789
789 790
790 791
791 792
792 793
793 794
794 795
794 1879
795 796
796 797
796 1955
797 798
798 799
799 800
809 1583
809 1897
813 1984
816 1517
839 1747
840 1752
847 1569
852 1682
856 1568
858 1810
859 1534
860 1707
865 1755
866 1769
883 1686
885 1729
887 1732
892 1685
894 1862
906 1778
909 1806
910 1890
912 1606
913 1787
916 1906
918 1540
918 1576
923 1591
938 1506
948 1780
951 1698
952 1561
952 1673
954 1642
955 1542
962 1923
967 1883
972 1808
974 1558
975 1521
975 1832
976 1601
980 1605
980 1674
988 1939
990 1675
993 1899
994 1751
996 1717
996 1803
998 1733
1009 1827
1009 1844
1010 1824
1012 1965
1013 1524
1017 1745
1018 1761
1019 1825
1019 1921
1021 1872
1022 1690
1024 1878
1028 1979
1031 1501
1038 1678
1045 1724
1046 1593
1049 1693
1056 1948
1057 1547
1062 1617
1063 1611
1065 1750
1068 1820
1069 1800
1074 1527
1075 1578
1076 1600
1078 1937
1079 1510
1085 1516
1087 1551
1090 1736
1096 1629
1102 1954
1103 1652
1104 1854
1106 1792
1109 1789
1110 1711
1112 1658
1115 1980
1119 1983
1125 1865
1136 1928
1142 1746
1144 1588
1148 1520
1151 1728
1163 1912
1166 1995
1168 1990
1173 1968
1187 1731
1188 1933
1194 1742
1194 1781
1197 1697
1201 1666
1201 1760
1202 1765
1211 1817
1221 1773
1222 1696
1224 1940
1225 1649
1226 1519
1226 1541
1235 1894
1240 1840
1245 1571
1251 1823
1255 1620
1257 1867
1262 1644
1273 1579
1275 1716
1275 1764
1283 1515
1283 1607
1284 1853
1286 1777
1295 1653
1296 1798
1299 1837
1306 1982
1308 1814
1311 1876
1320 1830
1321 1700
1323 1868
1324 1539
1329 1559
1331 1818
1334 1505
1337 1807
1338 1749
1340 1621
1341 1627
1346 1637
1351 1715
1358 1991
1361 1960
1363 1623
1364 1655
1364 1914
1365 1660
1375 1847
1380 1891
1382 1618
1390 1885
1391 1775
1394 1726
1400 1758
1403 1532
1403 1945
1408 1650
1413 1934
1424 1633
1431 1687
1446 1514
1449 1647
1449 1794
1459 1941
1461 1779
1461 1791
1464 1574
1466 1654
1466 1811
1467 1805
1468 1961
1469 1624
1469 1630
1472 1893
1474 1882
1475 1874
1476 1784
1482 1507
1486 1662
1488 1688
1489 1754
1489 1869
1491 1756
1493 1929
1494 1763
1495 1842
1501 1603
1511 1638
1513 1770
1520 1759
1521 1632
1525 1719
1528 1545
1528 1582
1529 1695
1529 1772
1529 1951
1530 1892
1540 1739
1543 1795
1550 1924
1552 1720
1553 1556
1553 1925
1559 1766
1568 1570
1590 1886
1602 1701
1606 1641
1610 1905
1614 1735
1628 1935
1630 1668
1643 1958
1644 1744
1646 1821
1652 1677
1653 1718
1654 1670
1654 1721
1675 1782
1677 1922
1680 1683
1688 1944
1701 1843
1702 1908
1705 1956
1714 1870
1719 1797
1721 1826
1730 1967
1746 1943
1756 1871
1762 1793
1777 1901
1787 1873
1792 1985
1793 1813
1794 1804
1794 1836
1795 1972
1799 1902
1800 1987
1804 1809
1804 1903
1806 1946
1808 1909
1815 1831
1816 1907
1827 1852
1844 1926
1848 1866
1867 1963
1905 1950
1909 1978
1960 1989
1963 1974
1990 1998
1999
1 2
1 801
1 802
1 803
1 804
1 805
1 806
1 807
1 808
1 809
1 810
1 811
1 812
1 813
1 814
1 815
1 816
1 817
1 818
1 819
1 820
1 821
1 822
1 823
1 824
1 825
1 826
1 827
1 828
1 829
1 830
1 831
1 832
1 833
1 834
1 835
1 836
1 837
1 838
1 839
1 840
1 841
1 842
1 843
1 844
1 845
1 846
1 847
1 848
1 849
1 850
1 851
1 852
1 853
1 854
1 855
1 856
1 857
1 858
1 859
1 860
1 861
1 862
1 863
1 864
1 865
1 866
1 867
1 868
1 869
1 870
1 871
1 872
1 873
1 874
1 875
1 876
1 877
1 878
1 879
1 880
1 881
1 882
1 883
1 884
1 885
1 886
1 887
1 888
1 889
1 890
1 891
1 892
1 893
1 894
1 895
1 896
1 897
1 898
1 899
1 900
1 901
1 902
1 903
1 904
1 905
1 906
1 907
1 908
1 909
1 910
1 911
1 912
1 913
1 914
1 915
1 916
1 917
1 918
1 919
1 920
1 921
1 922
1 923
1 924
1 925
1 926
1 927
1 928
1 929
1 930
1 931
1 932
1 933
1 934
1 935
1 936
1 937
1 938
1 939
1 940
1 941
1 942
1 943
1 944
1 945
1 946
1 947
1 948
1 949
1 950
1 951
1 952
1 953
1 954
1 955
1 956
1 957
1 958
1 959
1 960
1 961
1 962
1 963
1 964
1 965
1 966
1 967
1 968
1 969
1 970
1 971
1 972
1 973
1 974
1 975
1 976
1 977
1 978
1 979
1 980
1 981
1 982
1 983
1 984
1 985
1 986
1 987
1 988
1 989
1 990
1 991
1 992
1 993
1 994
1 995
1 996
1 997
1 998
1 999
1 1000
1 1001
1 1002
1 1003
1 1004
1 1005
1 1006
1 1007
1 1008
1 1009
1 1010
1 1011
1 1012
1 1013
1 1014
1 1015
1 1016
1 1017
1 1018
1 1019
1 1020
1 1021
1 1022
1 1023
1 1024
1 1025
1 1026
1 1027
1 1028
1 1029
1 1030
1 1031
1 1032
1 1033
1 1034
1 1035
1 1036
1 1037
1 1038
1 1039
1 1040
1 1041
1 1042
1 1043
1 1044
1 1045
1 1046
1 1047
1 1048
1 1049
1 1050
1 1051
1 1052
1 1053
1 1054
1 1055
1 1056
1 1057
1 1058
1 1059
1 1060
1 1061
1 1062
1 1063
1 1064
1 1065
1 1066
1 1067
1 1068
1 1069
1 1070
1 1071
1 1072
1 1073
1 1074
1 1075
1 1076
1 1077
1 1078
1 1079
1 1080
1 1081
1 1082
1 1083
1 1084
1 1085
1 1086
1 1087
1 1088
1 1089
1 1090
1 1091
1 1092
1 1093
1 1094
1 1095
1 1096
1 1097
1 1098
1 1099
1 1100
1 1101
1 1102
1 1103
1 1104
1 1105
1 1106
1 1107
1 1108
1 1109
1 1110
1 1111
1 1112
1 1113
1 1114
1 1115
1 1116
1 1117
1 1118
1 1119
1 1120
1 1121
1 1122
1 1123
1 1124
1 1125
1 1126
1 1127
1 1128
1 1129
1 1130
1 1131
1 1132
1 1133
1 1134
1 1135
1 1136
1 1137
1 1138
1 1139
1 1140
1 1141
1 1142
1 1143
1 1144
1 1145
1 1146
1 1147
1 1148
1 1149
1 1150
1 1151
1 1152
1 1153
1 1154
1 1155
1 1156
1 1157
1 1158
1 1159
1 1160
1 1161
1 1162
1 1163
1 1164
1 1165
1 1166
1 1167
1 1168
1 1169
1 1170
1 1171
1 1172
1 1173
1 1174
1 1175
1 1176
1 1177
1 1178
1 1179
1 1180
1 1181
1 1182
1 1183
1 1184
1 1185
1 1186
1 1187
1 1188
1 1189
1 1190
1 1191
1 1192
1 1193
1 1194
1 1195
1 1196
1 1197
1 1198
1 1199
1 1200
1 1201
1 1202
1 1203
1 1204
1 1205
1 1206
1 1207
1 1208
1 1209
1 1210
1 1211
1 1212
1 1213
1 1214
1 1215
1 1216
1 1217
1 1218
1 1219
1 1220
1 1221
1 1222
1 1223
1 1224
1 1225
1 1226
1 1227
1 1228
1 1229
1 1230
1 1231
1 1232
1 1233
1 1234
1 1235
1 1236
1 1237
1 1238
1 1239
1 1240
1 1241
1 1242
1 1243
1 1244
1 1245
1 1246
1 1247
1 1248
1 1249
1 1250
1 1251
1 1252
1 1253
1 1254
1 1255
1 1256
1 1257
1 1258
1 1259
1 1260
1 1261
1 1262
1 1263
1 1264
1 1265
1 1266
1 1267
1 1268
1 1269
1 1270
1 1271
1 1272
1 1273
1 1274
1 1275
1 1276
1 1277
1 1278
1 1279
1 1280
1 1281
1 1282
1 1283
1 1284
1 1285
1 1286
1 1287
1 1288
1 1289
1 1290
1 1291
1 1292
1 1293
1 1294
1 1295
1 1296
1 1297
1 1298
1 1299
1 1300
1 1301
1 1302
1 1303
1 1304
1 1305
1 1306
1 1307
1 1308
1 1309
1 1310
1 1311
1 1312
1 1313
1 1314
1 1315
1 1316
1 1317
1 1318
1 1319
1 1320
1 1321
1 1322
1 1323
1 1324
1 1325
1 1326
1 1327
1 1328
1 1329
1 1330
1 1331
1 1332
1 1333
1 1334
1 1335
1 1336
1 1337
1 1338
1 1339
1 1340
1 1341
1 1342
1 1343
1 1344
1 1345
1 1346
1 1347
1 1348
1 1349
1 1350
1 1351
1 1352
1 1353
1 1354
1 1355
1 1356
1 1357
1 1358
1 1359
1 1360
1 1361
1 1362
1 1363
1 1364
1 1365
1 1366
1 1367
1 1368
1 1369
1 1370
1 1371
1 1372
1 1373
1 1374
1 1375
1 1376
1 1377
1 1378
1 1379
1 1380
1 1381
1 1382
1 1383
1 1384
1 1385
1 1386
1 1387
1 1388
1 1389
1 1390
1 1391
1 1392
1 1393
1 1394
1 1395
1 1396
1 1397
1 1398
1 1399
1 1400
1 1401
1 1402
1 1403
1 1404
1 1405
1 1406
1 1407
1 1408
1 1409
1 1410
1 1411
1 1412
1 1413
1 1414
1 1415
1 1416
1 1417
1 1418
1 1419
1 1420
1 1421
1 1422
1 1423
1 1424
1 1425
1 1426
1 1427
1 1428
1 1429
1 1430
1 1431
1 1432
1 1433
1 1434
1 1435
1 1436
1 1437
1 1438
1 1439
1 1440
1 1441
1 1442
1 1443
1 1444
1 1445
1 1446
1 1447
1 1448
1 1449
1 1450
1 1451
1 1452
1 1453
1 1454
1 1455
1 1456
1 1457
1 1458
1 1459
1 1460
1 1461
1 1462
1 1463
1 1464
1 1465
1 1466
1 1467
1 1468
1 1469
1 1470
1 1471
1 1472
1 1473
1 1474
1 1475
1 1476
1 1477
1 1478
1 1479
1 1480
1 1481
1 1482
1 1483
1 1484
1 1485
1 1486
1 1487
1 1488
1 1489
1 1490
1 1491
1 1492
1 1493
1 1494
1 1495
1 1496
1 1497
1 1498
1 1499
2 3
3 4
4 5
5 6
6 7
7 8
8 9
8 1784
8 1865
9 10
10 11
11 12
12 13
12 1651
13 14
14 15
15 16
16 17
17 18
18 19
19 20
20 21
21 22
22 23
23 24
24 25
25 26
25 1629
25 1897
26 27
26 1925
27 28
28 29
29 30
30 31
31 32
31 1505
32 33
32 1971
33 34
34 35
35 36
36 37
36 1999
37 38
37 1816
38 39
39 40
40 41
40 1544
40 1931
41 42
42 43
42 1800
42 1823
43 44
44 45
45 46
45 1744
46 47
47 48
48 49
49 50
49 1961
50 51
51 52
51 1772
52 53
53 54
54 55
55 56
56 57
57 58
58 59
59 60
60 61
60 1637
61 62
61 1926
62 63
63 64
64 65
65 66
66 67
67 68
67 1767
67 1774
68 69
69 70
70 71
71 72
72 73
73 74
74 75
74 1700
75 76
75 1616
76 77
76 1936
77 78
77 1953
78 79
78 1632
79 80
80 81
81 82
81 1598
82 83
83 84
84 85
85 86
86 87
87 88
88 89
89 90
90 91
91 92
92 93
93 94
94 95
94 1585
95 96
96 97
97 98
98 99
99 100
99 1520
100 101
101 102
102 103
103 104
104 105
105 106
106 107
107 108
107 1691
108 109
109 110
109 1628
110 111
111 112
112 113
113 114
113 1739
114 115
115 116
115 1922
116 117
117 118
118 119
119 120
120 121
120 1916
121 122
121 1723
121 1849
122 123
123 124
124 125
125 126
126 127
127 128
128 129
129 130
130 131
131 132
131 1608
132 133
133 134
134 135
135 136
136 137
137 138
138 139
139 140
140 141
141 142
142 143
143 144
144 145
145 146
146 147
147 148
147 1534
147 1675
148 149
149 150
150 151
151 152
151 1625
152 153
153 154
154 155
155 156
156 157
157 158
158 159
158 1521
159 160
159 1609
160 161
161 162
162 163
163 164
164 165
165 166
165 1596
166 167
166 1737
167 168
167 1519
168 169
168 1661
168 1856
169 170
170 171
171 172
171 1606
172 173
173 174
174 175
175 176
176 177
177 178
178 179
179 180
179 1741
180 181
181 182
182 183
183 184
184 185
185 186
185 1705
185 1986
186 187
187 188
188 189
189 190
190 191
190 1790
191 192
192 193
193 194
193 1738
193 1994
194 195
195 196
196 197
197 198
198 199
199 200
200 201
201 202
202 203
202 1679
203 204
204 205
205 206
205 1636
206 207
207 208
208 209
209 210
210 211
211 212
212 213
213 214
214 215
214 1901
215 216
215 1554
216 217
217 218
218 219
219 220
220 221
221 222
222 223
222 1569
223 224
224 225
224 1843
225 226
226 227
227 228
228 229
228 1650
229 230
230 231
231 232
232 233
233 234
234 235
235 236
236 237
237 238
237 1834
238 239
238 1716
239 240
240 241
241 242
241 1877
242 243
243 244
243 1639
244 245
245 246
246 247
247 248
248 249
249 250
250 251
250 1776
251 252
252 253
253 254
253 1706
253 1757
254 255
255 256
256 257
257 258
257 1692
258 259
259 260
259 1820
260 261
261 262
261 1912
262 263
263 264
263 1997
264 265
265 266
266 267
267 268
268 269
268 1612
268 1929
269 270
269 1886
270 271
271 272
272 273
273 274
274 275
274 1567
274 1892
275 276
276 277
277 278
278 279
279 280
280 281
281 282
282 283
283 284
284 285
285 286
286 287
287 288
287 1884
288 289
289 290
290 291
290 1920
291 292
292 293
293 294
294 295
295 296
296 297
297 298
298 299
299 300
300 301
300 1622
301 302
302 303
303 304
304 305
305 306
306 307
307 308
308 309
308 1623
309 310
309 1677
310 311
311 312
312 313
313 314
314 315
314 1658
315 316
316 317
317 318
318 319
319 320
320 321
321 322
322 323
322 1838
323 324
324 325
325 326
326 327
327 328
328 329
329 330
330 331
330 1647
331 332
332 333
332 1713
333 334
334 335
335 336
336 337
337 338
338 339
339 340
339 1822
340 341
341 342
342 343
343 344
344 345
344 1626
345 346
345 1850
346 347
346 1607
346 1712
347 348
348 349
349 350
349 1581
350 351
351 352
351 1603
351 1725
352 353
352 1938
352 1951
353 354
354 355
355 356
355 1798
356 357
356 1718
357 358
358 359
359 360
360 361
361 362
362 363
363 364
363 1969
364 365
365 366
366 367
367 368
367 1889
368 369
368 1638
369 370
370 371
371 372
372 373
373 374
374 375
375 376
376 377
377 378
378 379
379 380
379 1511
380 381
381 382
382 383
382 1597
382 1707
383 384
384 385
385 386
386 387
386 1532
387 388
388 389
389 390
389 1682
390 391
391 392
391 1778
392 393
393 394
394 395
395 396
396 397
397 398
398 399
399 400
400 401
401 402
402 403
403 404
404 405
405 406
406 407
407 408
408 409
408 1764
409 410
410 411
411 412
412 413
412 1759
412 1908
413 414
414 415
414 1574
415 416
416 417
417 418
418 419
419 420
419 1735
420 421
421 422
421 1720
422 423
423 424
424 425
425 426
426 427
427 428
428 429
429 430
430 431
431 432
432 433
433 434
434 435
435 436
436 437
436 1960
437 438
438 439
439 440
440 441
441 442
442 443
443 444
444 445
445 446
446 447
447 448
448 449
449 450
449 1504
450 451
451 452
452 453
453 454
454 455
454 1905
455 456
455 1656
455 1857
456 457
456 1689
457 458
458 459
458 1818
459 460
460 461
460 1831
461 462
462 463
463 464
464 465
465 466
466 467
467 468
468 469
469 470
470 471
471 472
472 473
472 1560
473 474
473 1624
473 1755
473 1924
474 475
475 476
476 477
477 478
477 1533
478 479
479 480
479 1518
480 481
481 482
482 483
483 484
483 1686
484 485
485 486
486 487
487 488
488 489
489 490
490 491
491 492
491 1722
492 493
492 1605
493 494
494 495
495 496
496 497
497 498
498 499
499 500
500 501
501 502
502 503
502 1545
503 504
504 505
505 506
506 507
507 508
508 509
509 510
509 1793
510 511
511 512
511 1557
512 513
513 514
514 515
515 516
516 517
517 518
518 519
519 520
520 521
521 522
521 1781
522 523
522 1913
523 524
524 525
525 526
525 1876
525 1967
526 527
527 528
528 529
528 1805
529 530
530 531
531 532
532 533
532 1957
533 534
534 535
534 1829
534 1954
535 536
536 537
537 538
537 1510
538 539
539 540
540 541
541 542
541 1684
542 543
543 544
544 545
544 1972
545 546
545 1642
546 547
547 548
548 549
549 550
549 1595
550 551
550 1708
551 552
552 553
553 554
554 555
555 556
555 1754
556 557
557 558
558 559
558 1911
559 560
560 561
561 562
562 563
563 564
564 565
565 566
566 567
567 568
568 569
569 570
570 571
571 572
572 573
573 574
574 575
574 1633
575 576
576 577
576 1993
577 578
577 1898
578 579
578 1839
579 580
579 1989
580 581
581 582
582 583
583 584
583 1950
584 585
585 586
585 1786
586 587
587 588
588 589
588 1627
589 590
590 591
591 592
592 593
593 594
594 595
595 596
595 1561
596 597
597 598
598 599
599 600
600 601
601 602
601 1655
602 603
603 604
604 605
605 606
606 607
606 1506
607 608
608 609
609 610
610 611
611 612
611 1582
612 613
613 614
614 615
615 616
616 617
617 618
618 619
619 620
620 621
621 622
622 623
623 624
623 1864
624 625
624 1952
625 626
626 627
627 628
628 629
629 630
630 631
630 1703
631 632
632 633
633 634
634 635
634 1827
635 636
635 1874
635 1974
636 637
637 638
638 639
638 1514
639 640
640 641
640 1965
641 642
642 643
642 1641
643 644
644 645
645 646
645 1621
646 647
647 648
648 649
649 650
650 651
651 652
651 1523
652 653
653 654
654 655
655 656
656 657
656 1604
657 658
658 659
659 660
660 661
661 662
662 663
663 664
664 665
665 666
665 1948
666 667
667 668
667 1740
668 669
669 670
670 671
671 672
671 1894
672 673
673 674
674 675
674 1550
675 676
676 677
677 678
678 679
678 1977
679 680
680 681
681 682
681 1562
681 1837
682 683
682 1687
682 1791
683 684
683 1579
684 685
685 686
686 687
686 1513
687 688
688 689
689 690
690 691
690 1777
691 692
692 693
692 1914
693 694
693 1709
694 695
695 696
696 697
697 698
698 699
699 700
700 701
701 702
702 703
703 704
704 705
705 706
705 1717
706 707
706 1769
707 708
708 709
708 1711
709 710
710 711
711 712
711 1760
712 713
713 714
713 1615
714 715
714 1851
715 716
716 717
717 718
717 1758
718 719
719 720
719 1752
720 721
721 722
721 1646
722 723
723 724
723 1551
724 725
725 726
726 727
727 728
728 729
729 730
730 731
731 732
731 1796
731 1855
732 733
733 734
734 735
734 1559
734 1668
734 1923
735 736
736 737
737 738
737 1565
738 739
739 740
739 1589
739 1840
740 741
741 742
742 743
743 744
744 745
744 1586
745 746
746 747
746 1610
747 748
748 749
749 750
750 751
750 1591
751 752
752 753
752 1549
752 1927
753 754
754 755
755 756
756 757
757 758
757 1869
758 759
758 1634
759 760
760 761
761 762
762 763
762 1515
763 764
763 1714
763 1730
764 765
765 766
766 767
766 1794
767 768
768 769
769 770
769 1747
770 771
771 772
772 773
773 774
774 775
774 1699
775 776
775 1853
776 777
777 778
777 1541
778 779
779 780
780 781
781 782
781 1888
782 783
782 1895
783 784
784 785
785 786
785 1848
786 787
787 788
787 1780
788 789
789 790
790 791
791 792
792 793
792 1663
793 794
794 795
795 796
795 1672
796 797
797 798
797 1881
798 799
799 800
804 1731
805 1787
811 1807
813 1983
817 1507
818 1883
819 1543
821 1749
823 1659
824 1539
829 1536
838 1676
846 1833
849 1719
850 1662
852 1695
855 1555
855 1902
856 1863
858 1991
862 1890
866 1502
871 1501
871 1783
872 1966
873 1762
874 1788
881 1594
889 1746
892 1645
901 1765
902 1750
902 1846
903 1531
904 1802
906 1568
911 1956
912 1814
913 1526
914 1845
916 1617
918 1630
924 1917
925 1980
926 1792
927 1512
940 1680
941 1811
942 1578
948 1947
953 1770
956 1648
956 1909
958 1887
959 1753
960 1516
964 1882
965 1766
968 1817
972 1563
972 1728
980 1940
983 1934
986 1583
989 1803
990 1872
997 1880
998 1985
999 1664
1002 1789
1005 1643
1005 1681
1009 1919
1011 1588
1013 1949
1015 1987
1017 1797
1019 1529
1021 1979
1022 1552
1024 1683
1042 1721
1043 1962
1044 1652
1047 1821
1050 1508
1051 1996
1055 1715
1056 1862
1057 1553
1063 1859
1065 1654
1065 1878
1066 1576
1070 1899
1071 1535
1073 1618
1075 1992
1076 1575
1077 1984
1089 1572
1089 1733
1089 1771
1097 1540
1100 1854
1115 1866
1119 1885
1124 1530
1125 1517
1125 1955
1126 1669
1132 1942
1133 1635
1140 1614
1147 1734
1148 1891
1158 1685
1163 1775
1164 1832
1166 1640
1168 1751
1172 1867
1179 1611
1184 1704
1186 1861
1187 1631
1200 1547
1201 1599
1201 1696
1201 1990
1203 1981
1210 1918
1212 1893
1217 1587
1217 1873
1224 1522
1225 1930
1233 1870
1238 1590
1239 1657
1240 1537
1240 1939
1241 1935
1245 1644
1246 1932
1249 1875
1251 1701
1252 1871
1253 1779
1254 1600
1259 1592
1263 1968
1272 1768
1274 1528
1275 1542
1282 1573
1284 1693
1289 1813
1291 1525
1299 1828
1301 1577
1305 1804
1310 1785
1317 1945
1321 1742
1326 1782
1327 1773
1330 1963
1331 1546
1334 1602
1335 1836
1341 1503
1351 1756
1353 1910
1355 1665
1364 1601
1368 1896
1376 1558
1376 1660
1382 1500
1383 1808
1388 1868
1390 1825
1392 1826
1394 1678
1398 1688
1400 1649
1401 1795
1405 1570
1405 1903
1419 1976
1420 1527
1421 1944
1426 1673
1430 1571
1434 1524
1447 1613
1448 1584
1459 1763
1464 1824
1472 1841
1473 1815
1474 1593
1477 1674
1478 1564
1478 1698
1486 1653
1486 1842
1487 1847
1488 1801
1489 1745
1491 1799
1493 1995
1495 1879
1496 1806
1502 1988
1505 1619
1506 1509
1507 1729
1509 1556
1510 1666
1512 1671
1512 1812
1517 1915
1520 1667
1521 1548
1527 1538
1533 1921
1534 1732
1536 1580
1536 1724
1548 1566
1548 1670
1549 1943
1568 1830
1576 1743
1576 1900
1585 1964
1593 1906
1603 1860
1609 1620
1611 1697
1621 1726
1622 1852
1623 1702
1628 1958
1634 1809
1634 1907
1644 1904
1647 1710
1648 1694
1654 1835
1660 1933
1662 1727
1667 1690
1674 1736
1676 1941
1683 1748
1689 1858
1718 1844
1722 1975
1727 1970
1729 1937
1731 1978
1758 1761
1770 1819
1801 1959
1803 1928
1807 1810
1868 1973
1908 1982
1922 1946
1924 1998
1999
1 2
1 801
1 802
1 803
1 804
1 805
1 806
1 807
1 808
1 809
1 810
1 811
1 812
1 813
1 814
1 815
1 816
1 817
1 818
1 819
1 820
1 821
1 822
1 823
1 824
1 825
1 826
1 827
1 828
1 829
1 830
1 831
1 832
1 833
1 834
1 835
1 836
1 837
1 838
1 839
1 840
1 841
1 842
1 843
1 844
1 845
1 846
1 847
1 848
1 849
1 850
1 851
1 852
1 853
1 854
1 855
1 856
1 857
1 858
1 859
1 860
1 861
1 862
1 863
1 864
1 865
1 866
1 867
1 868
1 869
1 870
1 871
1 872
1 873
1 874
1 875
1 876
1 877
1 878
1 879
1 880
1 881
1 882
1 883
1 884
1 885
1 886
1 887
1 888
1 889
1 890
1 891
1 892
1 893
1 894
1 895
1 896
1 897
1 898
1 899
1 900
1 901
1 902
1 903
1 904
1 905
1 906
1 907
1 908
1 909
1 910
1 911
1 912
1 913
1 914
1 915
1 916
1 917
1 918
1 919
1 920
1 921
1 922
1 923
1 924
1 925
1 926
1 927
1 928
1 929
1 930
1 931
1 932
1 933
1 934
1 935
1 936
1 937
1 938
1 939
1 940
1 941
1 942
1 943
1 944
1 945
1 946
1 947
1 948
1 949
1 950
1 951
1 952
1 953
1 954
1 955
1 956
1 957
1 958
1 959
1 960
1 961
1 962
1 963
1 964
1 965
1 966
1 967
1 968
1 969
1 970
1 971
1 972
1 973
1 974
1 975
1 976
1 977
1 978
1 979
1 980
1 981
1 982
1 983
1 984
1 985
1 986
1 987
1 988
1 989
1 990
1 991
1 992
1 993
1 994
1 995
1 996
1 997
1 998
1 999
1 1000
1 1001
1 1002
1 1003
1 1004
1 1005
1 1006
1 1007
1 1008
1 1009
1 1010
1 1011
1 1012
1 1013
1 1014
1 1015
1 1016
1 1017
1 1018
1 1019
1 1020
1 1021
1 1022
1 1023
1 1024
1 1025
1 1026
1 1027
1 1028
1 1029
1 1030
1 1031
1 1032
1 1033
1 1034
1 1035
1 1036
1 1037
1 1038
1 1039
1 1040
1 1041
1 1042
1 1043
1 1044
1 1045
1 1046
1 1047
1 1048
1 1049
1 1050
1 1051
1 1052
1 1053
1 1054
1 1055
1 1056
1 1057
1 1058
1 1059
1 1060
1 1061
1 1062
1 1063
1 1064
1 1065
1 1066
1 1067
1 1068
1 1069
1 1070
1 1071
1 1072
1 1073
1 1074
1 1075
1 1076
1 1077
1 1078
1 1079
1 1080
1 1081
1 1082
1 1083
1 1084
1 1085
1 1086
1 1087
1 1088
1 1089
1 1090
1 1091
1 1092
1 1093
1 1094
1 1095
1 1096
1 1097
1 1098
1 1099
1 1100
1 1101
1 1102
1 1103
1 1104
1 1105
1 1106
1 1107
1 1108
1 1109
1 1110
1 1111
1 1112
1 1113
1 1114
1 1115
1 1116
1 1117
1 1118
1 1119
1 1120
1 1121
1 1122
1 1123
1 1124
1 1125
1 1126
1 1127
1 1128
1 1129
1 1130
1 1131
1 1132
1 1133
1 1134
1 1135
1 1136
1 1137
1 1138
1 1139
1 1140
1 1141
1 1142
1 1143
1 1144
1 1145
1 1146
1 1147
1 1148
1 1149
1 1150
1 1151
1 1152
1 1153
1 1154
1 1155
1 1156
1 1157
1 1158
1 1159
1 1160
1 1161
1 1162
1 1163
1 1164
1 1165
1 1166
1 1167
1 1168
1 1169
1 1170
1 1171
1 1172
1 1173
1 1174
1 1175
1 1176
1 1177
1 1178
1 1179
1 1180
1 1181
1 1182
1 1183
1 1184
1 1185
1 1186
1 1187
1 1188
1 1189
1 1190
1 1191
1 1192
1 1193
1 1194
1 1195
1 1196
1 1197
1 1198
1 1199
1 1200
1 1201
1 1202
1 1203
1 1204
1 1205
1 1206
1 1207
1 1208
1 1209
1 1210
1 1211
1 1212
1 1213
1 1214
1 1215
1 1216
1 1217
1 1218
1 1219
1 1220
1 1221
1 1222
1 1223
1 1224
1 1225
1 1226
1 1227
1 1228
1 1229
1 1230
1 1231
1 1232
1 1233
1 1234
1 1235
1 1236
1 1237
1 1238
1 1239
1 1240
1 1241
1 1242
1 1243
1 1244
1 1245
1 1246
1 1247
1 1248
1 1249
1 1250
1 1251
1 1252
1 1253
1 1254
1 1255
1 1256
1 1257
1 1258
1 1259
1 1260
1 1261
1 1262
1 1263
1 1264
1 1265
1 1266
1 1267
1 1268
1 1269
1 1270
1 1271
1 1272
1 1273
1 1274
1 1275
1 1276
1 1277
1 1278
1 1279
1 1280
1 1281
1 1282
1 1283
1 1284
1 1285
1 1286
1 1287
1 1288
1 1289
1 1290
1 1291
1 1292
1 1293
1 1294
1 1295
1 1296
1 1297
1 1298
1 1299
1 1300
1 1301
1 1302
1 1303
1 1304
1 1305
1 1306
1 1307
1 1308
1 1309
1 1310
1 1311
1 1312
1 1313
1 1314
1 1315
1 1316
1 1317
1 1318
1 1319
1 1320
1 1321
1 1322
1 1323
1 1324
1 1325
1 1326
1 1327
1 1328
1 1329
1 1330
1 1331
1 1332
1 1333
1 1334
1 1335
1 1336
1 1337
1 1338
1 1339
1 1340
1 1341
1 1342
1 1343
1 1344
1 1345
1 1346
1 1347
1 1348
1 1349
1 1350
1 1351
1 1352
1 1353
1 1354
1 1355
1 1356
1 1357
1 1358
1 1359
1 1360
1 1361
1 1362
1 1363
1 1364
1 1365
1 1366
1 1367
1 1368
1 1369
1 1370
1 1371
1 1372
1 1373
1 1374
1 1375
1 1376
1 1377
1 1378
1 1379
1 1380
1 1381
1 1382
1 1383
1 1384
1 1385
1 1386
1 1387
1 1388
1 1389
1 1390
1 1391
1 1392
1 1393
1 1394
1 1395
1 1396
1 1397
1 1398
1 1399
1 1400
1 1401
1 1402
1 1403
1 1404
1 1405
1 1406
1 1407
1 1408
1 1409
1 1410
1 1411
1 1412
1 1413
1 1414
1 1415
1 1416
1 1417
1 1418
1 1419
1 1420
1 1421
1 1422
1 1423
1 1424
1 1425
1 1426
1 1427
1 1428
1 1429
1 1430
1 1431
1 1432
1 1433
1 1434
1 1435
1 1436
1 1437
1 1438
1 1439
1 1440
1 1441
1 1442
1 1443
1 1444
1 1445
1 1446
1 1447
1 1448
1 1449
1 1450
1 1451
1 1452
1 1453
1 1454
1 1455
1 1456
1 1457
1 1458
1 1459
1 1460
1 1461
1 1462
1 1463
1 1464
1 1465
1 1466
1 1467
1 1468
1 1469
1 1470
1 1471
1 1472
1 1473
1 1474
1 1475
1 1476
1 1477
1 1478
1 1479
1 1480
1 1481
1 1482
1 1483
1 1484
1 1485
1 1486
1 1487
1 1488
1 1489
1 1490
1 1491
1 1492
1 1493
1 1494
1 1495
1 1496
1 1497
1 1498
1 1499
2 3
2 1690
3 4
4 5
5 6
5 1786
5 1808
6 7
6 1584
7 8
8 9
9 10
10 11
10 1657
11 12
12 13
12 1524
13 14
14 15
15 16
16 17
16 1522
17 18
17 1840
18 19
18 1850
19 20
20 21
21 22
21 1651
22 23
23 24
24 25
24 1739
25 26
26 27
26 1812
27 28
27 1698
28 29
29 30
30 31
31 32
32 33
33 34
33 1898
34 35
35 36
35 1618
36 37
36 1888
37 38
37 1517
38 39
38 1680
39 40
40 41
41 42
42 43
43 44
44 45
45 46
46 47
47 48
48 49
49 50
50 51
50 1613
51 52
52 53
53 54
54 55
55 56
56 57
56 1598
56 1945
57 58
58 59
59 60
60 61
61 62
61 1932
62 63
63 64
64 65
65 66
66 67
66 1916
67 68
67 1721
68 69
68 1550
69 70
70 71
70 1643
70 1751
71 72
72 73
73 74
73 1714
73 1779
74 75
75 76
76 77
77 78
78 79
79 80
80 81
81 82
82 83
83 84
84 85
84 1642
85 86
85 1852
86 87
86 1581
87 88
88 89
89 90
89 1544
90 91
91 92
92 93
93 94
94 95
94 1784
95 96
95 1797
96 97
97 98
98 99
99 100
100 101
101 102
102 103
103 104
104 105
105 106
106 107
107 108
108 109
109 110
109 1884
110 111
111 112
111 1791
111 1799
112 113
113 114
114 115
115 116
116 117
117 118
118 119
119 120
120 121
121 122
122 123
123 124
124 125
124 1720
125 126
126 127
127 128
128 129
129 130
129 1913
130 131
131 132
132 133
133 134
134 135
135 136
135 1532
135 1539
136 137
137 138
138 139
139 140
140 141
141 142
142 143
143 144
144 145
145 146
146 147
147 148
148 149
149 150
150 151
151 152
152 153
153 154
154 155
154 1997
155 156
156 157
157 158
157 1785
158 159
159 160
160 161
160 1710
160 1774
160 1821
161 162
161 1910
162 163
162 1912
163 164
164 165
165 166
166 167
167 168
167 1516
168 169
168 1639
169 170
169 1615
169 1670
169 1976
170 171
171 172
172 173
173 174
173 1632
174 175
175 176
176 177
176 1521
176 1648
177 178
177 1535
177 1593
177 1616
178 179
179 180
180 181
181 182
182 183
183 184
184 185
185 186
186 187
187 188
188 189
189 190
190 191
191 192
192 193
193 194
194 195
195 196
196 197
197 198
197 1564
198 199
198 1771
199 200
200 201
200 1836
201 202
202 203
202 1767
203 204
204 205
205 206
206 207
207 208
208 209
209 210
210 211
211 212
211 1981
212 213
212 1895
213 214
214 215
215 216
216 217
217 218
218 219
219 220
220 221
221 222
221 1793
222 223
222 1553
223 224
224 225
224 1576
225 226
226 227
227 228
228 229
229 230
229 1848
230 231
231 232
232 233
233 234
234 235
235 236
236 237
236 1631
237 238
237 1891
238 239
238 1579
239 240
240 241
241 242
242 243
243 244
244 245
245 246
246 247
247 248
248 249
249 250
250 251
250 1636
250 1712
251 252
251 1563
252 253
253 254
254 255
254 1645
254 1862
255 256
255 1561
255 1890
256 257
256 1881
257 258
257 1868
258 259
258 1958
259 260
260 261
261 262
262 263
262 1828
263 264
264 265
264 1562
265 266
266 267
267 268
268 269
269 270
270 271
271 272
272 273
273 274
274 275
275 276
276 277
277 278
277 1983
278 279
279 280
279 1689
280 281
280 1989
281 282
281 1978
282 283
282 1653
283 284
284 285
285 286
285 1713
286 287
286 1519
286 1542
287 288
287 1928
288 289
289 290
289 1679
290 291
291 292
292 293
293 294
294 295
294 1969
295 296
295 1782
296 297
297 298
298 299
299 300
300 301
301 302
302 303
303 304
304 305
304 1998
305 306
306 307
306 1845
306 1957
307 308
307 1500
307 1614
308 309
309 310
310 311
311 312
312 313
313 314
313 1745
314 315
314 1628
315 316
316 317
317 318
318 319
319 320
319 1551
320 321
321 322
322 323
323 324
324 325
325 326
326 327
327 328
328 329
328 1860
329 330
330 331
331 332
332 333
332 1501
333 334
334 335
335 336
336 337
336 1705
336 1809
337 338
338 339
339 340
340 341
341 342
341 1568
342 343
343 344
343 1953
344 345
345 346
346 347
346 1986
347 348
348 349
349 350
349 1901
350 351
350 1646
350 1730
351 352
352 353
352 1967
353 354
354 355
355 356
356 357
357 358
358 359
359 360
359 1694
359 1889
360 361
361 362
361 1543
362 363
362 1761
363 364
363 1914
364 365
365 366
366 367
366 1590
367 368
367 1807
368 369
369 370
370 371
371 372
371 1556
372 373
372 1707
373 374
373 1506
374 375
374 1622
375 376
375 1633
376 377
377 378
377 1512
378 379
379 380
380 381
381 382
381 1766
382 383
383 384
384 385
385 386
386 387
386 1822
387 388
388 389
388 1908
389 390
389 1726
390 391
391 392
392 393
392 1873
393 394
394 395
395 396
396 397
397 398
398 399
398 1867
399 400
400 401
400 1818
401 402
402 403
403 404
404 405
404 1722
405 406
406 407
407 408
408 409
409 410
410 411
411 412
411 1510
412 413
413 414
414 415
415 416
416 417
417 418
418 419
419 420
420 421
421 422
422 423
423 424
424 425
424 1515
425 426
426 427
427 428
428 429
429 430
429 1994
430 431
430 1725
430 1939
431 432
432 433
433 434
433 1752
434 435
435 436
436 437
436 1597
436 1754
437 438
437 1951
438 439
439 440
440 441
441 442
442 443
442 1693
443 444
444 445
445 446
446 447
447 448
447 1798
448 449
448 1507
449 450
450 451
450 1702
451 452
452 453
453 454
453 1555
454 455
455 456
456 457
457 458
458 459
458 1699
459 460
460 461
460 1804
461 462
461 1717
462 463
463 464
463 1927
463 1937
464 465
465 466
466 467
467 468
468 469
469 470
470 471
470 1746
471 472
472 473
473 474
474 475
474 1595
474 1660
475 476
476 477
477 478
478 479
478 1922
479 480
480 481
481 482
482 483
482 1843
483 484
484 485
485 486
486 487
487 488
487 1938
488 489
489 490
490 491
491 492
492 493
493 494
494 495
495 496
496 497
497 498
498 499
499 500
500 501
501 502
502 503
503 504
504 505
505 506
506 507
507 508
507 1892
508 509
509 510
510 511
511 512
512 513
513 514
513 1773
514 515
514 1655
515 516
516 517
517 518
518 519
519 520
519 1966
520 521
521 522
522 523
523 524
524 525
525 526
526 527
526 1789
527 528
528 529
529 530
529 1692
530 531
530 1929
531 532
532 533
533 534
533 1776
534 535
535 536
536 537
537 538
538 539
538 1638
539 540
540 541
541 542
542 543
543 544
543 1580
544 545
545 546
546 547
547 548
547 1859
548 549
549 550
550 551
551 552
552 553
553 554
554 555
554 1559
554 1899
555 556
556 557
556 1624
557 558
558 559
559 560
560 561
561 562
561 1641
562 563
562 1718
563 564
564 565
565 566
566 567
566 1697
567 568
568 569
568 1915
569 570
570 571
571 572
572 573
573 574
573 1531
573 1811
574 575
575 576
576 577
577 578
578 579
579 580
580 581
581 582
582 583
582 1687
583 584
584 585
585 586
586 587
587 588
588 589
589 590
589 1875
590 591
591 592
592 593
593 594
594 595
595 596
596 597
597 598
598 599
599 600
600 601
600 1586
600 1704
601 602
601 1672
602 603
603 604
603 1854
604 605
605 606
606 607
606 1949
607 608
608 609
609 610
610 611
611 612
612 613
613 614
614 615
615 616
616 617
617 618
618 619
619 620
620 621
621 622
622 623
623 624
623 1847
624 625
625 626
626 627
627 628
628 629
629 630
629 1764
630 631
630 1514
631 632
632 633
633 634
634 635
635 636
636 637
637 638
638 639
639 640
640 641
640 1575
641 642
642 643
643 644
644 645
644 1700
645 646
646 647
647 648
648 649
649 650
650 651
651 652
651 1573
652 653
653 654
654 655
655 656
656 657
657 658
658 659
659 660
660 661
661 662
661 1856
662 663
662 1634
662 1974
663 664
664 665
665 666
665 1626
665 1703
665 1924
666 667
667 668
668 669
669 670
670 671
671 672
672 673
673 674
674 675
675 676
675 1775
676 677
676 1605
677 678
677 1742
678 679
679 680
680 681
681 682
682 683
682 1823
682 1865
683 684
684 685
685 686
685 1893
686 687
686 1695
687 688
688 689
689 690
690 691
691 692
692 693
693 694
694 695
695 696
696 697
697 698
698 699
698 1681
699 700
699 1612
700 701
701 702
702 703
703 704
704 705
704 1504
705 706
706 707
706 1565
707 708
708 709
709 710
710 711
710 1656
710 1964
711 712
712 713
712 1759
713 714
714 715
715 716
716 717
716 1806
717 718
717 1511
718 719
719 720
719 1601
720 721
721 722
721 1762
722 723
723 724
724 725
725 726
726 727
727 728
728 729
729 730
730 731
730 1825
731 732
732 733
732 1715
733 734
734 735
735 736
736 737
736 1533
736 1832
737 738
738 739
738 1947
739 740
740 741
741 742
742 743
743 744
744 745
745 746
746 747
747 748
748 749
749 750
750 751
751 752
752 753
752 1923
753 754
754 755
755 756
756 757
757 758
758 759
758 1526
759 760
760 761
761 762
762 763
763 764
763 1902
764 765
764 1815
765 766
766 767
767 768
767 1696
768 769
769 770
770 771
771 772
772 773
773 774
773 1740
774 775
774 1659
775 776
776 777
776 1985
777 778
778 779
779 780
780 781
780 1755
781 782
782 783
783 784
784 785
784 1942
785 786
786 787
787 788
788 789
788 1587
789 790
790 791
791 792
792 793
793 794
793 1803
794 795
794 1637
795 796
796 797
796 1935
797 798
798 799
798 1952
799 800
799 1984
801 1882
803 1874
817 1599
818 1970
822 1540
822 1987
830 1604
846 1886
850 1965
851 1760
851 1920
854 1623
856 1548
861 1869
868 1560
869 1911
873 1870
878 1552
879 1691
892 1677
894 1673
896 1743
898 1783
900 1665
904 1502
904 1863
907 1748
908 1572
909 1885
914 1995
916 1887
917 1505
918 1962
927 1589
929 1611
930 1549
933 1591
933 1736
940 1635
943 1827
945 1669
946 1955
951 1858
956 1729
963 1596
975 1661
976 1566
976 1839
976 1876
977 1716
980 1520
983 1585
983 1805
985 1684
985 1903
987 1973
988 1706
1004 1588
1009 1620
1015 1792
1015 1838
1017 1654
1019 1557
1019 1606
1026 1734
1027 1750
1028 1728
1029 1977
1030 1671
1030 1709
1033 1801
1034 1518
1035 1686
1048 1931
1052 1625
1053 1950
1054 1525
1054 1933
1055 1896
1057 1674
1058 1536
1061 1608
1063 1538
1069 1772
1073 1993
1080 1855
1091 1574
1096 1781
1097 1796
1099 1570
1103 1731
1109 1662
1114 1508
1121 1846
1122 1629
1122 1959
1127 1968
1132 1577
1137 1878
1144 1879
1145 1990
1151 1871
1156 1778
1157 1841
1166 1666
1169 1795
1181 1647
1198 1790
1200 1571
1203 1513
1214 1688
1216 1683
1218 1763
1226 1567
1226 1849
1229 1529
1232 1664
1232 1946
1240 1640
1242 1569
1244 1744
1246 1602
1248 1534
1250 1737
1262 1668
1270 1864
1276 1600
1283 1527
1284 1509
1284 1857
1296 1866
1303 1528
1312 1735
1316 1753
1320 1954
1322 1582
1326 1819
1337 1909
1338 1554
1339 1921
1347 1926
1349 1610
1349 1617
1352 1770
1355 1741
1363 1961
1363 1996
1365 1975
1367 1663
1368 1675
1369 1787
1371 1749
1371 1894
1372 1897
1375 1530
1378 1900
1383 1546
1384 1810
1389 1963
1399 1558
1403 1619
1411 1919
1414 1545
1415 1523
1420 1592
1428 1844
1433 1644
1434 1503
1436 1537
1436 1738
1440 1835
1448 1732
1449 1678
1450 1830
1468 1621
1477 1802
1480 1724
1484 1547
1486 1650
1498 1769
1499 1777
1501 1649
1503 1607
1506 1906
1516 1711
1516 1765
1520 1541
1521 1609
1521 1853
1523 1667
1529 1833
1533 1701
1535 1814
1539 1768
1541 1603
1541 1658
1545 1816
1553 1594
1554 1676
1554 1960
1560 1788
1562 1708
1565 1578
1575 1723
1578 1583
1578 1817
1580 1685
1581 1758
1590 1820
1591 1943
1591 1972
1592 1826
1595 1883
1596 1630
1597 1747
1598 1834
1604 1652
1609 1627
1611 1682
1611 1733
1612 1837
1617 1824
1622 1925
1623 1934
1624 1780
1627 1794
1639 1719
1653 1861
1657 1727
1677 1756
1681 1757
1682 1999
1687 1930
1689 1872
1723 1936
1727 1877
1745 1851
1754 1971
1759 1831
1764 1979
1766 1917
1768 1813
1770 1829
1771 1800
1782 1918
1786 1940
1800 1880
1800 1980
1802 1905
1817 1842
1828 1956
1838 1988
1865 1904
1869 1992
1875 1941
1894 1907
1897 1948
1904 1991
1914 1944
1976 1982
