5
199
1 2
1 81
1 82
1 83
1 84
1 85
1 86
1 87
1 88
1 89
1 90
1 91
1 92
1 93
1 94
1 95
1 96
1 97
1 98
1 99
1 100
1 101
1 102
1 103
1 104
1 105
1 106
1 107
1 108
1 109
1 110
1 111
1 112
1 113
1 114
1 115
1 116
1 117
1 118
1 119
1 120
1 121
1 122
1 123
1 124
1 125
1 126
1 127
1 128
1 129
1 130
1 131
1 132
1 133
1 134
1 135
1 136
1 137
1 138
1 139
1 140
1 141
1 142
1 143
1 144
1 145
1 146
1 147
1 148
1 149
2 3
3 4
3 177
4 5
5 6
6 7
7 8
8 9
9 10
10 11
11 12
11 151
12 13
13 14
14 15
15 16
16 17
17 18
18 19
18 171
18 176
19 20
20 21
20 169
21 22
22 23
22 165
23 24
23 199
24 25
24 152
25 26
26 27
27 28
28 29
28 193
29 30
30 31
31 32
32 33
33 34
34 35
35 36
36 37
37 38
38 39
39 40
40 41
41 42
42 43
43 44
44 45
45 46
45 188
46 47
47 48
47 150
48 49
49 50
50 51
51 52
51 173
52 53
53 54
53 153
54 55
55 56
56 57
57 58
58 59
59 60
60 61
61 62
62 63
63 64
64 65
65 66
66 67
67 68
68 69
69 70
69 158
70 71
71 72
72 73
72 161
73 74
74 75
75 76
75 175
76 77
77 78
78 79
79 80
79 159
79 191
95 186
97 195
99 178
100 163
101 157
103 160
103 164
105 166
115 156
117 162
117 167
119 187
123 170
129 155
129 182
132 179
132 194
134 197
136 180
136 185
144 184
148 154
152 172
160 174
162 168
165 190
167 183
170 181
173 192
174 189
187 198
189 196
199
1 2
1 81
1 82
1 83
1 84
1 85
1 86
1 87
1 88
1 89
1 90
1 91
1 92
1 93
1 94
1 95
1 96
1 97
1 98
1 99
1 100
1 101
1 102
1 103
1 104
1 105
1 106
1 107
1 108
1 109
1 110
1 111
1 112
1 113
1 114
1 115
1 116
1 117
1 118
1 119
1 120
1 121
1 122
1 123
1 124
1 125
1 126
1 127
1 128
1 129
1 130
1 131
1 132
1 133
1 134
1 135
1 136
1 137
1 138
1 139
1 140
1 141
1 142
1 143
1 144
1 145
1 146
1 147
1 148
1 149
2 3
3 4
3 165
3 166
4 5
5 6
6 7
7 8
7 160
8 9
8 164
9 10
10 11
11 12
12 13
12 169
13 14
14 15
15 16
15 196
16 17
17 18
18 19
19 20
20 21
21 22
22 23
23 24
24 25
25 26
26 27
27 28
27 188
28 29
29 30
30 31
31 32
31 163
32 33
32 155
33 34
34 35
35 36
36 37
37 38
38 39
38 178
38 192
39 40
40 41
40 180
41 42
42 43
43 44
44 45
45 46
45 161
46 47
47 48
48 49
49 50
50 51
51 52
52 53
53 54
53 153
53 170
54 55
55 56
56 57
57 58
58 59
58 157
59 60
60 61
60 172
61 62
61 193
62 63
63 64
64 65
65 66
65 152
66 67
66 167
67 68
67 179
68 69
69 70
70 71
71 72
72 73
73 74
74 75
75 76
76 77
77 78
78 79
79 80
79 154
79 183
79 194
83 195
85 162
91 189
97 184
101 151
101 158
106 198
107 150
109 156
110 176
114 199
118 190
119 191
122 174
130 159
135 175
140 168
142 187
144 186
148 197
149 177
161 185
162 182
164 171
166 173
171 181
199
1 2
1 81
1 82
1 83
1 84
1 85
1 86
1 87
1 88
1 89
1 90
1 91
1 92
1 93
1 94
1 95
1 96
1 97
1 98
1 99
1 100
1 101
1 102
1 103
1 104
1 105
1 106
1 107
1 108
1 109
1 110
1 111
1 112
1 113
1 114
1 115
1 116
1 117
1 118
1 119
1 120
1 121
1 122
1 123
1 124
1 125
1 126
1 127
1 128
1 129
1 130
1 131
1 132
1 133
1 134
1 135
1 136
1 137
1 138
1 139
1 140
1 141
1 142
1 143
1 144
1 145
1 146
1 147
1 148
1 149
2 3
3 4
4 5
5 6
6 7
7 8
8 9
9 10
9 164
9 181
10 11
10 183
11 12
12 13
13 14
14 15
15 16
16 17
17 18
18 19
19 20
20 21
20 199
21 22
21 193
22 23
23 24
23 179
24 25
25 26
26 27
26 176
27 28
28 29
29 30
30 31
31 32
32 33
33 34
34 35
35 36
36 37
36 166
37 38
37 151
38 39
38 171
39 40
40 41
41 42
42 43
43 44
44 45
45 46
46 47
47 48
47 154
47 195
48 49
48 165
49 50
50 51
51 52
52 53
52 175
53 54
54 55
55 56
55 160
56 57
56 162
57 58
58 59
59 60
60 61
61 62
62 63
63 64
64 65
64 189
65 66
66 67
67 68
68 69
69 70
69 170
69 191
70 71
71 72
72 73
73 74
73 178
73 185
74 75
74 184
75 76
76 77
77 78
78 79
79 80
80 198
83 161
84 186
93 167
94 156
105 152
107 153
107 159
107 177
110 172
114 150
115 155
116 182
117 169
117 194
118 197
119 158
119 180
119 192
120 163
122 174
125 157
135 190
147 187
153 196
154 173
161 168
176 188
199
1 2
1 81
1 82
1 83
1 84
1 85
1 86
1 87
1 88
1 89
1 90
1 91
1 92
1 93
1 94
1 95
1 96
1 97
1 98
1 99
1 100
1 101
1 102
1 103
1 104
1 105
1 106
1 107
1 108
1 109
1 110
1 111
1 112
1 113
1 114
1 115
1 116
1 117
1 118
1 119
1 120
1 121
1 122
1 123
1 124
1 125
1 126
1 127
1 128
1 129
1 130
1 131
1 132
1 133
1 134
1 135
1 136
1 137
1 138
1 139
1 140
1 141
1 142
1 143
1 144
1 145
1 146
1 147
1 148
1 149
2 3
2 153
3 4
3 179
4 5
5 6
5 191
6 7
6 163
6 189
7 8
8 9
9 10
10 11
11 12
12 13
13 14
14 15
14 164
15 16
16 17
17 18
18 19
19 20
20 21
20 182
20 192
21 22
22 23
23 24
23 167
24 25
25 26
26 27
26 158
27 28
28 29
29 30
30 31
31 32
32 33
33 34
34 35
35 36
36 37
37 38
38 39
38 156
39 40
39 154
40 41
41 42
41 165
41 171
41 178
42 43
43 44
43 159
43 187
44 45
44 162
45 46
46 47
47 48
48 49
49 50
50 51
51 52
51 184
52 53
52 176
53 54
54 55
55 56
56 57
56 155
57 58
57 175
58 59
59 60
60 61
61 62
61 183
62 63
62 150
63 64
63 186
64 65
65 66
65 168
65 181
66 67
66 157
66 198
67 68
68 69
69 70
70 71
71 72
72 73
72 190
73 74
74 75
75 76
76 77
77 78
78 79
79 80
85 173
90 197
98 160
100 193
101 180
108 177
113 152
115 151
117 166
121 199
129 194
135 169
143 172
150 161
151 188
154 170
158 196
160 174
162 195
183 185
199
1 2
1 81
1 82
1 83
1 84
1 85
1 86
1 87
1 88
1 89
1 90
1 91
1 92
1 93
1 94
1 95
1 96
1 97
1 98
1 99
1 100
1 101
1 102
1 103
1 104
1 105
1 106
1 107
1 108
1 109
1 110
1 111
1 112
1 113
1 114
1 115
1 116
1 117
1 118
1 119
1 120
1 121
1 122
1 123
1 124
1 125
1 126
1 127
1 128
1 129
1 130
1 131
1 132
1 133
1 134
1 135
1 136
1 137
1 138
1 139
1 140
1 141
1 142
1 143
1 144
1 145
1 146
1 147
1 148
1 149
2 3
2 167
2 175
3 4
4 5
5 6
6 7
6 171
6 185
7 8
7 198
8 9
9 10
10 11
11 12
12 13
12 166
13 14
14 15
14 150
15 16
16 17
17 18
18 19
19 20
20 21
21 22
22 23
23 24
24 25
25 26
26 27
27 28
28 29
29 30
29 199
30 31
31 32
32 33
33 34
34 35
35 36
36 37
37 38
38 39
39 40
40 41
41 42
41 197
42 43
43 44
44 45
45 46
46 47
47 48
48 49
49 50
50 51
51 52
52 53
53 54
53 159
53 188
54 55
54 161
55 56
56 57
56 164
57 58
58 59
58 157
59 60
60 61
61 62
61 151
62 63
62 184
63 64
64 65
65 66
66 67
67 68
68 69
69 70
70 71
71 72
72 73
73 74
74 75
75 76
76 77
77 78
78 79
79 80
80 190
88 191
92 153
98 180
99 178
101 182
102 154
105 189
109 179
117 169
123 160
125 172
128 170
128 176
129 195
132 177
138 158
138 162
139 156
148 181
149 168
150 152
151 183
152 155
160 163
161 173
161 193
162 165
164 196
167 174
171 187
178 186
183 192
190 194
