5
1999
1 2
1 801
1 802
1 803
1 804
1 805
1 806
1 807
1 808
1 809
1 810
1 811
1 812
1 813
1 814
1 815
1 816
1 817
1 818
1 819
1 820
1 821
1 822
1 823
1 824
1 825
1 826
1 827
1 828
1 829
1 830
1 831
1 832
1 833
1 834
1 835
1 836
1 837
1 838
1 839
1 840
1 841
1 842
1 843
1 844
1 845
1 846
1 847
1 848
1 849
1 850
1 851
1 852
1 853
1 854
1 855
1 856
1 857
1 858
1 859
1 860
1 861
1 862
1 863
1 864
1 865
1 866
1 867
1 868
1 869
1 870
1 871
1 872
1 873
1 874
1 875
1 876
1 877
1 878
1 879
1 880
1 881
1 882
1 883
1 884
1 885
1 886
1 887
1 888
1 889
1 890
1 891
1 892
1 893
1 894
1 895
1 896
1 897
1 898
1 899
1 900
1 901
1 902
1 903
1 904
1 905
1 906
1 907
1 908
1 909
1 910
1 911
1 912
1 913
1 914
1 915
1 916
1 917
1 918
1 919
1 920
1 921
1 922
1 923
1 924
1 925
1 926
1 927
1 928
1 929
1 930
1 931
1 932
1 933
1 934
1 935
1 936
1 937
1 938
1 939
1 940
1 941
1 942
1 943
1 944
1 945
1 946
1 947
1 948
1 949
1 950
1 951
1 952
1 953
1 954
1 955
1 956
1 957
1 958
1 959
1 960
1 961
1 962
1 963
1 964
1 965
1 966
1 967
1 968
1 969
1 970
1 971
1 972
1 973
1 974
1 975
1 976
1 977
1 978
1 979
1 980
1 981
1 982
1 983
1 984
1 985
1 986
1 987
1 988
1 989
1 990
1 991
1 992
1 993
1 994
1 995
1 996
1 997
1 998
1 999
1 1000
1 1001
1 1002
1 1003
1 1004
1 1005
1 1006
1 1007
1 1008
1 1009
1 1010
1 1011
1 1012
1 1013
1 1014
1 1015
1 1016
1 1017
1 1018
1 1019
1 1020
1 1021
1 1022
1 1023
1 1024
1 1025
1 1026
1 1027
1 1028
1 1029
1 1030
1 1031
1 1032
1 1033
1 1034
1 1035
1 1036
1 1037
1 1038
1 1039
1 1040
1 1041
1 1042
1 1043
1 1044
1 1045
1 1046
1 1047
1 1048
1 1049
1 1050
1 1051
1 1052
1 1053
1 1054
1 1055
1 1056
1 1057
1 1058
1 1059
1 1060
1 1061
1 1062
1 1063
1 1064
1 1065
1 1066
1 1067
1 1068
1 1069
1 1070
1 1071
1 1072
1 1073
1 1074
1 1075
1 1076
1 1077
1 1078
1 1079
1 1080
1 1081
1 1082
1 1083
1 1084
1 1085
1 1086
1 1087
1 1088
1 1089
1 1090
1 1091
1 1092
1 1093
1 1094
1 1095
1 1096
1 1097
1 1098
1 1099
1 1100
1 1101
1 1102
1 1103
1 1104
1 1105
1 1106
1 1107
1 1108
1 1109
1 1110
1 1111
1 1112
1 1113
1 1114
1 1115
1 1116
1 1117
1 1118
1 1119
1 1120
1 1121
1 1122
1 1123
1 1124
1 1125
1 1126
1 1127
1 1128
1 1129
1 1130
1 1131
1 1132
1 1133
1 1134
1 1135
1 1136
1 1137
1 1138
1 1139
1 1140
1 1141
1 1142
1 1143
1 1144
1 1145
1 1146
1 1147
1 1148
1 1149
1 1150
1 1151
1 1152
1 1153
1 1154
1 1155
1 1156
1 1157
1 1158
1 1159
1 1160
1 1161
1 1162
1 1163
1 1164
1 1165
1 1166
1 1167
1 1168
1 1169
1 1170
1 1171
1 1172
1 1173
1 1174
1 1175
1 1176
1 1177
1 1178
1 1179
1 1180
1 1181
1 1182
1 1183
1 1184
1 1185
1 1186
1 1187
1 1188
1 1189
1 1190
1 1191
1 1192
1 1193
1 1194
1 1195
1 1196
1 1197
1 1198
1 1199
1 1200
1 1201
1 1202
1 1203
1 1204
1 1205
1 1206
1 1207
1 1208
1 1209
1 1210
1 1211
1 1212
1 1213
1 1214
1 1215
1 1216
1 1217
1 1218
1 1219
1 1220
1 1221
1 1222
1 1223
1 1224
1 1225
1 1226
1 1227
1 1228
1 1229
1 1230
1 1231
1 1232
1 1233
1 1234
1 1235
1 1236
1 1237
1 1238
1 1239
1 1240
1 1241
1 1242
1 1243
1 1244
1 1245
1 1246
1 1247
1 1248
1 1249
1 1250
1 1251
1 1252
1 1253
1 1254
1 1255
1 1256
1 1257
1 1258
1 1259
1 1260
1 1261
1 1262
1 1263
1 1264
1 1265
1 1266
1 1267
1 1268
1 1269
1 1270
1 1271
1 1272
1 1273
1 1274
1 1275
1 1276
1 1277
1 1278
1 1279
1 1280
1 1281
1 1282
1 1283
1 1284
1 1285
1 1286
1 1287
1 1288
1 1289
1 1290
1 1291
1 1292
1 1293
1 1294
1 1295
1 1296
1 1297
1 1298
1 1299
1 1300
1 1301
1 1302
1 1303
1 1304
1 1305
1 1306
1 1307
1 1308
1 1309
1 1310
1 1311
1 1312
1 1313
1 1314
1 1315
1 1316
1 1317
1 1318
1 1319
1 1320
1 1321
1 1322
1 1323
1 1324
1 1325
1 1326
1 1327
1 1328
1 1329
1 1330
1 1331
1 1332
1 1333
1 1334
1 1335
1 1336
1 1337
1 1338
1 1339
1 1340
1 1341
1 1342
1 1343
1 1344
1 1345
1 1346
1 1347
1 1348
1 1349
1 1350
1 1351
1 1352
1 1353
1 1354
1 1355
1 1356
1 1357
1 1358
1 1359
1 1360
1 1361
1 1362
1 1363
1 1364
1 1365
1 1366
1 1367
1 1368
1 1369
1 1370
1 1371
1 1372
1 1373
1 1374
1 1375
1 1376
1 1377
1 1378
1 1379
1 1380
1 1381
1 1382
1 1383
1 1384
1 1385
1 1386
1 1387
1 1388
1 1389
1 1390
1 1391
1 1392
1 1393
1 1394
1 1395
1 1396
1 1397
1 1398
1 1399
1 1400
1 1401
1 1402
1 1403
1 1404
1 1405
1 1406
1 1407
1 1408
1 1409
1 1410
1 1411
1 1412
1 1413
1 1414
1 1415
1 1416
1 1417
1 1418
1 1419
1 1420
1 1421
1 1422
1 1423
1 1424
1 1425
1 1426
1 1427
1 1428
1 1429
1 1430
1 1431
1 1432
1 1433
1 1434
1 1435
1 1436
1 1437
1 1438
1 1439
1 1440
1 1441
1 1442
1 1443
1 1444
1 1445
1 1446
1 1447
1 1448
1 1449
1 1450
1 1451
1 1452
1 1453
1 1454
1 1455
1 1456
1 1457
1 1458
1 1459
1 1460
1 1461
1 1462
1 1463
1 1464
1 1465
1 1466
1 1467
1 1468
1 1469
1 1470
1 1471
1 1472
1 1473
1 1474
1 1475
1 1476
1 1477
1 1478
1 1479
1 1480
1 1481
1 1482
1 1483
1 1484
1 1485
1 1486
1 1487
1 1488
1 1489
1 1490
1 1491
1 1492
1 1493
1 1494
1 1495
1 1496
1 1497
1 1498
1 1499
2 3
3 4
3 1612
4 5
5 6
6 7
7 8
8 9
9 10
10 11
11 12
12 13
13 14
14 15
15 16
16 17
17 18
18 19
19 20
20 21
21 22
22 23
23 24
24 25
24 1788
25 26
25 1739
26 27
26 1923
27 28
28 29
29 30
30 31
30 1523
31 32
32 33
32 1673
33 34
34 35
35 36
36 37
37 38
38 39
39 40
39 1637
39 1782
40 41
41 42
41 1902
42 43
43 44
44 45
45 46
46 47
47 48
47 1813
47 1963
48 49
49 50
50 51
51 52
51 1973
52 53
53 54
54 55
54 1854
55 56
56 57
56 1865
57 58
57 1678
58 59
59 60
60 61
61 62
62 63
63 64
64 65
65 66
66 67
67 68
68 69
69 70
70 71
70 1863
71 72
71 1564
72 73
73 74
74 75
75 76
76 77
77 78
78 79
79 80
80 81
81 82
82 83
83 84
83 1996
84 85
85 86
86 87
87 88
88 89
89 90
90 91
90 1634
90 1951
91 92
91 1563
92 93
93 94
94 95
94 1867
95 96
96 97
96 1648
97 98
97 1994
98 99
99 100
100 101
101 102
102 103
102 1719
103 104
104 105
104 1544
105 106
106 107
107 108
107 1524
108 109
109 110
110 111
111 112
112 113
113 114
114 115
114 1812
115 116
116 117
117 118
118 119
119 120
120 121
121 122
122 123
123 124
124 125
125 126
126 127
127 128
127 1896
128 129
129 130
130 131
131 132
131 1602
132 133
133 134
134 135
135 136
135 1640
136 137
137 138
138 139
138 1874
139 140
140 141
141 142
142 143
143 144
143 1818
144 145
145 146
145 1945
146 147
147 148
148 149
149 150
150 151
151 152
152 153
152 1938
153 154
154 155
155 156
156 157
157 158
158 159
159 160
160 161
160 1531
161 162
162 163
163 164
164 165
165 166
166 167
167 168
168 169
168 1837
169 170
170 171
171 172
172 173
173 174
174 175
175 176
176 177
176 1592
176 1819
177 178
178 179
179 180
179 1943
180 181
180 1778
181 182
182 183
183 184
184 185
184 1504
185 186
186 187
187 188
187 1654
188 189
189 190
190 191
190 1731
191 192
192 193
192 1704
193 194
193 1853
194 195
195 196
196 197
196 1668
197 198
198 199
199 200
200 201
201 202
202 203
203 204
204 205
205 206
206 207
207 208
207 1517
208 209
209 210
210 211
211 212
211 1590
212 213
213 214
214 215
215 216
215 1987
216 217
217 218
218 219
219 220
219 1957
220 221
221 222
222 223
222 1567
223 224
224 225
225 226
225 1576
226 227
227 228
227 1744
228 229
229 230
230 231
231 232
231 1617
232 233
232 1604
232 1692
233 234
234 235
234 1968
235 236
236 237
237 238
238 239
239 240
240 241
240 1871
240 1924
241 242
241 1727
242 243
243 244
244 245
245 246
246 247
246 1578
247 248
248 249
249 250
249 1841
250 251
251 252
252 253
252 1956
253 254
253 1593
254 255
254 1621
255 256
256 257
257 258
258 259
259 260
260 261
260 1990
261 262
262 263
263 264
263 1554
264 265
265 266
266 267
267 268
268 269
269 270
270 271
271 272
272 273
272 1743
272 1876
273 274
273 1753
274 275
274 1846
275 276
276 277
277 278
278 279
278 1535
278 1539
279 280
280 281
281 282
282 283
282 1904
282 1916
283 284
283 1807
284 285
285 286
285 1747
286 287
287 288
288 289
289 290
290 291
291 292
292 293
293 294
293 1658
294 295
295 296
296 297
297 298
298 299
299 300
299 1546
300 301
301 302
302 303
303 304
304 305
305 306
305 1665
306 307
307 308
308 309
309 310
310 311
311 312
312 313
313 314
313 1608
314 315
315 316
316 317
317 318
318 319
319 320
320 321
321 322
322 323
323 324
324 325
325 326
326 327
327 328
327 1595
328 329
328 1889
329 330
330 331
330 1840
331 332
331 1596
332 333
333 334
334 335
335 336
336 337
336 1545
337 338
338 339
338 1507
339 340
340 341
341 342
341 1736
342 343
343 344
343 1980
343 1995
344 345
345 346
346 347
346 1845
347 348
348 349
349 350
350 351
351 352
351 1599
352 353
353 354
354 355
355 356
356 357
357 358
358 359
359 360
360 361
361 362
362 363
363 364
364 365
364 1521
365 366
366 367
366 1834
367 368
367 1584
368 369
368 1768
369 370
370 371
371 372
372 373
373 374
373 1502
374 375
374 1525
375 376
376 377
377 378
378 379
379 380
379 1915
379 1997
380 381
380 1886
381 382
381 1624
382 383
382 1755
383 384
383 1672
384 385
385 386
386 387
386 1577
387 388
388 389
389 390
389 1824
390 391
391 392
391 1645
392 393
393 394
393 1760
393 1858
394 395
395 396
396 397
397 398
398 399
398 1690
399 400
400 401
401 402
401 1759
401 1993
402 403
403 404
403 1601
404 405
404 1947
405 406
406 407
406 1804
407 408
408 409
408 1677
409 410
410 411
411 412
411 1594
412 413
413 414
414 415
415 416
416 417
417 418
418 419
419 420
419 1737
420 421
420 1625
421 422
422 423
423 424
424 425
425 426
426 427
427 428
427 1752
428 429
429 430
430 431
431 432
431 1568
432 433
432 1910
433 434
434 435
435 436
436 437
437 438
437 1794
437 1903
438 439
439 440
440 441
441 442
442 443
443 444
443 1828
444 445
445 446
446 447
446 1833
447 448
448 449
449 450
450 451
451 452
452 453
453 454
454 455
455 456
456 457
457 458
458 459
459 460
460 461
461 462
462 463
463 464
464 465
465 466
466 467
467 468
468 469
468 1720
469 470
470 471
471 472
472 473
473 474
474 475
474 1609
475 476
476 477
477 478
477 1676
478 479
479 480
480 481
481 482
482 483
483 484
484 485
485 486
486 487
487 488
488 489
489 490
490 491
490 1803
491 492
492 493
493 494
494 495
495 496
496 497
497 498
497 1591
498 499
498 1600
499 500
500 501
501 502
502 503
503 504
504 505
505 506
506 507
507 508
508 509
509 510
510 511
510 1791
511 512
512 513
513 514
513 1765
514 515
514 1740
515 516
516 517
516 1550
517 518
518 519
519 520
520 521
521 522
522 523
523 524
524 525
524 1935
525 526
526 527
527 528
528 529
529 530
530 531
530 1703
531 532
531 1701
532 533
533 534
534 535
535 536
536 537
537 538
538 539
538 1623
539 540
540 541
541 542
542 543
543 544
544 545
545 546
546 547
547 548
548 549
549 550
550 551
551 552
551 1631
552 553
552 1527
552 1570
553 554
553 1976
554 555
554 1639
555 556
555 1656
555 1983
556 557
556 1816
557 558
558 559
558 1561
559 560
559 1588
560 561
560 1556
561 562
561 1559
562 563
563 564
564 565
564 1695
565 566
565 1708
566 567
567 568
567 1644
568 569
569 570
570 571
570 1659
571 572
571 1655
571 1832
572 573
573 574
574 575
575 576
575 1948
576 577
577 578
578 579
579 580
580 581
581 582
581 1795
582 583
582 1746
583 584
584 585
585 586
586 587
587 588
588 589
588 1633
588 1663
588 1729
588 1955
589 590
590 591
591 592
592 593
593 594
594 595
594 1519
595 596
596 597
597 598
597 1754
597 1802
598 599
599 600
599 1598
600 601
601 602
601 1646
602 603
603 604
604 605
605 606
606 607
606 1555
607 608
607 1541
607 1847
608 609
609 610
610 611
611 612
612 613
613 614
614 615
615 616
616 617
617 618
618 619
618 1922
619 620
619 1549
620 621
621 622
622 623
623 624
624 625
625 626
625 1725
626 627
627 628
628 629
628 1610
629 630
630 631
631 632
631 1529
631 1860
632 633
633 634
634 635
635 636
636 637
637 638
638 639
639 640
640 641
640 1629
640 1967
641 642
642 643
643 644
643 1763
644 645
645 646
646 647
646 1542
647 648
648 649
649 650
650 651
651 652
652 653
653 654
654 655
654 1605
654 1878
655 656
656 657
657 658
658 659
659 660
660 661
661 662
662 663
663 664
664 665
665 666
666 667
667 668
668 669
669 670
669 1649
670 671
671 672
672 673
673 674
674 675
674 1974
675 676
676 677
677 678
678 679
679 680
680 681
680 1982
681 682
682 683
683 684
684 685
685 686
686 687
686 1718
687 688
688 689
689 690
689 1751
690 691
691 692
691 1582
692 693
692 1693
693 694
694 695
695 696
696 697
697 698
698 699
699 700
700 701
701 702
702 703
702 1651
703 704
704 705
705 706
705 1626
706 707
707 708
708 709
709 710
710 711
710 1508
710 1905
711 712
711 1664
712 713
713 714
713 1918
714 715
715 716
716 717
717 718
718 719
719 720
720 721
721 722
722 723
723 724
723 1913
724 725
725 726
726 727
726 1530
727 728
728 729
729 730
729 1936
730 731
731 732
732 733
733 734
734 735
735 736
736 737
736 1566
736 1716
737 738
738 739
739 740
739 1710
740 741
741 742
742 743
742 1513
743 744
744 745
745 746
745 1825
746 747
747 748
747 1793
748 749
749 750
750 751
751 752
752 753
753 754
754 755
754 1864
755 756
756 757
756 1572
757 758
758 759
759 760
759 1857
760 761
761 762
762 763
763 764
764 765
765 766
766 767
767 768
768 769
768 1583
769 770
770 771
771 772
771 1700
772 773
773 774
773 1949
774 775
775 776
776 777
777 778
778 779
779 780
779 1548
780 781
781 782
781 1792
782 783
783 784
783 1661
784 785
785 786
786 787
787 788
788 789
789 790
790 791
791 792
791 1642
792 793
792 1506
793 794
793 1735
794 795
795 796
796 797
796 1783
797 798
798 799
799 800
800 1730
803 1830
804 1589
807 1786
812 1738
812 1843
816 1906
827 1618
830 1562
836 1696
840 1528
841 1941
849 1585
853 1526
859 1787
861 1930
863 1742
864 1908
866 1892
866 1984
877 1921
884 1543
886 1557
903 1682
903 1966
904 1979
906 1522
919 1509
926 1773
928 1606
950 1574
950 1971
952 1894
954 1694
954 1756
963 1657
963 1681
963 1723
965 1518
970 1630
970 1776
973 1962
977 1850
978 1534
980 1798
996 1684
996 1722
997 1784
997 1942
998 1734
999 1669
1001 1762
1001 1775
1007 1926
1008 1789
1010 1688
1015 1882
1017 1537
1020 1821
1022 1520
1022 1757
1026 1706
1037 1953
1039 1826
1040 1643
1049 1615
1051 1647
1056 1823
1057 1927
1060 1573
1075 1774
1076 1501
1083 1820
1091 1500
1098 1635
1101 1907
1103 1683
1104 1699
1104 1801
1105 1769
1119 1580
1123 1560
1123 1748
1125 1965
1129 1883
1133 1969
1136 1587
1142 1622
1148 1553
1148 1978
1154 1687
1154 1940
1156 1571
1158 1914
1159 1614
1162 1767
1163 1709
1164 1512
1164 1817
1177 1959
1188 1898
1193 1724
1197 1887
1206 1988
1210 1772
1217 1689
1221 1641
1226 1691
1227 1666
1242 1750
1252 1628
1255 1532
1257 1611
1261 1698
1261 1835
1262 1586
1266 1514
1270 1917
1271 1603
1274 1809
1279 1849
1280 1581
1283 1958
1284 1919
1285 1884
1306 1933
1312 1946
1313 1613
1317 1671
1317 1880
1323 1829
1326 1575
1328 1895
1330 1503
1336 1885
1336 1944
1339 1620
1341 1505
1342 1717
1352 1749
1356 1713
1357 1510
1363 1873
1364 1705
1367 1779
1368 1909
1369 1653
1375 1836
1383 1697
1387 1558
1389 1579
1390 1662
1391 1538
1397 1800
1409 1961
1410 1686
1410 1711
1416 1632
1420 1515
1420 1862
1422 1771
1423 1685
1423 1764
1424 1761
1425 1912
1429 1565
1430 1766
1431 1758
1433 1925
1438 1569
1441 1597
1447 1815
1448 1891
1457 1808
1461 1900
1463 1627
1466 1872
1469 1952
1473 1551
1474 1726
1475 1533
1476 1680
1479 1674
1481 1777
1488 1901
1490 1797
1493 1511
1494 1975
1495 1516
1499 1715
1500 1839
1501 1799
1501 1931
1504 1540
1504 1852
1505 1831
1506 1879
1513 1552
1515 1547
1515 1616
1518 1790
1520 1897
1523 1728
1525 1536
1528 1607
1533 1810
1535 1667
1536 1842
1537 1827
1539 1619
1540 1838
1541 1638
1551 1712
1554 1670
1556 1869
1564 1679
1566 1745
1577 1890
1584 1937
1593 1636
1597 1888
1603 1893
1605 1652
1606 1985
1608 1960
1610 1855
1623 1650
1625 1660
1625 1675
1632 1707
1632 1950
1633 1920
1633 1954
1637 1770
1638 1939
1639 1733
1641 1732
1642 1870
1646 1989
1650 1796
1656 1714
1659 1964
1662 1785
1670 1859
1671 1881
1677 1781
1678 1844
1679 1806
1682 1899
1696 1856
1699 1702
1700 1814
1702 1928
1704 1721
1705 1741
1711 1811
1736 1981
1739 1877
1741 1972
1753 1875
1753 1986
1754 1866
1755 1848
1766 1805
1771 1822
1771 1991
1772 1780
1772 1861
1797 1977
1798 1851
1808 1998
1832 1911
1846 1868
1847 1932
1859 1970
1884 1934
1916 1929
1925 1992
1943 1999
1999
1 2
1 801
1 802
1 803
1 804
1 805
1 806
1 807
1 808
1 809
1 810
1 811
1 812
1 813
1 814
1 815
1 816
1 817
1 818
1 819
1 820
1 821
1 822
1 823
1 824
1 825
1 826
1 827
1 828
1 829
1 830
1 831
1 832
1 833
1 834
1 835
1 836
1 837
1 838
1 839
1 840
1 841
1 842
1 843
1 844
1 845
1 846
1 847
1 848
1 849
1 850
1 851
1 852
1 853
1 854
1 855
1 856
1 857
1 858
1 859
1 860
1 861
1 862
1 863
1 864
1 865
1 866
1 867
1 868
1 869
1 870
1 871
1 872
1 873
1 874
1 875
1 876
1 877
1 878
1 879
1 880
1 881
1 882
1 883
1 884
1 885
1 886
1 887
1 888
1 889
1 890
1 891
1 892
1 893
1 894
1 895
1 896
1 897
1 898
1 899
1 900
1 901
1 902
1 903
1 904
1 905
1 906
1 907
1 908
1 909
1 910
1 911
1 912
1 913
1 914
1 915
1 916
1 917
1 918
1 919
1 920
1 921
1 922
1 923
1 924
1 925
1 926
1 927
1 928
1 929
1 930
1 931
1 932
1 933
1 934
1 935
1 936
1 937
1 938
1 939
1 940
1 941
1 942
1 943
1 944
1 945
1 946
1 947
1 948
1 949
1 950
1 951
1 952
1 953
1 954
1 955
1 956
1 957
1 958
1 959
1 960
1 961
1 962
1 963
1 964
1 965
1 966
1 967
1 968
1 969
1 970
1 971
1 972
1 973
1 974
1 975
1 976
1 977
1 978
1 979
1 980
1 981
1 982
1 983
1 984
1 985
1 986
1 987
1 988
1 989
1 990
1 991
1 992
1 993
1 994
1 995
1 996
1 997
1 998
1 999
1 1000
1 1001
1 1002
1 1003
1 1004
1 1005
1 1006
1 1007
1 1008
1 1009
1 1010
1 1011
1 1012
1 1013
1 1014
1 1015
1 1016
1 1017
1 1018
1 1019
1 1020
1 1021
1 1022
1 1023
1 1024
1 1025
1 1026
1 1027
1 1028
1 1029
1 1030
1 1031
1 1032
1 1033
1 1034
1 1035
1 1036
1 1037
1 1038
1 1039
1 1040
1 1041
1 1042
1 1043
1 1044
1 1045
1 1046
1 1047
1 1048
1 1049
1 1050
1 1051
1 1052
1 1053
1 1054
1 1055
1 1056
1 1057
1 1058
1 1059
1 1060
1 1061
1 1062
1 1063
1 1064
1 1065
1 1066
1 1067
1 1068
1 1069
1 1070
1 1071
1 1072
1 1073
1 1074
1 1075
1 1076
1 1077
1 1078
1 1079
1 1080
1 1081
1 1082
1 1083
1 1084
1 1085
1 1086
1 1087
1 1088
1 1089
1 1090
1 1091
1 1092
1 1093
1 1094
1 1095
1 1096
1 1097
1 1098
1 1099
1 1100
1 1101
1 1102
1 1103
1 1104
1 1105
1 1106
1 1107
1 1108
1 1109
1 1110
1 1111
1 1112
1 1113
1 1114
1 1115
1 1116
1 1117
1 1118
1 1119
1 1120
1 1121
1 1122
1 1123
1 1124
1 1125
1 1126
1 1127
1 1128
1 1129
1 1130
1 1131
1 1132
1 1133
1 1134
1 1135
1 1136
1 1137
1 1138
1 1139
1 1140
1 1141
1 1142
1 1143
1 1144
1 1145
1 1146
1 1147
1 1148
1 1149
1 1150
1 1151
1 1152
1 1153
1 1154
1 1155
1 1156
1 1157
1 1158
1 1159
1 1160
1 1161
1 1162
1 1163
1 1164
1 1165
1 1166
1 1167
1 1168
1 1169
1 1170
1 1171
1 1172
1 1173
1 1174
1 1175
1 1176
1 1177
1 1178
1 1179
1 1180
1 1181
1 1182
1 1183
1 1184
1 1185
1 1186
1 1187
1 1188
1 1189
1 1190
1 1191
1 1192
1 1193
1 1194
1 1195
1 1196
1 1197
1 1198
1 1199
1 1200
1 1201
1 1202
1 1203
1 1204
1 1205
1 1206
1 1207
1 1208
1 1209
1 1210
1 1211
1 1212
1 1213
1 1214
1 1215
1 1216
1 1217
1 1218
1 1219
1 1220
1 1221
1 1222
1 1223
1 1224
1 1225
1 1226
1 1227
1 1228
1 1229
1 1230
1 1231
1 1232
1 1233
1 1234
1 1235
1 1236
1 1237
1 1238
1 1239
1 1240
1 1241
1 1242
1 1243
1 1244
1 1245
1 1246
1 1247
1 1248
1 1249
1 1250
1 1251
1 1252
1 1253
1 1254
1 1255
1 1256
1 1257
1 1258
1 1259
1 1260
1 1261
1 1262
1 1263
1 1264
1 1265
1 1266
1 1267
1 1268
1 1269
1 1270
1 1271
1 1272
1 1273
1 1274
1 1275
1 1276
1 1277
1 1278
1 1279
1 1280
1 1281
1 1282
1 1283
1 1284
1 1285
1 1286
1 1287
1 1288
1 1289
1 1290
1 1291
1 1292
1 1293
1 1294
1 1295
1 1296
1 1297
1 1298
1 1299
1 1300
1 1301
1 1302
1 1303
1 1304
1 1305
1 1306
1 1307
1 1308
1 1309
1 1310
1 1311
1 1312
1 1313
1 1314
1 1315
1 1316
1 1317
1 1318
1 1319
1 1320
1 1321
1 1322
1 1323
1 1324
1 1325
1 1326
1 1327
1 1328
1 1329
1 1330
1 1331
1 1332
1 1333
1 1334
1 1335
1 1336
1 1337
1 1338
1 1339
1 1340
1 1341
1 1342
1 1343
1 1344
1 1345
1 1346
1 1347
1 1348
1 1349
1 1350
1 1351
1 1352
1 1353
1 1354
1 1355
1 1356
1 1357
1 1358
1 1359
1 1360
1 1361
1 1362
1 1363
1 1364
1 1365
1 1366
1 1367
1 1368
1 1369
1 1370
1 1371
1 1372
1 1373
1 1374
1 1375
1 1376
1 1377
1 1378
1 1379
1 1380
1 1381
1 1382
1 1383
1 1384
1 1385
1 1386
1 1387
1 1388
1 1389
1 1390
1 1391
1 1392
1 1393
1 1394
1 1395
1 1396
1 1397
1 1398
1 1399
1 1400
1 1401
1 1402
1 1403
1 1404
1 1405
1 1406
1 1407
1 1408
1 1409
1 1410
1 1411
1 1412
1 1413
1 1414
1 1415
1 1416
1 1417
1 1418
1 1419
1 1420
1 1421
1 1422
1 1423
1 1424
1 1425
1 1426
1 1427
1 1428
1 1429
1 1430
1 1431
1 1432
1 1433
1 1434
1 1435
1 1436
1 1437
1 1438
1 1439
1 1440
1 1441
1 1442
1 1443
1 1444
1 1445
1 1446
1 1447
1 1448
1 1449
1 1450
1 1451
1 1452
1 1453
1 1454
1 1455
1 1456
1 1457
1 1458
1 1459
1 1460
1 1461
1 1462
1 1463
1 1464
1 1465
1 1466
1 1467
1 1468
1 1469
1 1470
1 1471
1 1472
1 1473
1 1474
1 1475
1 1476
1 1477
1 1478
1 1479
1 1480
1 1481
1 1482
1 1483
1 1484
1 1485
1 1486
1 1487
1 1488
1 1489
1 1490
1 1491
1 1492
1 1493
1 1494
1 1495
1 1496
1 1497
1 1498
1 1499
1 1882
2 3
2 1937
3 4
3 1899
4 5
5 6
6 7
6 1650
6 1653
7 8
8 9
8 1624
9 10
10 11
11 12
11 1983
12 13
13 14
14 15
14 1640
15 16
16 17
17 18
18 19
19 20
20 21
20 1586
20 1688
21 22
22 23
23 24
24 25
25 26
26 27
27 28
28 29
29 30
30 31
31 32
32 33
32 1929
33 34
34 35
35 36
36 37
37 38
38 39
39 40
40 41
41 42
42 43
43 44
43 1866
44 45
44 1750
45 46
45 1673
46 47
46 1520
47 48
48 49
48 1558
49 50
49 1637
50 51
50 1857
51 52
52 53
52 1619
53 54
53 1945
54 55
55 56
56 57
57 58
58 59
58 1517
58 1699
58 1726
59 60
60 61
61 62
62 63
63 64
63 1928
64 65
65 66
65 1522
66 67
67 68
68 69
69 70
70 71
71 72
71 1551
72 73
73 74
74 75
74 1715
75 76
76 77
77 78
77 1656
77 1800
77 1847
78 79
78 1841
79 80
79 1790
80 81
80 1675
81 82
82 83
82 1665
83 84
84 85
85 86
85 1727
85 1754
86 87
87 88
88 89
89 90
90 91
91 92
92 93
93 94
93 1896
93 1998
94 95
95 96
96 97
96 1844
97 98
98 99
98 1947
99 100
100 101
101 102
102 103
103 104
104 105
105 106
105 1676
106 107
107 108
108 109
109 110
110 111
111 112
111 1559
111 1609
112 113
113 114
114 115
114 1778
115 116
115 1765
116 117
116 1842
117 118
118 119
119 120
119 1587
120 121
121 122
121 1545
121 1629
122 123
122 1588
123 124
123 1902
124 125
125 126
126 127
126 1810
127 128
128 129
129 130
130 131
130 1834
131 132
131 1767
132 133
132 1780
133 134
133 1982
134 135
135 136
136 137
137 138
137 1568
138 139
139 140
140 141
141 142
142 143
142 1684
142 1943
143 144
144 145
144 1703
145 146
146 147
147 148
148 149
148 1833
149 150
150 151
151 152
152 153
152 1537
153 154
154 155
154 1514
155 156
156 157
157 158
157 1856
158 159
158 1576
159 160
160 161
161 162
162 163
162 1980
163 164
164 165
165 166
166 167
167 168
168 169
169 170
170 171
171 172
172 173
173 174
174 175
174 1892
175 176
176 177
177 178
177 1541
178 179
178 1963
179 180
180 181
181 182
182 183
182 1599
183 184
183 1722
184 185
185 186
185 1557
185 1569
186 187
186 1948
187 188
188 189
189 190
190 191
191 192
192 193
193 194
194 195
195 196
196 197
196 1741
197 198
198 199
199 200
199 1974
200 201
200 1813
201 202
201 1978
202 203
203 204
204 205
205 206
206 207
207 208
208 209
209 210
210 211
211 212
212 213
213 214
214 215
215 216
215 1593
215 1976
216 217
216 1506
216 1783
217 218
217 1607
218 219
219 220
219 1526
219 1757
220 221
221 222
222 223
223 224
224 225
224 1774
224 1867
225 226
226 227
226 1946
227 228
228 229
229 230
230 231
230 1554
231 232
232 233
233 234
234 235
235 236
236 237
237 238
238 239
239 240
239 1825
240 241
241 242
242 243
243 244
244 245
244 1865
245 246
246 247
246 1649
247 248
248 249
249 250
250 251
251 252
252 253
253 254
254 255
255 256
256 257
257 258
258 259
259 260
260 261
261 262
262 263
262 1743
262 1835
263 264
264 265
264 1686
264 1907
265 266
265 1762
266 267
266 1773
267 268
267 1657
267 1797
268 269
269 270
270 271
271 272
271 1702
272 273
273 274
274 275
275 276
276 277
277 278
278 279
279 280
280 281
281 282
282 283
283 284
284 285
285 286
286 287
287 288
288 289
289 290
290 291
291 292
292 293
293 294
294 295
294 1927
294 1989
295 296
296 297
297 298
298 299
299 300
300 301
301 302
302 303
303 304
304 305
305 306
306 307
307 308
308 309
309 310
309 1764
310 311
311 312
312 313
313 314
314 315
315 316
316 317
317 318
318 319
319 320
319 1655
320 321
321 322
321 1582
322 323
323 324
323 1635
324 325
325 326
326 327
327 328
328 329
329 330
329 1843
330 331
331 332
332 333
333 334
334 335
335 336
336 337
337 338
337 1601
338 339
339 340
340 341
341 342
342 343
343 344
343 1824
344 345
344 1615
345 346
346 347
347 348
348 349
348 1745
349 350
350 351
351 352
352 353
352 1734
352 1861
353 354
354 355
354 1799
355 356
355 1647
356 357
357 358
358 359
358 1827
359 360
359 1863
360 361
361 362
362 363
363 364
363 1524
364 365
364 1504
365 366
366 367
366 1801
367 368
368 369
369 370
369 1828
370 371
370 1543
371 372
371 1890
372 373
373 374
374 375
375 376
376 377
377 378
378 379
378 1711
379 380
380 381
381 382
381 1809
381 1854
382 383
383 384
383 1604
384 385
385 386
386 387
387 388
388 389
389 390
390 391
391 392
392 393
392 1806
393 394
393 1883
394 395
395 396
396 397
396 1555
397 398
398 399
398 1864
399 400
399 1641
399 1739
400 401
400 1565
401 402
402 403
403 404
404 405
405 406
406 407
407 408
408 409
409 410
409 1761
410 411
411 412
411 1664
412 413
413 414
413 1871
414 415
415 416
416 417
417 418
418 419
419 420
420 421
421 422
422 423
423 424
424 425
425 426
425 1696
426 427
427 428
428 429
429 430
430 431
431 432
432 433
432 1546
432 1697
433 434
434 435
435 436
436 437
436 1592
437 438
438 439
439 440
440 441
441 442
442 443
443 444
444 445
444 1606
445 446
446 447
447 448
448 449
449 450
449 1547
450 451
451 452
452 453
453 454
454 455
455 456
456 457
457 458
458 459
459 460
459 1706
460 461
461 462
462 463
463 464
464 465
465 466
466 467
467 468
468 469
469 470
470 471
470 1912
471 472
472 473
473 474
474 475
475 476
476 477
477 478
478 479
479 480
480 481
480 1560
481 482
481 1958
482 483
483 484
484 485
485 486
486 487
487 488
487 1528
487 1562
488 489
489 490
490 491
491 492
492 493
493 494
493 1838
494 495
495 496
496 497
497 498
497 1718
498 499
498 1832
499 500
500 501
500 1660
501 502
502 503
503 504
503 1608
504 505
505 506
506 507
507 508
508 509
509 510
510 511
511 512
512 513
513 514
514 515
515 516
516 517
517 518
518 519
519 520
520 521
521 522
522 523
523 524
524 525
525 526
526 527
527 528
528 529
528 1873
529 530
529 1584
529 1748
529 1990
530 531
531 532
532 533
532 1663
533 534
534 535
535 536
536 537
536 1550
537 538
537 1903
538 539
539 540
539 1794
540 541
540 1631
541 542
542 543
543 544
544 545
544 1689
545 546
546 547
546 1573
547 548
548 549
549 550
550 551
551 552
552 553
553 554
554 555
555 556
556 557
557 558
558 559
559 560
560 561
561 562
561 1677
561 1938
562 563
563 564
564 565
564 1661
564 1997
565 566
565 1916
566 567
567 568
568 569
569 570
570 571
571 572
572 573
573 574
574 575
575 576
576 577
577 578
578 579
579 580
580 581
580 1713
581 582
582 583
583 584
584 585
585 586
586 587
587 588
587 1502
588 589
589 590
590 591
591 592
592 593
592 1721
593 594
593 1766
594 595
595 596
596 597
597 598
598 599
598 1914
599 600
600 601
601 602
602 603
603 604
604 605
605 606
606 607
606 1984
607 608
607 1771
608 609
609 610
610 611
610 1645
611 612
612 613
613 614
613 1951
614 615
614 1775
615 616
615 1831
616 617
617 618
618 619
619 620
620 621
620 1530
621 622
622 623
623 624
623 1623
623 1763
624 625
624 1561
625 626
626 627
627 628
627 1747
628 629
629 630
629 1986
630 631
631 632
632 633
632 1814
633 634
634 635
635 636
636 637
637 638
638 639
639 640
640 641
640 1628
641 642
641 1603
642 643
642 1515
643 644
644 645
645 646
646 647
647 648
648 649
649 650
650 651
651 652
652 653
653 654
653 1913
654 655
654 1812
655 656
656 657
657 658
658 659
659 660
660 661
661 662
662 663
663 664
664 665
664 1999
665 666
666 667
667 668
668 669
668 1651
668 1818
669 670
670 671
671 672
672 673
672 1926
673 674
674 675
675 676
676 677
677 678
678 679
679 680
680 681
681 682
681 1720
681 1918
682 683
683 684
684 685
685 686
686 687
687 688
688 689
688 1950
689 690
690 691
691 692
692 693
693 694
694 695
695 696
696 697
697 698
698 699
699 700
700 701
700 1626
701 702
702 703
702 1724
702 1949
703 704
704 705
704 1700
705 706
706 707
707 708
708 709
709 710
709 1581
710 711
710 1693
710 1736
711 712
712 713
713 714
713 1921
713 1956
714 715
715 716
716 717
717 718
718 719
718 1646
719 720
720 721
720 1710
721 722
722 723
723 724
724 725
725 726
725 1746
726 727
726 1636
727 728
728 729
729 730
730 731
730 1503
731 732
731 1840
732 733
733 734
734 735
734 1924
735 736
736 737
736 1735
736 1957
737 738
737 1535
738 739
738 1698
739 740
739 1598
739 1652
740 741
740 1548
741 742
741 1975
742 743
743 744
744 745
745 746
746 747
746 1942
747 748
748 749
749 750
749 1985
750 751
751 752
751 1580
752 753
752 1815
753 754
754 755
755 756
756 757
757 758
757 1611
758 759
759 760
760 761
760 1782
761 762
762 763
763 764
764 765
764 1802
765 766
766 767
767 768
767 1618
767 1634
768 769
769 770
770 771
771 772
771 1772
772 773
773 774
774 775
775 776
775 1501
776 777
776 1529
777 778
778 779
779 780
780 781
780 1564
780 1671
780 1922
781 782
782 783
782 1668
783 784
784 785
785 786
786 787
787 788
787 1712
788 789
789 790
789 1858
790 791
791 792
792 793
793 794
794 795
795 796
795 1597
796 797
797 798
798 799
799 800
806 1731
807 1930
808 1589
808 1995
809 1570
809 1575
820 1770
823 1849
826 1612
828 1633
831 1876
835 1666
838 1953
841 1511
844 1659
854 1662
857 1744
865 1853
869 1658
872 1880
878 1583
879 1836
891 1591
894 1532
895 1567
897 1643
898 1944
908 1672
909 1600
930 1594
930 1705
930 1979
932 1845
936 1610
937 1908
941 1860
945 1923
947 1877
950 1869
951 1595
952 1708
952 1733
954 1574
955 1887
961 1549
963 1981
964 1966
965 1596
967 1670
972 1678
975 1816
976 1544
978 1648
981 1508
989 1616
997 1578
997 1728
1000 1988
1001 1919
1011 1870
1012 1552
1016 1954
1019 1878
1025 1516
1025 1531
1035 1540
1035 1973
1042 1621
1045 1518
1054 1807
1055 1707
1059 1822
1059 1961
1066 1679
1068 1972
1071 1791
1071 1900
1073 1556
1073 1585
1082 1753
1084 1889
1085 1577
1085 1829
1087 1523
1096 1977
1099 1808
1102 1602
1103 1579
1115 1952
1123 1617
1136 1993
1138 1759
1140 1500
1144 1920
1146 1992
1151 1630
1170 1539
1171 1852
1179 1681
1183 1787
1188 1730
1188 1804
1191 1525
1192 1654
1196 1817
1199 1510
1199 1685
1199 1934
1213 1875
1216 1519
1217 1571
1217 1925
1219 1909
1222 1758
1227 1795
1230 1917
1237 1717
1241 1687
1241 1886
1243 1527
1243 1534
1246 1563
1246 1740
1246 1968
1259 1729
1260 1632
1262 1786
1262 1874
1264 1507
1271 1701
1272 1533
1278 1572
1295 1837
1297 1639
1308 1879
1308 1964
1309 1868
1310 1683
1310 1755
1318 1692
1320 1936
1322 1935
1324 1785
1327 1536
1329 1644
1333 1784
1336 1732
1346 1625
1352 1538
1359 1850
1360 1781
1364 1751
1369 1931
1372 1680
1376 1955
1380 1505
1382 1542
1382 1901
1383 1521
1384 1991
1387 1704
1388 1642
1393 1509
1394 1820
1395 1590
1396 1674
1397 1513
1397 1691
1401 1839
1414 1709
1422 1512
1437 1893
1441 1846
1443 1566
1448 1614
1463 1719
1466 1939
1471 1742
1472 1725
1482 1667
1488 1776
1504 1965
1510 1862
1513 1737
1517 1962
1518 1682
1531 1627
1534 1690
1541 1553
1542 1622
1546 1613
1547 1969
1549 1848
1552 1881
1555 1638
1555 1792
1557 1897
1561 1894
1567 1756
1573 1723
1574 1872
1584 1605
1585 1695
1587 1620
1587 1669
1587 1959
1590 1803
1590 1859
1594 1805
1599 1752
1612 1738
1614 1933
1620 1714
1628 1789
1629 1798
1629 1906
1631 1855
1635 1777
1650 1694
1656 1796
1656 1910
1660 1760
1669 1994
1670 1941
1681 1823
1683 1788
1686 1716
1706 1749
1715 1884
1716 1769
1721 1851
1725 1932
1735 1768
1737 1960
1741 1821
1750 1793
1752 1940
1752 1967
1764 1779
1764 1911
1765 1915
1769 1895
1774 1826
1776 1888
1790 1898
1792 1905
1794 1811
1799 1819
1811 1891
1822 1970
1826 1830
1846 1885
1888 1904
1920 1987
1922 1971
1933 1996
1999
1 2
1 801
1 802
1 803
1 804
1 805
1 806
1 807
1 808
1 809
1 810
1 811
1 812
1 813
1 814
1 815
1 816
1 817
1 818
1 819
1 820
1 821
1 822
1 823
1 824
1 825
1 826
1 827
1 828
1 829
1 830
1 831
1 832
1 833
1 834
1 835
1 836
1 837
1 838
1 839
1 840
1 841
1 842
1 843
1 844
1 845
1 846
1 847
1 848
1 849
1 850
1 851
1 852
1 853
1 854
1 855
1 856
1 857
1 858
1 859
1 860
1 861
1 862
1 863
1 864
1 865
1 866
1 867
1 868
1 869
1 870
1 871
1 872
1 873
1 874
1 875
1 876
1 877
1 878
1 879
1 880
1 881
1 882
1 883
1 884
1 885
1 886
1 887
1 888
1 889
1 890
1 891
1 892
1 893
1 894
1 895
1 896
1 897
1 898
1 899
1 900
1 901
1 902
1 903
1 904
1 905
1 906
1 907
1 908
1 909
1 910
1 911
1 912
1 913
1 914
1 915
1 916
1 917
1 918
1 919
1 920
1 921
1 922
1 923
1 924
1 925
1 926
1 927
1 928
1 929
1 930
1 931
1 932
1 933
1 934
1 935
1 936
1 937
1 938
1 939
1 940
1 941
1 942
1 943
1 944
1 945
1 946
1 947
1 948
1 949
1 950
1 951
1 952
1 953
1 954
1 955
1 956
1 957
1 958
1 959
1 960
1 961
1 962
1 963
1 964
1 965
1 966
1 967
1 968
1 969
1 970
1 971
1 972
1 973
1 974
1 975
1 976
1 977
1 978
1 979
1 980
1 981
1 982
1 983
1 984
1 985
1 986
1 987
1 988
1 989
1 990
1 991
1 992
1 993
1 994
1 995
1 996
1 997
1 998
1 999
1 1000
1 1001
1 1002
1 1003
1 1004
1 1005
1 1006
1 1007
1 1008
1 1009
1 1010
1 1011
1 1012
1 1013
1 1014
1 1015
1 1016
1 1017
1 1018
1 1019
1 1020
1 1021
1 1022
1 1023
1 1024
1 1025
1 1026
1 1027
1 1028
1 1029
1 1030
1 1031
1 1032
1 1033
1 1034
1 1035
1 1036
1 1037
1 1038
1 1039
1 1040
1 1041
1 1042
1 1043
1 1044
1 1045
1 1046
1 1047
1 1048
1 1049
1 1050
1 1051
1 1052
1 1053
1 1054
1 1055
1 1056
1 1057
1 1058
1 1059
1 1060
1 1061
1 1062
1 1063
1 1064
1 1065
1 1066
1 1067
1 1068
1 1069
1 1070
1 1071
1 1072
1 1073
1 1074
1 1075
1 1076
1 1077
1 1078
1 1079
1 1080
1 1081
1 1082
1 1083
1 1084
1 1085
1 1086
1 1087
1 1088
1 1089
1 1090
1 1091
1 1092
1 1093
1 1094
1 1095
1 1096
1 1097
1 1098
1 1099
1 1100
1 1101
1 1102
1 1103
1 1104
1 1105
1 1106
1 1107
1 1108
1 1109
1 1110
1 1111
1 1112
1 1113
1 1114
1 1115
1 1116
1 1117
1 1118
1 1119
1 1120
1 1121
1 1122
1 1123
1 1124
1 1125
1 1126
1 1127
1 1128
1 1129
1 1130
1 1131
1 1132
1 1133
1 1134
1 1135
1 1136
1 1137
1 1138
1 1139
1 1140
1 1141
1 1142
1 1143
1 1144
1 1145
1 1146
1 1147
1 1148
1 1149
1 1150
1 1151
1 1152
1 1153
1 1154
1 1155
1 1156
1 1157
1 1158
1 1159
1 1160
1 1161
1 1162
1 1163
1 1164
1 1165
1 1166
1 1167
1 1168
1 1169
1 1170
1 1171
1 1172
1 1173
1 1174
1 1175
1 1176
1 1177
1 1178
1 1179
1 1180
1 1181
1 1182
1 1183
1 1184
1 1185
1 1186
1 1187
1 1188
1 1189
1 1190
1 1191
1 1192
1 1193
1 1194
1 1195
1 1196
1 1197
1 1198
1 1199
1 1200
1 1201
1 1202
1 1203
1 1204
1 1205
1 1206
1 1207
1 1208
1 1209
1 1210
1 1211
1 1212
1 1213
1 1214
1 1215
1 1216
1 1217
1 1218
1 1219
1 1220
1 1221
1 1222
1 1223
1 1224
1 1225
1 1226
1 1227
1 1228
1 1229
1 1230
1 1231
1 1232
1 1233
1 1234
1 1235
1 1236
1 1237
1 1238
1 1239
1 1240
1 1241
1 1242
1 1243
1 1244
1 1245
1 1246
1 1247
1 1248
1 1249
1 1250
1 1251
1 1252
1 1253
1 1254
1 1255
1 1256
1 1257
1 1258
1 1259
1 1260
1 1261
1 1262
1 1263
1 1264
1 1265
1 1266
1 1267
1 1268
1 1269
1 1270
1 1271
1 1272
1 1273
1 1274
1 1275
1 1276
1 1277
1 1278
1 1279
1 1280
1 1281
1 1282
1 1283
1 1284
1 1285
1 1286
1 1287
1 1288
1 1289
1 1290
1 1291
1 1292
1 1293
1 1294
1 1295
1 1296
1 1297
1 1298
1 1299
1 1300
1 1301
1 1302
1 1303
1 1304
1 1305
1 1306
1 1307
1 1308
1 1309
1 1310
1 1311
1 1312
1 1313
1 1314
1 1315
1 1316
1 1317
1 1318
1 1319
1 1320
1 1321
1 1322
1 1323
1 1324
1 1325
1 1326
1 1327
1 1328
1 1329
1 1330
1 1331
1 1332
1 1333
1 1334
1 1335
1 1336
1 1337
1 1338
1 1339
1 1340
1 1341
1 1342
1 1343
1 1344
1 1345
1 1346
1 1347
1 1348
1 1349
1 1350
1 1351
1 1352
1 1353
1 1354
1 1355
1 1356
1 1357
1 1358
1 1359
1 1360
1 1361
1 1362
1 1363
1 1364
1 1365
1 1366
1 1367
1 1368
1 1369
1 1370
1 1371
1 1372
1 1373
1 1374
1 1375
1 1376
1 1377
1 1378
1 1379
1 1380
1 1381
1 1382
1 1383
1 1384
1 1385
1 1386
1 1387
1 1388
1 1389
1 1390
1 1391
1 1392
1 1393
1 1394
1 1395
1 1396
1 1397
1 1398
1 1399
1 1400
1 1401
1 1402
1 1403
1 1404
1 1405
1 1406
1 1407
1 1408
1 1409
1 1410
1 1411
1 1412
1 1413
1 1414
1 1415
1 1416
1 1417
1 1418
1 1419
1 1420
1 1421
1 1422
1 1423
1 1424
1 1425
1 1426
1 1427
1 1428
1 1429
1 1430
1 1431
1 1432
1 1433
1 1434
1 1435
1 1436
1 1437
1 1438
1 1439
1 1440
1 1441
1 1442
1 1443
1 1444
1 1445
1 1446
1 1447
1 1448
1 1449
1 1450
1 1451
1 1452
1 1453
1 1454
1 1455
1 1456
1 1457
1 1458
1 1459
1 1460
1 1461
1 1462
1 1463
1 1464
1 1465
1 1466
1 1467
1 1468
1 1469
1 1470
1 1471
1 1472
1 1473
1 1474
1 1475
1 1476
1 1477
1 1478
1 1479
1 1480
1 1481
1 1482
1 1483
1 1484
1 1485
1 1486
1 1487
1 1488
1 1489
1 1490
1 1491
1 1492
1 1493
1 1494
1 1495
1 1496
1 1497
1 1498
1 1499
2 3
3 4
4 5
4 1934
5 6
6 7
6 1844
7 8
7 1940
8 9
9 10
10 11
11 12
11 1797
12 13
13 14
14 15
15 16
16 17
17 18
18 19
19 20
20 21
20 1731
20 1835
21 22
22 23
23 24
24 25
25 26
26 27
26 1928
27 28
28 29
29 30
29 1780
30 31
31 32
32 33
33 34
34 35
35 36
36 37
37 38
38 39
39 40
40 41
41 42
42 43
43 44
44 45
45 46
46 47
47 48
47 1619
48 49
48 1789
48 1972
49 50
49 1534
50 51
51 52
52 53
53 54
54 55
54 1736
54 1969
55 56
55 1750
56 57
57 58
58 59
59 60
60 61
61 62
62 63
63 64
64 65
65 66
66 67
67 68
68 69
69 70
70 71
71 72
71 1680
71 1877
72 73
73 74
74 75
75 76
76 77
77 78
78 79
79 80
80 81
81 82
82 83
82 1900
83 84
84 85
85 86
86 87
87 88
87 1786
88 89
89 90
90 91
91 92
92 93
93 94
93 1694
94 95
95 96
96 97
97 98
98 99
99 100
99 1827
99 1878
100 101
101 102
102 103
103 104
104 105
104 1597
105 106
105 1673
106 107
107 108
107 1798
108 109
109 110
110 111
111 112
112 113
113 114
113 1611
113 1908
114 115
115 116
116 117
116 1635
117 118
117 1670
118 119
119 120
119 1565
119 1964
120 121
121 122
121 1848
122 123
123 124
124 125
125 126
126 127
127 128
128 129
128 1695
129 130
130 131
131 132
132 133
133 134
134 135
134 1926
135 136
136 137
137 138
138 139
139 140
139 1970
140 141
141 142
142 143
142 1854
143 144
144 145
145 146
146 147
147 148
148 149
149 150
150 151
151 152
152 153
152 1803
153 154
154 155
154 1865
155 156
155 1880
156 157
157 158
157 1933
158 159
159 160
160 161
161 162
161 1607
162 163
163 164
164 165
164 1912
165 166
166 167
166 1773
167 168
168 169
168 1577
168 1626
168 1837
169 170
169 1874
170 171
170 1748
171 172
172 173
173 174
174 175
174 1649
174 1808
174 1971
175 176
176 177
177 178
178 179
179 180
180 181
181 182
182 183
183 184
184 185
185 186
186 187
186 1718
187 188
188 189
189 190
189 1716
190 191
191 192
191 1785
192 193
193 194
194 195
195 196
196 197
196 1545
197 198
197 1814
198 199
198 1512
199 200
200 201
201 202
202 203
203 204
203 1712
204 205
205 206
206 207
207 208
208 209
209 210
210 211
211 212
211 1709
212 213
213 214
214 215
214 1600
215 216
215 1894
216 217
217 218
217 1547
218 219
219 220
220 221
220 1963
221 222
221 1633
222 223
223 224
224 225
224 1554
225 226
225 1889
226 227
227 228
228 229
229 230
230 231
231 232
232 233
232 1846
233 234
233 1620
233 1679
234 235
235 236
236 237
237 238
238 239
239 240
239 1628
240 241
240 1796
241 242
242 243
242 1822
243 244
244 245
245 246
245 1722
246 247
247 248
248 249
249 250
250 251
251 252
252 253
253 254
254 255
255 256
256 257
257 258
258 259
258 1683
259 260
260 261
261 262
262 263
263 264
264 265
265 266
266 267
267 268
268 269
269 270
270 271
271 272
272 273
272 1999
273 274
274 275
275 276
276 277
277 278
278 279
279 280
280 281
280 1873
281 282
282 283
283 284
284 285
285 286
285 1708
286 287
287 288
288 289
288 1885
289 290
289 1872
290 291
291 292
291 1501
292 293
293 294
294 295
295 296
296 297
297 298
298 299
299 300
299 1677
300 301
301 302
302 303
303 304
304 305
305 306
306 307
307 308
307 1746
307 1840
308 309
309 310
310 311
311 312
312 313
313 314
313 1561
314 315
315 316
316 317
317 318
318 319
319 320
319 1539
320 321
320 1612
321 322
322 323
323 324
324 325
325 326
326 327
327 328
328 329
328 1668
329 330
329 1596
330 331
331 332
332 333
333 334
334 335
334 1616
335 336
335 1985
336 337
337 338
338 339
339 340
340 341
340 1671
341 342
342 343
343 344
344 345
345 346
346 347
347 348
348 349
349 350
350 351
351 352
352 353
353 354
354 355
355 356
356 357
357 358
357 1503
357 1801
358 359
359 360
360 361
361 362
362 363
362 1594
363 364
363 1744
363 1841
364 365
364 1657
365 366
366 367
366 1938
367 368
368 369
369 370
370 371
371 372
372 373
373 374
373 1823
374 375
375 376
375 1606
376 377
377 378
378 379
379 380
380 381
381 382
382 383
383 384
384 385
384 1981
385 386
386 387
387 388
387 1834
388 389
388 1904
388 1945
389 390
390 391
391 392
391 1931
392 393
393 394
393 1760
394 395
394 1749
395 396
395 1895
396 397
396 1741
397 398
398 399
399 400
400 401
401 402
402 403
403 404
404 405
405 406
406 407
407 408
408 409
408 1724
409 410
409 1732
410 411
411 412
411 1555
412 413
413 414
414 415
415 416
415 1548
416 417
417 418
418 419
418 1800
419 420
420 421
421 422
422 423
423 424
424 425
425 426
426 427
426 1747
427 428
427 1726
428 429
429 430
430 431
431 432
432 433
433 434
434 435
435 436
436 437
437 438
438 439
439 440
440 441
441 442
441 1664
442 443
443 444
444 445
445 446
445 1968
446 447
447 448
447 1563
448 449
449 450
449 1812
449 1989
450 451
451 452
451 1795
452 453
453 454
454 455
455 456
456 457
457 458
457 1638
458 459
458 1544
459 460
460 461
461 462
461 1892
462 463
463 464
464 465
465 466
465 1617
466 467
467 468
468 469
469 470
470 471
471 472
471 1615
472 473
472 1610
473 474
474 475
475 476
476 477
477 478
478 479
479 480
480 481
481 482
481 1642
482 483
483 484
484 485
485 486
486 487
487 488
487 1598
488 489
488 1640
488 1914
489 490
490 491
490 1988
491 492
492 493
492 1927
493 494
493 1765
494 495
494 1936
495 496
496 497
497 498
498 499
499 500
500 501
501 502
501 1581
502 503
503 504
503 1906
504 505
505 506
506 507
506 1599
507 508
508 509
509 510
510 511
510 1624
511 512
512 513
513 514
513 1516
514 515
515 516
515 1552
515 1641
516 517
517 518
517 1966
518 519
519 520
519 1768
520 521
521 522
521 1727
522 523
523 524
524 525
525 526
526 527
527 528
528 529
529 530
529 1542
530 531
531 532
532 533
533 534
534 535
535 536
535 1623
535 1923
536 537
536 1537
537 538
537 1536
538 539
539 540
539 1689
540 541
541 542
542 543
543 544
544 545
545 546
546 547
547 548
548 549
549 550
549 1863
550 551
551 552
552 553
553 554
554 555
555 556
556 557
557 558
558 559
559 560
560 561
561 562
562 563
562 1590
563 564
564 565
565 566
565 1578
566 567
567 568
567 1655
567 1919
568 569
569 570
570 571
570 1656
571 572
572 573
572 1520
573 574
574 575
575 576
576 577
577 578
578 579
579 580
579 1702
580 581
581 582
582 583
582 1693
583 584
584 585
585 586
586 587
587 588
588 589
589 590
590 591
590 1672
591 592
592 593
593 594
594 595
595 596
595 1527
595 1602
596 597
596 1665
597 598
598 599
599 600
600 601
601 602
602 603
602 1549
603 604
603 1992
604 605
605 606
606 607
606 1842
607 608
607 1521
608 609
609 610
609 1777
609 1833
610 611
611 612
611 1586
612 613
612 1698
613 614
613 1955
614 615
615 616
616 617
617 618
617 1828
618 619
618 1553
619 620
620 621
621 622
621 1583
622 623
623 624
624 625
624 1875
624 1979
625 626
626 627
627 628
628 629
628 1860
629 630
629 1557
630 631
631 632
632 633
633 634
634 635
635 636
635 1898
636 637
637 638
638 639
639 640
640 641
641 642
642 643
642 1573
643 644
643 1838
644 645
645 646
646 647
647 648
648 649
649 650
649 1686
650 651
651 652
651 1756
652 653
653 654
654 655
654 1929
655 656
655 1831
656 657
657 658
658 659
659 660
660 661
660 1559
661 662
662 663
663 664
664 665
664 1518
665 666
666 667
667 668
668 669
669 670
670 671
671 672
672 673
672 1957
673 674
674 675
675 676
676 677
677 678
677 1776
678 679
679 680
680 681
681 682
682 683
683 684
684 685
685 686
685 1799
686 687
686 1648
687 688
687 1987
688 689
688 1893
689 690
689 1604
689 1866
689 1994
690 691
690 1533
691 692
691 1728
691 1853
692 693
693 694
694 695
695 696
695 1579
696 697
696 1714
697 698
698 699
698 1806
698 1855
699 700
700 701
701 702
702 703
703 704
704 705
705 706
706 707
707 708
708 709
709 710
710 711
711 712
712 713
712 1705
713 714
713 1550
714 715
715 716
716 717
717 718
718 719
719 720
720 721
721 722
722 723
723 724
724 725
725 726
726 727
727 728
728 729
729 730
729 1771
730 731
730 1851
731 732
732 733
732 1627
732 1761
733 734
734 735
735 736
736 737
737 738
738 739
739 740
740 741
741 742
742 743
743 744
743 1734
744 745
745 746
746 747
747 748
748 749
748 1645
749 750
750 751
751 752
752 753
753 754
754 755
755 756
755 1804
756 757
757 758
758 759
758 1663
759 760
759 1529
760 761
761 762
762 763
762 1524
763 764
764 765
765 766
765 1568
766 767
766 1661
767 768
767 1669
768 769
769 770
770 771
771 772
772 773
773 774
773 1720
774 775
775 776
775 1625
776 777
777 778
778 779
779 780
780 781
781 782
782 783
783 784
784 785
784 1856
785 786
786 787
786 1500
787 788
788 789
789 790
790 791
791 792
792 793
793 794
794 795
795 796
795 1688
796 797
797 798
798 799
799 800
800 1784
821 1629
822 1752
822 1857
823 1743
828 1507
828 1975
835 1767
835 1902
835 1952
846 1513
849 1699
855 1506
856 1658
858 1644
859 1511
859 1939
860 1630
861 1996
862 1946
868 1667
875 1541
878 1735
888 1737
888 1943
889 1678
889 1882
893 1651
894 1502
894 1530
903 1540
908 1637
912 1564
917 1551
918 1591
918 1593
918 1830
921 1526
931 1703
931 1753
933 1811
938 1684
940 1595
943 1509
949 1802
950 1719
951 1947
955 1646
956 1984
960 1546
963 1986
971 1815
972 1745
976 1997
977 1852
979 1519
979 1925
989 1821
990 1809
997 1924
999 1849
1003 1531
1007 1738
1008 1504
1008 1588
1011 1528
1013 1603
1014 1618
1017 1978
1021 1770
1022 1532
1023 1816
1023 1949
1036 1508
1041 1920
1044 1605
1045 1905
1046 1983
1054 1922
1057 1576
1060 1567
1060 1921
1062 1836
1063 1653
1063 1721
1066 1805
1068 1829
1080 1631
1080 1794
1081 1621
1082 1869
1089 1523
1091 1772
1091 1864
1097 1614
1101 1787
1104 1574
1104 1766
1105 1941
1109 1704
1109 1982
1110 1556
1111 1710
1113 1589
1114 1659
1118 1896
1121 1575
1124 1543
1124 1601
1127 1959
1131 1862
1132 1960
1136 1675
1138 1887
1140 1758
1142 1883
1152 1560
1152 1636
1154 1700
1155 1886
1156 1666
1161 1976
1162 1793
1166 1562
1171 1572
1177 1522
1178 1584
1184 1580
1188 1652
1189 1942
1192 1977
1197 1571
1206 1692
1210 1510
1217 1879
1218 1775
1221 1654
1222 1754
1222 1817
1224 1730
1231 1515
1247 1958
1250 1819
1254 1662
1254 1764
1257 1973
1279 1826
1281 1774
1282 1632
1286 1891
1287 1643
1294 1514
1295 1962
1301 1685
1303 1918
1304 1909
1305 1917
1318 1622
1319 1525
1320 1569
1325 1967
1326 1660
1335 1566
1338 1517
1338 1674
1347 1907
1351 1639
1352 1609
1365 1558
1367 1701
1367 1824
1368 1890
1372 1715
1391 1706
1394 1899
1398 1956
1402 1505
1405 1897
1406 1538
1411 1587
1413 1717
1415 1818
1417 1769
1424 1763
1426 1868
1429 1681
1431 1825
1432 1930
1435 1961
1437 1570
1440 1781
1446 1650
1449 1691
1456 1690
1460 1535
1461 1998
1464 1582
1467 1647
1469 1592
1475 1697
1477 1790
1478 1951
1478 1974
1482 1910
1494 1682
1495 1687
1496 1707
1501 1779
1501 1867
1502 1995
1504 1608
1505 1711
1518 1876
1518 1993
1520 1903
1523 1935
1524 1759
1529 1932
1533 1990
1533 1991
1535 1725
1537 1850
1539 1733
1539 1913
1552 1782
1558 1861
1563 1881
1568 1843
1573 1980
1577 1778
1579 1634
1580 1585
1582 1870
1594 1791
1597 1954
1598 1713
1601 1613
1606 1783
1612 1792
1617 1696
1620 1858
1621 1742
1625 1739
1627 1755
1636 1832
1643 1729
1646 1884
1650 1820
1654 1915
1656 1762
1658 1676
1666 1740
1676 1810
1679 1953
1696 1757
1708 1788
1709 1751
1710 1839
1718 1723
1722 1911
1730 1807
1732 1813
1741 1937
1748 1845
1767 1859
1767 1950
1771 1901
1791 1948
1798 1916
1810 1847
1810 1944
1811 1888
1817 1871
1948 1965
1999
1 2
1 801
1 802
1 803
1 804
1 805
1 806
1 807
1 808
1 809
1 810
1 811
1 812
1 813
1 814
1 815
1 816
1 817
1 818
1 819
1 820
1 821
1 822
1 823
1 824
1 825
1 826
1 827
1 828
1 829
1 830
1 831
1 832
1 833
1 834
1 835
1 836
1 837
1 838
1 839
1 840
1 841
1 842
1 843
1 844
1 845
1 846
1 847
1 848
1 849
1 850
1 851
1 852
1 853
1 854
1 855
1 856
1 857
1 858
1 859
1 860
1 861
1 862
1 863
1 864
1 865
1 866
1 867
1 868
1 869
1 870
1 871
1 872
1 873
1 874
1 875
1 876
1 877
1 878
1 879
1 880
1 881
1 882
1 883
1 884
1 885
1 886
1 887
1 888
1 889
1 890
1 891
1 892
1 893
1 894
1 895
1 896
1 897
1 898
1 899
1 900
1 901
1 902
1 903
1 904
1 905
1 906
1 907
1 908
1 909
1 910
1 911
1 912
1 913
1 914
1 915
1 916
1 917
1 918
1 919
1 920
1 921
1 922
1 923
1 924
1 925
1 926
1 927
1 928
1 929
1 930
1 931
1 932
1 933
1 934
1 935
1 936
1 937
1 938
1 939
1 940
1 941
1 942
1 943
1 944
1 945
1 946
1 947
1 948
1 949
1 950
1 951
1 952
1 953
1 954
1 955
1 956
1 957
1 958
1 959
1 960
1 961
1 962
1 963
1 964
1 965
1 966
1 967
1 968
1 969
1 970
1 971
1 972
1 973
1 974
1 975
1 976
1 977
1 978
1 979
1 980
1 981
1 982
1 983
1 984
1 985
1 986
1 987
1 988
1 989
1 990
1 991
1 992
1 993
1 994
1 995
1 996
1 997
1 998
1 999
1 1000
1 1001
1 1002
1 1003
1 1004
1 1005
1 1006
1 1007
1 1008
1 1009
1 1010
1 1011
1 1012
1 1013
1 1014
1 1015
1 1016
1 1017
1 1018
1 1019
1 1020
1 1021
1 1022
1 1023
1 1024
1 1025
1 1026
1 1027
1 1028
1 1029
1 1030
1 1031
1 1032
1 1033
1 1034
1 1035
1 1036
1 1037
1 1038
1 1039
1 1040
1 1041
1 1042
1 1043
1 1044
1 1045
1 1046
1 1047
1 1048
1 1049
1 1050
1 1051
1 1052
1 1053
1 1054
1 1055
1 1056
1 1057
1 1058
1 1059
1 1060
1 1061
1 1062
1 1063
1 1064
1 1065
1 1066
1 1067
1 1068
1 1069
1 1070
1 1071
1 1072
1 1073
1 1074
1 1075
1 1076
1 1077
1 1078
1 1079
1 1080
1 1081
1 1082
1 1083
1 1084
1 1085
1 1086
1 1087
1 1088
1 1089
1 1090
1 1091
1 1092
1 1093
1 1094
1 1095
1 1096
1 1097
1 1098
1 1099
1 1100
1 1101
1 1102
1 1103
1 1104
1 1105
1 1106
1 1107
1 1108
1 1109
1 1110
1 1111
1 1112
1 1113
1 1114
1 1115
1 1116
1 1117
1 1118
1 1119
1 1120
1 1121
1 1122
1 1123
1 1124
1 1125
1 1126
1 1127
1 1128
1 1129
1 1130
1 1131
1 1132
1 1133
1 1134
1 1135
1 1136
1 1137
1 1138
1 1139
1 1140
1 1141
1 1142
1 1143
1 1144
1 1145
1 1146
1 1147
1 1148
1 1149
1 1150
1 1151
1 1152
1 1153
1 1154
1 1155
1 1156
1 1157
1 1158
1 1159
1 1160
1 1161
1 1162
1 1163
1 1164
1 1165
1 1166
1 1167
1 1168
1 1169
1 1170
1 1171
1 1172
1 1173
1 1174
1 1175
1 1176
1 1177
1 1178
1 1179
1 1180
1 1181
1 1182
1 1183
1 1184
1 1185
1 1186
1 1187
1 1188
1 1189
1 1190
1 1191
1 1192
1 1193
1 1194
1 1195
1 1196
1 1197
1 1198
1 1199
1 1200
1 1201
1 1202
1 1203
1 1204
1 1205
1 1206
1 1207
1 1208
1 1209
1 1210
1 1211
1 1212
1 1213
1 1214
1 1215
1 1216
1 1217
1 1218
1 1219
1 1220
1 1221
1 1222
1 1223
1 1224
1 1225
1 1226
1 1227
1 1228
1 1229
1 1230
1 1231
1 1232
1 1233
1 1234
1 1235
1 1236
1 1237
1 1238
1 1239
1 1240
1 1241
1 1242
1 1243
1 1244
1 1245
1 1246
1 1247
1 1248
1 1249
1 1250
1 1251
1 1252
1 1253
1 1254
1 1255
1 1256
1 1257
1 1258
1 1259
1 1260
1 1261
1 1262
1 1263
1 1264
1 1265
1 1266
1 1267
1 1268
1 1269
1 1270
1 1271
1 1272
1 1273
1 1274
1 1275
1 1276
1 1277
1 1278
1 1279
1 1280
1 1281
1 1282
1 1283
1 1284
1 1285
1 1286
1 1287
1 1288
1 1289
1 1290
1 1291
1 1292
1 1293
1 1294
1 1295
1 1296
1 1297
1 1298
1 1299
1 1300
1 1301
1 1302
1 1303
1 1304
1 1305
1 1306
1 1307
1 1308
1 1309
1 1310
1 1311
1 1312
1 1313
1 1314
1 1315
1 1316
1 1317
1 1318
1 1319
1 1320
1 1321
1 1322
1 1323
1 1324
1 1325
1 1326
1 1327
1 1328
1 1329
1 1330
1 1331
1 1332
1 1333
1 1334
1 1335
1 1336
1 1337
1 1338
1 1339
1 1340
1 1341
1 1342
1 1343
1 1344
1 1345
1 1346
1 1347
1 1348
1 1349
1 1350
1 1351
1 1352
1 1353
1 1354
1 1355
1 1356
1 1357
1 1358
1 1359
1 1360
1 1361
1 1362
1 1363
1 1364
1 1365
1 1366
1 1367
1 1368
1 1369
1 1370
1 1371
1 1372
1 1373
1 1374
1 1375
1 1376
1 1377
1 1378
1 1379
1 1380
1 1381
1 1382
1 1383
1 1384
1 1385
1 1386
1 1387
1 1388
1 1389
1 1390
1 1391
1 1392
1 1393
1 1394
1 1395
1 1396
1 1397
1 1398
1 1399
1 1400
1 1401
1 1402
1 1403
1 1404
1 1405
1 1406
1 1407
1 1408
1 1409
1 1410
1 1411
1 1412
1 1413
1 1414
1 1415
1 1416
1 1417
1 1418
1 1419
1 1420
1 1421
1 1422
1 1423
1 1424
1 1425
1 1426
1 1427
1 1428
1 1429
1 1430
1 1431
1 1432
1 1433
1 1434
1 1435
1 1436
1 1437
1 1438
1 1439
1 1440
1 1441
1 1442
1 1443
1 1444
1 1445
1 1446
1 1447
1 1448
1 1449
1 1450
1 1451
1 1452
1 1453
1 1454
1 1455
1 1456
1 1457
1 1458
1 1459
1 1460
1 1461
1 1462
1 1463
1 1464
1 1465
1 1466
1 1467
1 1468
1 1469
1 1470
1 1471
1 1472
1 1473
1 1474
1 1475
1 1476
1 1477
1 1478
1 1479
1 1480
1 1481
1 1482
1 1483
1 1484
1 1485
1 1486
1 1487
1 1488
1 1489
1 1490
1 1491
1 1492
1 1493
1 1494
1 1495
1 1496
1 1497
1 1498
1 1499
1 1827
1 1960
2 3
2 1934
3 4
4 5
5 6
5 1657
6 7
7 8
7 1569
8 9
9 10
10 11
10 1717
11 12
12 13
13 14
14 15
15 16
15 1728
16 17
17 18
18 19
18 1533
19 20
20 21
20 1899
21 22
21 1680
22 23
23 24
24 25
25 26
26 27
26 1857
27 28
28 29
29 30
29 1622
29 1746
30 31
31 32
31 1704
32 33
33 34
33 1548
33 1686
34 35
35 36
36 37
37 38
38 39
39 40
40 41
41 42
42 43
42 1982
43 44
44 45
45 46
45 1583
46 47
47 48
48 49
48 1958
49 50
50 51
51 52
52 53
53 54
53 1753
54 55
55 56
56 57
57 58
58 59
59 60
59 1953
60 61
61 62
62 63
63 64
64 65
65 66
66 67
67 68
67 1860
68 69
68 1826
69 70
70 71
71 72
71 1809
72 73
73 74
74 75
75 76
76 77
77 78
78 79
79 80
80 81
81 82
81 1619
82 83
82 1573
83 84
83 1637
84 85
85 86
86 87
87 88
88 89
88 1600
88 1770
89 90
90 91
90 1700
91 92
92 93
93 94
94 95
95 96
96 97
96 1744
97 98
97 1938
98 99
98 1697
99 100
99 1688
100 101
101 102
102 103
103 104
104 105
105 106
106 107
107 108
108 109
109 110
110 111
111 112
112 113
113 114
114 115
115 116
116 117
116 1632
116 1898
117 118
118 119
118 1572
118 1623
119 120
120 121
120 1952
121 122
122 123
122 1865
123 124
123 1640
124 125
125 126
126 127
126 1660
127 128
128 129
129 130
130 131
130 1659
131 132
132 133
132 1788
133 134
134 135
135 136
136 137
137 138
138 139
139 140
140 141
141 142
141 1783
141 1996
142 143
143 144
144 145
145 146
146 147
147 148
148 149
149 150
149 1535
150 151
151 152
152 153
153 154
154 155
155 156
156 157
156 1661
157 158
158 159
159 160
160 161
161 162
162 163
163 164
164 165
165 166
166 167
167 168
167 1721
168 169
169 170
170 171
171 172
172 173
172 1530
173 174
174 175
175 176
175 1586
175 1834
176 177
177 178
178 179
179 180
180 181
181 182
181 1978
182 183
183 184
184 185
185 186
186 187
186 1532
187 188
187 1587
188 189
189 190
190 191
191 192
192 193
193 194
193 1670
194 195
195 196
196 197
197 198
198 199
199 200
200 201
200 1614
201 202
202 203
203 204
204 205
205 206
206 207
207 208
208 209
209 210
210 211
211 212
212 213
213 214
214 215
214 1629
215 216
216 217
217 218
218 219
219 220
219 1679
220 221
221 222
222 223
223 224
224 225
224 1926
224 1963
225 226
225 1999
226 227
227 228
228 229
229 230
230 231
231 232
231 1669
232 233
233 234
234 235
235 236
236 237
236 1902
237 238
237 1890
238 239
239 240
240 241
241 242
241 1534
242 243
242 1845
243 244
244 245
244 1630
244 1790
245 246
246 247
247 248
248 249
249 250
250 251
251 252
252 253
253 254
254 255
255 256
256 257
257 258
257 1750
258 259
259 260
260 261
260 1766
261 262
262 263
263 264
264 265
265 266
266 267
266 1918
267 268
268 269
269 270
270 271
270 1713
271 272
272 273
273 274
274 275
275 276
275 1761
276 277
277 278
277 1667
278 279
279 280
280 281
281 282
282 283
283 284
284 285
284 1666
285 286
285 1588
286 287
287 288
288 289
289 290
290 291
290 1847
291 292
292 293
293 294
294 295
294 1948
295 296
296 297
297 298
298 299
298 1523
299 300
300 301
301 302
302 303
303 304
304 305
305 306
306 307
307 308
307 1881
308 309
309 310
310 311
311 312
312 313
313 314
314 315
314 1651
315 316
315 1693
316 317
316 1970
317 318
318 319
319 320
320 321
321 322
321 1551
322 323
323 324
324 325
325 326
326 327
327 328
328 329
328 1720
329 330
329 1858
330 331
331 332
331 1988
332 333
333 334
333 1702
334 335
334 1962
335 336
336 337
337 338
338 339
339 340
340 341
341 342
342 343
343 344
343 1503
344 345
345 346
346 347
347 348
348 349
349 350
350 351
350 1851
351 352
352 353
353 354
354 355
355 356
356 357
357 358
357 1749
358 359
359 360
359 1802
360 361
361 362
362 363
363 364
364 365
365 366
366 367
367 368
367 1906
367 1967
368 369
369 370
370 371
371 372
372 373
373 374
374 375
375 376
376 377
377 378
378 379
379 380
380 381
381 382
382 383
382 1983
383 384
384 385
384 1672
385 386
386 387
387 388
387 1555
387 1787
388 389
389 390
390 391
390 1741
391 392
392 393
392 1806
393 394
394 395
395 396
395 1852
396 397
397 398
398 399
399 400
399 1581
400 401
401 402
402 403
403 404
403 1692
403 1945
404 405
405 406
406 407
407 408
408 409
409 410
410 411
410 1774
411 412
412 413
413 414
413 1867
414 415
414 1602
415 416
416 417
417 418
417 1929
418 419
419 420
420 421
421 422
421 1591
422 423
423 424
424 425
425 426
426 427
427 428
427 1824
428 429
429 430
430 431
431 432
432 433
433 434
434 435
435 436
436 437
437 438
438 439
439 440
439 1876
440 441
441 442
441 1510
441 1709
442 443
443 444
444 445
445 446
446 447
447 448
447 1853
448 449
449 450
449 1641
450 451
451 452
452 453
453 454
454 455
455 456
456 457
457 458
458 459
459 460
460 461
461 462
462 463
463 464
464 465
465 466
466 467
466 1568
466 1571
467 468
468 469
468 1789
469 470
470 471
471 472
472 473
473 474
474 475
475 476
476 477
477 478
478 479
479 480
480 481
480 1501
481 482
481 1618
482 483
483 484
484 485
484 1715
485 486
485 1759
486 487
487 488
487 1784
488 489
488 1878
489 490
489 1556
490 491
491 492
492 493
493 494
493 1903
494 495
495 496
496 497
497 498
497 1562
498 499
498 1511
498 1560
498 1804
499 500
499 1500
500 501
501 502
502 503
503 504
503 1615
504 505
505 506
506 507
507 508
507 1691
508 509
509 510
510 511
510 1966
511 512
511 1685
512 513
513 514
514 515
515 516
516 517
516 1645
517 518
518 519
519 520
520 521
521 522
522 523
523 524
524 525
525 526
525 1596
526 527
527 528
528 529
529 530
530 531
531 532
532 533
533 534
534 535
534 1794
535 536
536 537
536 1612
537 538
538 539
538 1698
539 540
539 1836
540 541
541 542
542 543
543 544
543 1786
544 545
545 546
546 547
546 1516
547 548
548 549
549 550
550 551
550 1707
551 552
552 553
553 554
554 555
554 1718
555 556
555 1590
555 1888
556 557
557 558
558 559
559 560
560 561
560 1719
561 562
562 563
562 1683
563 564
564 565
565 566
566 567
567 568
568 569
569 570
570 571
570 1545
571 572
572 573
573 574
574 575
575 576
576 577
577 578
578 579
578 1634
579 580
580 581
581 582
582 583
583 584
584 585
584 1763
584 1896
585 586
586 587
587 588
588 589
589 590
590 591
591 592
592 593
593 594
594 595
595 596
596 597
596 1624
597 598
598 599
599 600
599 1540
600 601
601 602
602 603
603 604
604 605
605 606
606 607
607 608
608 609
609 610
610 611
610 1525
611 612
612 613
613 614
614 615
614 1716
615 616
616 617
617 618
618 619
619 620
620 621
621 622
621 1531
622 623
623 624
624 625
625 626
626 627
627 628
628 629
629 630
630 631
630 1725
631 632
631 1805
632 633
633 634
634 635
635 636
636 637
636 1895
637 638
638 639
639 640
639 1507
640 641
640 1633
641 642
642 643
643 644
644 645
645 646
645 1564
646 647
647 648
648 649
648 1745
649 650
650 651
651 652
652 653
653 654
654 655
654 1701
654 1932
655 656
656 657
657 658
657 1797
658 659
658 1737
659 660
659 1706
660 661
661 662
662 663
663 664
664 665
664 1762
665 666
666 667
666 1941
667 668
668 669
669 670
670 671
671 672
672 673
673 674
674 675
675 676
676 677
677 678
677 1681
678 679
679 680
680 681
681 682
681 1684
681 1854
682 683
683 684
684 685
684 1765
684 1965
685 686
686 687
687 688
687 1964
688 689
688 1722
689 690
690 691
691 692
692 693
693 694
693 1830
694 695
694 1724
695 696
696 697
697 698
698 699
699 700
700 701
701 702
702 703
703 704
704 705
705 706
706 707
707 708
708 709
709 710
710 711
710 1751
711 712
712 713
713 714
714 715
715 716
716 717
717 718
718 719
719 720
720 721
720 1812
721 722
722 723
723 724
723 1658
724 725
725 726
725 1520
725 1930
726 727
726 1673
727 728
728 729
728 1781
729 730
729 1708
730 731
730 1874
731 732
731 1703
732 733
732 1512
733 734
734 735
735 736
736 737
736 1550
736 1942
737 738
738 739
738 1675
739 740
740 741
741 742
742 743
742 1861
743 744
743 1646
744 745
745 746
746 747
747 748
748 749
749 750
749 1514
750 751
750 1541
751 752
752 753
753 754
754 755
755 756
756 757
757 758
758 759
759 760
759 1993
760 761
760 1873
761 762
762 763
762 1547
762 1923
763 764
764 765
765 766
766 767
767 768
768 769
769 770
770 771
771 772
772 773
773 774
774 775
775 776
776 777
777 778
778 779
779 780
780 781
781 782
782 783
783 784
784 785
785 786
785 1705
786 787
786 1597
787 788
788 789
789 790
790 791
791 792
792 793
793 794
794 795
795 796
796 797
797 798
798 799
799 800
799 1820
809 1577
809 1933
810 1877
811 1747
823 1856
824 1817
833 1566
840 1986
841 1515
841 1582
841 1921
843 1626
848 1768
851 1859
852 1760
853 1869
858 1822
871 1984
879 1655
882 1603
884 1575
885 1740
889 1519
891 1889
897 1609
906 1735
907 1620
909 1625
916 1915
921 1696
924 1754
925 1811
930 1664
932 1546
933 1650
936 1752
937 1559
943 1729
944 1570
952 1528
953 1522
957 1862
958 1538
964 1995
971 1567
973 1944
975 1849
979 1979
980 1656
982 1991
983 1785
983 1883
983 1884
983 1957
985 1871
987 1907
988 1828
995 1617
1003 1764
1017 1739
1017 1891
1024 1936
1036 1565
1037 1772
1039 1974
1041 1677
1042 1671
1043 1513
1044 1627
1044 1780
1048 1880
1061 1639
1061 1975
1069 1937
1070 1943
1071 1777
1082 1504
1082 1815
1083 1608
1088 1850
1091 1561
1092 1604
1097 1647
1097 1842
1098 1509
1098 1821
1100 1748
1105 1743
1113 1866
1117 1636
1117 1782
1120 1654
1120 1755
1122 1734
1123 1904
1136 1956
1137 1968
1140 1621
1142 1742
1147 1601
1148 1536
1149 1756
1151 1917
1156 1908
1157 1837
1158 1517
1160 1972
1163 1616
1171 1592
1174 1580
1175 1712
1175 1916
1180 1870
1181 1505
1184 1576
1188 1928
1192 1644
1194 1563
1194 1631
1194 1818
1197 1894
1198 1727
1201 1733
1207 1642
1214 1518
1214 1687
1221 1649
1221 1951
1222 1635
1224 1529
1226 1598
1228 1791
1229 1584
1234 1524
1235 1549
1236 1552
1240 1808
1242 1730
1245 1872
1246 1542
1249 1775
1253 1947
1254 1610
1256 1628
1256 1678
1273 1578
1280 1855
1282 1689
1285 1502
1289 1731
1298 1864
1299 1605
1301 1723
1307 1732
1312 1506
1313 1544
1315 1757
1315 1914
1317 1663
1323 1593
1325 1648
1325 1695
1325 1813
1326 1949
1330 1920
1332 1798
1335 1927
1342 1776
1343 1526
1343 1527
1346 1652
1346 1989
1347 1676
1348 1589
1349 1557
1352 1543
1352 1558
1354 1521
1355 1643
1355 1841
1355 1971
1356 1910
1360 1537
1365 1955
1388 1585
1389 1607
1394 1736
1397 1924
1398 1882
1408 1599
1409 1844
1410 1674
1410 1767
1413 1508
1414 1638
1416 1919
1419 1611
1421 1613
1422 1574
1422 1662
1423 1554
1423 1714
1424 1839
1424 1905
1430 1832
1430 1886
1430 1897
1436 1579
1440 1539
1446 1758
1452 1738
1452 1793
1453 1553
1455 1726
1466 1810
1469 1699
1473 1823
1474 1831
1476 1690
1478 1796
1484 1653
1491 1992
1517 1594
1517 1711
1517 1795
1523 1682
1524 1694
1525 1665
1525 1985
1533 1606
1545 1595
1545 1868
1556 1833
1565 1848
1571 1887
1575 1912
1596 1773
1602 1843
1603 1668
1610 1779
1611 1835
1611 1950
1615 1981
1621 1771
1626 1816
1630 1913
1633 1803
1637 1807
1639 1829
1640 1710
1642 1939
1646 1825
1649 1998
1655 1911
1673 1959
1680 1987
1684 1901
1686 1879
1689 1800
1694 1931
1706 1892
1707 1840
1708 1792
1711 1946
1720 1819
1724 1980
1730 1875
1732 1973
1738 1778
1741 1977
1743 1997
1750 1846
1754 1769
1757 1863
1757 1893
1762 1799
1775 1814
1777 1900
1778 1801
1800 1922
1812 1976
1818 1961
1819 1925
1837 1838
1845 1994
1856 1909
1867 1969
1884 1885
1897 1940
1919 1990
1927 1935
1927 1954
1999
1 2
1 801
1 802
1 803
1 804
1 805
1 806
1 807
1 808
1 809
1 810
1 811
1 812
1 813
1 814
1 815
1 816
1 817
1 818
1 819
1 820
1 821
1 822
1 823
1 824
1 825
1 826
1 827
1 828
1 829
1 830
1 831
1 832
1 833
1 834
1 835
1 836
1 837
1 838
1 839
1 840
1 841
1 842
1 843
1 844
1 845
1 846
1 847
1 848
1 849
1 850
1 851
1 852
1 853
1 854
1 855
1 856
1 857
1 858
1 859
1 860
1 861
1 862
1 863
1 864
1 865
1 866
1 867
1 868
1 869
1 870
1 871
1 872
1 873
1 874
1 875
1 876
1 877
1 878
1 879
1 880
1 881
1 882
1 883
1 884
1 885
1 886
1 887
1 888
1 889
1 890
1 891
1 892
1 893
1 894
1 895
1 896
1 897
1 898
1 899
1 900
1 901
1 902
1 903
1 904
1 905
1 906
1 907
1 908
1 909
1 910
1 911
1 912
1 913
1 914
1 915
1 916
1 917
1 918
1 919
1 920
1 921
1 922
1 923
1 924
1 925
1 926
1 927
1 928
1 929
1 930
1 931
1 932
1 933
1 934
1 935
1 936
1 937
1 938
1 939
1 940
1 941
1 942
1 943
1 944
1 945
1 946
1 947
1 948
1 949
1 950
1 951
1 952
1 953
1 954
1 955
1 956
1 957
1 958
1 959
1 960
1 961
1 962
1 963
1 964
1 965
1 966
1 967
1 968
1 969
1 970
1 971
1 972
1 973
1 974
1 975
1 976
1 977
1 978
1 979
1 980
1 981
1 982
1 983
1 984
1 985
1 986
1 987
1 988
1 989
1 990
1 991
1 992
1 993
1 994
1 995
1 996
1 997
1 998
1 999
1 1000
1 1001
1 1002
1 1003
1 1004
1 1005
1 1006
1 1007
1 1008
1 1009
1 1010
1 1011
1 1012
1 1013
1 1014
1 1015
1 1016
1 1017
1 1018
1 1019
1 1020
1 1021
1 1022
1 1023
1 1024
1 1025
1 1026
1 1027
1 1028
1 1029
1 1030
1 1031
1 1032
1 1033
1 1034
1 1035
1 1036
1 1037
1 1038
1 1039
1 1040
1 1041
1 1042
1 1043
1 1044
1 1045
1 1046
1 1047
1 1048
1 1049
1 1050
1 1051
1 1052
1 1053
1 1054
1 1055
1 1056
1 1057
1 1058
1 1059
1 1060
1 1061
1 1062
1 1063
1 1064
1 1065
1 1066
1 1067
1 1068
1 1069
1 1070
1 1071
1 1072
1 1073
1 1074
1 1075
1 1076
1 1077
1 1078
1 1079
1 1080
1 1081
1 1082
1 1083
1 1084
1 1085
1 1086
1 1087
1 1088
1 1089
1 1090
1 1091
1 1092
1 1093
1 1094
1 1095
1 1096
1 1097
1 1098
1 1099
1 1100
1 1101
1 1102
1 1103
1 1104
1 1105
1 1106
1 1107
1 1108
1 1109
1 1110
1 1111
1 1112
1 1113
1 1114
1 1115
1 1116
1 1117
1 1118
1 1119
1 1120
1 1121
1 1122
1 1123
1 1124
1 1125
1 1126
1 1127
1 1128
1 1129
1 1130
1 1131
1 1132
1 1133
1 1134
1 1135
1 1136
1 1137
1 1138
1 1139
1 1140
1 1141
1 1142
1 1143
1 1144
1 1145
1 1146
1 1147
1 1148
1 1149
1 1150
1 1151
1 1152
1 1153
1 1154
1 1155
1 1156
1 1157
1 1158
1 1159
1 1160
1 1161
1 1162
1 1163
1 1164
1 1165
1 1166
1 1167
1 1168
1 1169
1 1170
1 1171
1 1172
1 1173
1 1174
1 1175
1 1176
1 1177
1 1178
1 1179
1 1180
1 1181
1 1182
1 1183
1 1184
1 1185
1 1186
1 1187
1 1188
1 1189
1 1190
1 1191
1 1192
1 1193
1 1194
1 1195
1 1196
1 1197
1 1198
1 1199
1 1200
1 1201
1 1202
1 1203
1 1204
1 1205
1 1206
1 1207
1 1208
1 1209
1 1210
1 1211
1 1212
1 1213
1 1214
1 1215
1 1216
1 1217
1 1218
1 1219
1 1220
1 1221
1 1222
1 1223
1 1224
1 1225
1 1226
1 1227
1 1228
1 1229
1 1230
1 1231
1 1232
1 1233
1 1234
1 1235
1 1236
1 1237
1 1238
1 1239
1 1240
1 1241
1 1242
1 1243
1 1244
1 1245
1 1246
1 1247
1 1248
1 1249
1 1250
1 1251
1 1252
1 1253
1 1254
1 1255
1 1256
1 1257
1 1258
1 1259
1 1260
1 1261
1 1262
1 1263
1 1264
1 1265
1 1266
1 1267
1 1268
1 1269
1 1270
1 1271
1 1272
1 1273
1 1274
1 1275
1 1276
1 1277
1 1278
1 1279
1 1280
1 1281
1 1282
1 1283
1 1284
1 1285
1 1286
1 1287
1 1288
1 1289
1 1290
1 1291
1 1292
1 1293
1 1294
1 1295
1 1296
1 1297
1 1298
1 1299
1 1300
1 1301
1 1302
1 1303
1 1304
1 1305
1 1306
1 1307
1 1308
1 1309
1 1310
1 1311
1 1312
1 1313
1 1314
1 1315
1 1316
1 1317
1 1318
1 1319
1 1320
1 1321
1 1322
1 1323
1 1324
1 1325
1 1326
1 1327
1 1328
1 1329
1 1330
1 1331
1 1332
1 1333
1 1334
1 1335
1 1336
1 1337
1 1338
1 1339
1 1340
1 1341
1 1342
1 1343
1 1344
1 1345
1 1346
1 1347
1 1348
1 1349
1 1350
1 1351
1 1352
1 1353
1 1354
1 1355
1 1356
1 1357
1 1358
1 1359
1 1360
1 1361
1 1362
1 1363
1 1364
1 1365
1 1366
1 1367
1 1368
1 1369
1 1370
1 1371
1 1372
1 1373
1 1374
1 1375
1 1376
1 1377
1 1378
1 1379
1 1380
1 1381
1 1382
1 1383
1 1384
1 1385
1 1386
1 1387
1 1388
1 1389
1 1390
1 1391
1 1392
1 1393
1 1394
1 1395
1 1396
1 1397
1 1398
1 1399
1 1400
1 1401
1 1402
1 1403
1 1404
1 1405
1 1406
1 1407
1 1408
1 1409
1 1410
1 1411
1 1412
1 1413
1 1414
1 1415
1 1416
1 1417
1 1418
1 1419
1 1420
1 1421
1 1422
1 1423
1 1424
1 1425
1 1426
1 1427
1 1428
1 1429
1 1430
1 1431
1 1432
1 1433
1 1434
1 1435
1 1436
1 1437
1 1438
1 1439
1 1440
1 1441
1 1442
1 1443
1 1444
1 1445
1 1446
1 1447
1 1448
1 1449
1 1450
1 1451
1 1452
1 1453
1 1454
1 1455
1 1456
1 1457
1 1458
1 1459
1 1460
1 1461
1 1462
1 1463
1 1464
1 1465
1 1466
1 1467
1 1468
1 1469
1 1470
1 1471
1 1472
1 1473
1 1474
1 1475
1 1476
1 1477
1 1478
1 1479
1 1480
1 1481
1 1482
1 1483
1 1484
1 1485
1 1486
1 1487
1 1488
1 1489
1 1490
1 1491
1 1492
1 1493
1 1494
1 1495
1 1496
1 1497
1 1498
1 1499
2 3
3 4
4 5
5 6
6 7
6 1950
7 8
8 9
9 10
10 11
11 12
12 13
12 1863
13 14
13 1958
14 15
14 1666
15 16
16 17
17 18
18 19
19 20
20 21
21 22
22 23
23 24
24 25
25 26
25 1550
26 27
27 28
28 29
29 30
29 1836
30 31
30 1778
31 32
32 33
32 1539
33 34
34 35
35 36
36 37
36 1924
37 38
38 39
39 40
40 41
40 1871
41 42
41 1934
42 43
43 44
43 1662
44 45
44 1830
45 46
46 47
47 48
48 49
49 50
50 51
51 52
52 53
53 54
53 1605
54 55
54 1925
55 56
56 57
57 58
58 59
59 60
59 1649
60 61
61 62
62 63
63 64
64 65
65 66
65 1578
65 1614
66 67
67 68
68 69
69 70
69 1797
70 71
71 72
71 1719
72 73
73 74
74 75
75 76
76 77
77 78
77 1784
78 79
78 1631
79 80
80 81
80 1514
81 82
82 83
82 1672
83 84
84 85
84 1910
85 86
85 1986
86 87
87 88
88 89
89 90
90 91
90 1857
90 1977
91 92
92 93
93 94
94 95
95 96
96 97
96 1715
97 98
98 99
99 100
100 101
101 102
102 103
102 1622
103 104
104 105
105 106
106 107
107 108
108 109
108 1894
109 110
110 111
111 112
112 113
113 114
113 1651
114 115
115 116
116 117
117 118
118 119
119 120
120 121
121 122
122 123
123 124
123 1510
124 125
125 126
126 127
126 1969
127 128
128 129
129 130
130 131
131 132
132 133
133 134
133 1758
134 135
135 136
136 137
137 138
137 1580
138 139
139 140
140 141
141 142
142 143
143 144
143 1912
144 145
145 146
145 1919
146 147
147 148
148 149
149 150
150 151
150 1653
151 152
152 153
153 154
154 155
154 1548
155 156
156 157
157 158
158 159
158 1604
159 160
159 1507
160 161
161 162
162 163
163 164
163 1557
163 1875
164 165
164 1743
165 166
166 167
167 168
168 169
169 170
170 171
170 1676
171 172
172 173
173 174
174 175
174 1544
175 176
176 177
176 1795
177 178
178 179
178 1536
178 1939
178 1985
179 180
180 181
181 182
182 183
183 184
184 185
185 186
186 187
187 188
188 189
188 1994
189 190
190 191
191 192
192 193
192 1534
193 194
194 195
194 1680
195 196
195 1914
196 197
197 198
197 1684
198 199
199 200
200 201
201 202
202 203
203 204
203 1620
204 205
205 206
205 1689
205 1843
206 207
207 208
208 209
209 210
210 211
210 1558
210 1790
211 212
211 1935
212 213
212 1503
213 214
214 215
215 216
216 217
217 218
218 219
218 1809
218 1911
219 220
220 221
221 222
222 223
223 224
224 225
225 226
226 227
227 228
227 1959
228 229
229 230
230 231
231 232
231 1938
232 233
232 1553
233 234
234 235
235 236
236 237
236 1921
237 238
238 239
238 1506
239 240
240 241
241 242
241 1940
242 243
243 244
244 245
244 1517
245 246
245 1545
246 247
246 1882
247 248
248 249
248 1608
248 1745
249 250
250 251
251 252
252 253
253 254
253 1682
254 255
254 1973
255 256
255 1884
256 257
256 1696
257 258
257 1607
257 1966
258 259
259 260
260 261
261 262
261 1626
262 263
263 264
263 1560
264 265
265 266
266 267
267 268
268 269
269 270
270 271
271 272
271 1915
272 273
273 274
274 275
275 276
275 1859
276 277
277 278
278 279
278 1633
279 280
280 281
280 1794
281 282
282 283
283 284
284 285
285 286
286 287
286 1630
287 288
288 289
289 290
290 291
291 292
291 1663
292 293
293 294
294 295
295 296
295 1855
296 297
297 298
298 299
299 300
300 301
300 1793
301 302
302 303
302 1816
303 304
303 1652
304 305
305 306
306 307
307 308
308 309
309 310
309 1523
309 1587
309 1928
310 311
311 312
312 313
313 314
314 315
315 316
316 317
317 318
318 319
319 320
320 321
321 322
322 323
323 324
323 1687
324 325
325 326
326 327
326 1897
327 328
327 1646
328 329
329 330
330 331
331 332
331 1782
332 333
333 334
334 335
335 336
336 337
337 338
338 339
339 340
340 341
341 342
342 343
343 344
343 1509
343 1840
344 345
344 1752
345 346
346 347
346 1636
347 348
348 349
349 350
350 351
351 352
352 353
353 354
354 355
355 356
356 357
356 1709
357 358
358 359
359 360
360 361
361 362
361 1738
362 363
363 364
363 1702
364 365
365 366
366 367
367 368
368 369
368 1944
368 1996
369 370
370 371
370 1854
371 372
372 373
373 374
374 375
375 376
375 1554
376 377
376 1518
377 378
378 379
379 380
380 381
381 382
381 1644
381 1724
382 383
383 384
383 1890
384 385
384 1654
385 386
385 1643
386 387
386 1659
387 388
388 389
389 390
390 391
390 1597
390 1766
391 392
391 1798
392 393
392 1691
392 1946
393 394
394 395
395 396
396 397
397 398
397 1697
397 1815
398 399
399 400
400 401
401 402
401 1600
402 403
403 404
404 405
405 406
405 1632
406 407
406 1699
407 408
408 409
409 410
410 411
411 412
411 1599
412 413
412 1610
413 414
414 415
415 416
416 417
416 1885
417 418
418 419
418 1601
419 420
420 421
421 422
422 423
423 424
424 425
425 426
426 427
427 428
428 429
429 430
430 431
431 432
432 433
433 434
433 1642
434 435
435 436
435 1731
436 437
437 438
437 1656
438 439
439 440
440 441
441 442
442 443
443 444
443 1576
443 1640
444 445
445 446
446 447
447 448
448 449
448 1556
449 450
450 451
450 1967
451 452
452 453
453 454
454 455
455 456
456 457
457 458
458 459
459 460
460 461
461 462
461 1804
462 463
463 464
464 465
465 466
466 467
467 468
468 469
469 470
470 471
471 472
472 473
473 474
473 1673
474 475
475 476
476 477
476 1658
477 478
478 479
479 480
480 481
481 482
482 483
483 484
484 485
485 486
486 487
487 488
488 489
488 1521
489 490
490 491
491 492
492 493
493 494
494 495
495 496
496 497
497 498
498 499
499 500
499 1591
500 501
500 1688
501 502
501 1819
502 503
502 1638
503 504
504 505
504 1968
505 506
506 507
506 1739
507 508
508 509
508 1873
509 510
510 511
511 512
512 513
512 1624
513 514
513 1504
514 515
515 516
516 517
517 518
518 519
519 520
520 521
521 522
521 1759
522 523
523 524
524 525
525 526
525 1989
526 527
527 528
528 529
529 530
530 531
531 532
531 1713
531 1865
532 533
533 534
534 535
535 536
535 1551
536 537
537 538
538 539
539 540
540 541
541 542
542 543
543 544
544 545
545 546
546 547
547 548
548 549
549 550
550 551
551 552
551 1905
552 553
553 554
554 555
555 556
556 557
556 1603
557 558
558 559
559 560
560 561
561 562
561 1860
562 563
563 564
564 565
564 1751
565 566
566 567
566 1962
567 568
568 569
569 570
570 571
570 1542
571 572
572 573
573 574
574 575
575 576
576 577
576 1528
577 578
577 1945
578 579
579 580
580 581
580 1585
580 1720
580 1768
581 582
582 583
583 584
584 585
585 586
586 587
587 588
588 589
588 1703
589 590
589 1559
590 591
591 592
592 593
592 1823
593 594
593 1602
594 595
594 1515
595 596
596 597
597 598
597 1717
598 599
599 600
600 601
600 1812
600 1852
601 602
602 603
603 604
604 605
604 1708
604 1922
605 606
606 607
607 608
608 609
609 610
610 611
611 612
612 613
613 614
614 615
614 1555
615 616
616 617
617 618
618 619
619 620
619 1577
620 621
621 622
622 623
623 624
624 625
625 626
626 627
626 1987
627 628
628 629
629 630
630 631
630 1639
630 1814
631 632
631 1909
632 633
633 634
634 635
635 636
636 637
637 638
638 639
639 640
640 641
641 642
642 643
643 644
644 645
644 1892
645 646
645 1800
646 647
647 648
648 649
649 650
649 1923
650 651
651 652
652 653
653 654
654 655
655 656
656 657
657 658
658 659
659 660
660 661
661 662
661 1927
662 663
662 1681
663 664
664 665
665 666
666 667
667 668
668 669
669 670
670 671
671 672
672 673
673 674
674 675
675 676
676 677
677 678
678 679
679 680
680 681
681 682
682 683
683 684
684 685
685 686
686 687
686 1598
686 1879
687 688
688 689
688 1572
689 690
689 1549
689 1808
690 691
691 692
691 1947
692 693
693 694
694 695
695 696
695 1537
696 697
697 698
698 699
698 1516
699 700
700 701
701 702
702 703
702 1700
703 704
704 705
705 706
705 1563
706 707
707 708
708 709
709 710
710 711
711 712
711 1535
712 713
713 714
713 1730
714 715
715 716
716 717
716 1851
717 718
718 719
718 1627
718 1861
718 1887
719 720
720 721
721 722
722 723
723 724
724 725
725 726
726 727
727 728
727 1761
728 729
729 730
729 1647
730 731
731 732
732 733
733 734
734 735
734 1529
735 736
736 737
737 738
738 739
739 740
740 741
740 1956
741 742
742 743
743 744
744 745
745 746
746 747
747 748
747 1904
748 749
748 1776
749 750
749 1575
750 751
751 752
752 753
753 754
753 1850
754 755
755 756
756 757
757 758
758 759
758 1590
759 760
759 1637
759 1886
760 761
761 762
762 763
763 764
764 765
765 766
766 767
766 1568
767 768
768 769
769 770
770 771
770 1538
771 772
772 773
773 774
774 775
775 776
776 777
776 1616
777 778
777 1588
777 1955
778 779
778 1669
779 780
779 1694
780 781
781 782
782 783
783 784
784 785
785 786
786 787
786 1941
787 788
788 789
789 790
790 791
791 792
792 793
793 794
794 795
795 796
796 797
796 1613
797 798
798 799
798 1803
799 800
799 1862
810 1781
813 1984
816 1864
817 1874
818 1765
824 1811
826 1801
827 1524
832 1675
847 1511
848 1931
849 1735
852 1678
854 1754
854 1834
855 1760
860 1704
863 1728
863 1831
867 1787
871 1634
872 1519
872 1667
878 1926
881 1842
882 1650
893 1729
894 1755
898 1609
899 1822
899 1841
905 1657
906 1732
907 1500
910 1889
913 1645
921 1726
924 1679
926 1618
927 1668
929 1573
933 1706
939 1611
948 1727
949 1829
961 1505
961 1685
961 1791
965 1775
966 1971
971 1970
981 1733
982 1693
983 1898
994 1964
995 1674
997 1606
1009 1930
1018 1520
1024 1753
1025 1903
1034 1526
1035 1541
1038 1839
1041 1705
1044 1789
1045 1821
1046 1508
1048 1779
1050 1846
1051 1670
1056 1595
1056 1756
1061 1746
1061 1949
1062 1569
1068 1562
1070 1976
1077 1635
1077 1736
1078 1617
1080 1877
1083 1586
1083 1981
1107 1621
1109 1722
1109 1916
1110 1933
1113 1876
1117 1725
1120 1583
1120 1826
1129 1869
1135 1806
1136 1532
1138 1701
1141 1546
1143 1888
1146 1547
1147 1522
1151 1594
1154 1902
1157 1512
1158 1828
1159 1883
1160 1716
1160 1783
1160 1974
1161 1785
1163 1929
1167 1561
1173 1690
1175 1954
1176 1628
1176 1972
1181 1937
1182 1677
1182 1991
1188 1893
1193 1564
1194 1767
1194 1868
1198 1527
1200 1993
1201 1742
1211 1942
1214 1565
1214 1660
1222 1979
1224 1543
1226 1772
1238 1827
1243 1907
1246 1686
1247 1849
1248 1582
1250 1707
1250 1867
1255 1845
1261 1788
1263 1817
1268 1501
1269 1825
1273 1531
1273 1858
1275 1948
1285 1533
1286 1770
1287 1612
1294 1567
1295 1740
1295 1820
1298 1777
1300 1891
1303 1589
1310 1619
1320 1671
1323 1714
1324 1837
1325 1665
1329 1774
1330 1570
1331 1579
1331 1723
1337 1906
1340 1813
1340 1899
1341 1629
1343 1997
1348 1695
1350 1764
1368 1807
1375 1530
1377 1571
1386 1641
1386 1880
1388 1661
1391 1513
1391 1786
1392 1574
1392 1584
1411 1802
1412 1763
1420 1566
1420 1975
1422 1853
1425 1525
1426 1762
1428 1664
1428 1824
1430 1747
1442 1552
1442 1810
1446 1895
1451 1502
1451 1870
1464 1581
1465 1792
1469 1648
1472 1623
1476 1835
1496 1799
1497 1592
1497 1712
1503 1540
1523 1960
1524 1596
1525 1773
1534 1741
1536 1771
1536 1866
1539 1683
1544 1744
1546 1920
1548 1593
1557 1625
1557 1900
1563 1698
1564 1769
1566 1655
1570 1995
1588 1917
1589 1711
1590 1963
1594 1734
1600 1936
1600 1998
1601 1896
1603 1943
1604 1615
1615 1990
1623 1983
1628 1710
1631 1748
1631 1918
1632 1872
1633 1749
1638 1932
1644 1750
1644 1901
1647 1692
1654 1780
1659 1908
1662 1878
1667 1757
1669 1951
1677 1838
1678 1957
1689 1848
1689 1978
1702 1718
1705 1856
1708 1833
1711 1721
1724 1953
1728 1818
1730 1832
1734 1737
1751 1913
1752 1805
1755 1847
1787 1796
1798 1881
1800 1961
1817 1980
1821 1844
1822 1992
1829 1999
1833 1988
1849 1982
1850 1965
1935 1952
