5
199
1 2
1 81
1 82
1 83
1 84
1 85
1 86
1 87
1 88
1 89
1 90
1 91
1 92
1 93
1 94
1 95
1 96
1 97
1 98
1 99
1 100
1 101
1 102
1 103
1 104
1 105
1 106
1 107
1 108
1 109
1 110
1 111
1 112
1 113
1 114
1 115
1 116
1 117
1 118
1 119
1 120
1 121
1 122
1 123
1 124
1 125
1 126
1 127
1 128
1 129
1 130
1 131
1 132
1 133
1 134
1 135
1 136
1 137
1 138
1 139
1 140
1 141
1 142
1 143
1 144
1 145
1 146
1 147
1 148
1 149
2 3
3 4
4 5
5 6
6 7
7 8
8 9
9 10
10 11
11 12
12 13
13 14
13 166
14 15
14 176
15 16
15 186
16 17
17 18
18 19
19 20
20 21
20 162
21 22
22 23
23 24
24 25
25 26
26 27
27 28
27 157
28 29
29 30
30 31
30 183
31 32
32 33
33 34
34 35
35 36
35 184
36 37
36 152
36 169
37 38
37 187
38 39
39 40
40 41
41 42
41 179
42 43
42 199
43 44
44 45
45 46
45 170
46 47
47 48
48 49
49 50
49 160
50 51
50 196
51 52
51 156
51 185
52 53
53 54
54 55
55 56
56 57
57 58
58 59
59 60
59 171
60 61
61 62
62 63
62 178
63 64
64 65
64 172
65 66
66 67
67 68
68 69
69 70
70 71
71 72
71 165
71 173
72 73
73 74
74 75
74 159
75 76
76 77
77 78
78 79
79 80
83 174
90 164
94 180
100 154
100 193
104 163
105 194
112 150
112 181
113 190
114 158
116 155
119 153
119 167
121 188
124 151
131 198
134 191
135 168
141 197
142 192
144 175
149 161
168 182
169 195
175 177
183 189
199
1 2
1 81
1 82
1 83
1 84
1 85
1 86
1 87
1 88
1 89
1 90
1 91
1 92
1 93
1 94
1 95
1 96
1 97
1 98
1 99
1 100
1 101
1 102
1 103
1 104
1 105
1 106
1 107
1 108
1 109
1 110
1 111
1 112
1 113
1 114
1 115
1 116
1 117
1 118
1 119
1 120
1 121
1 122
1 123
1 124
1 125
1 126
1 127
1 128
1 129
1 130
1 131
1 132
1 133
1 134
1 135
1 136
1 137
1 138
1 139
1 140
1 141
1 142
1 143
1 144
1 145
1 146
1 147
1 148
1 149
2 3
3 4
3 198
4 5
5 6
6 7
7 8
8 9
9 10
10 11
11 12
12 13
12 160
13 14
13 192
14 15
15 16
15 174
16 17
17 18
18 19
19 20
20 21
20 153
21 22
22 23
23 24
24 25
25 26
25 158
25 163
26 27
27 28
28 29
29 30
30 31
31 32
32 33
33 34
34 35
35 36
36 37
37 38
38 39
39 40
39 173
40 41
41 42
41 189
42 43
43 44
44 45
44 168
44 176
45 46
46 47
47 48
48 49
49 50
49 175
50 51
51 52
51 169
52 53
53 54
54 55
55 56
55 179
55 180
56 57
57 58
57 164
58 59
59 60
60 61
60 159
61 62
62 63
63 64
64 65
64 172
65 66
65 156
66 67
67 68
67 182
68 69
69 70
70 71
71 72
72 73
73 74
74 75
75 76
76 77
77 78
78 79
79 80
85 196
92 188
95 193
100 155
101 162
101 171
111 185
113 154
116 184
122 161
122 191
126 166
132 150
139 152
143 197
145 151
145 165
148 157
154 178
155 195
156 167
156 186
160 170
162 181
167 177
168 187
169 183
173 190
173 199
180 194
199
1 2
1 81
1 82
1 83
1 84
1 85
1 86
1 87
1 88
1 89
1 90
1 91
1 92
1 93
1 94
1 95
1 96
1 97
1 98
1 99
1 100
1 101
1 102
1 103
1 104
1 105
1 106
1 107
1 108
1 109
1 110
1 111
1 112
1 113
1 114
1 115
1 116
1 117
1 118
1 119
1 120
1 121
1 122
1 123
1 124
1 125
1 126
1 127
1 128
1 129
1 130
1 131
1 132
1 133
1 134
1 135
1 136
1 137
1 138
1 139
1 140
1 141
1 142
1 143
1 144
1 145
1 146
1 147
1 148
1 149
2 3
3 4
3 196
4 5
5 6
5 161
6 7
6 197
7 8
8 9
9 10
10 11
10 150
11 12
12 13
13 14
13 152
14 15
15 16
16 17
16 151
17 18
18 19
19 20
19 169
20 21
21 22
22 23
23 24
23 172
24 25
25 26
26 27
27 28
28 29
29 30
30 31
31 32
32 33
33 34
34 35
35 36
36 37
37 38
38 39
38 184
38 193
39 40
40 41
41 42
41 195
42 43
42 155
42 180
43 44
44 45
44 176
45 46
46 47
47 48
48 49
49 50
50 51
51 52
52 53
52 160
53 54
54 55
55 56
56 57
57 58
57 154
58 59
59 60
59 194
60 61
61 62
62 63
62 157
63 64
64 65
64 159
65 66
66 67
67 68
67 190
68 69
69 70
70 71
71 72
72 73
73 74
74 75
75 76
76 77
76 188
77 78
77 153
78 79
79 80
91 168
91 170
92 165
99 199
101 175
108 183
109 198
110 191
111 179
114 163
120 187
125 164
127 185
131 156
131 171
134 173
136 158
140 167
141 166
144 162
152 181
156 174
157 178
167 177
173 186
176 182
180 189
180 192
199
1 2
1 81
1 82
1 83
1 84
1 85
1 86
1 87
1 88
1 89
1 90
1 91
1 92
1 93
1 94
1 95
1 96
1 97
1 98
1 99
1 100
1 101
1 102
1 103
1 104
1 105
1 106
1 107
1 108
1 109
1 110
1 111
1 112
1 113
1 114
1 115
1 116
1 117
1 118
1 119
1 120
1 121
1 122
1 123
1 124
1 125
1 126
1 127
1 128
1 129
1 130
1 131
1 132
1 133
1 134
1 135
1 136
1 137
1 138
1 139
1 140
1 141
1 142
1 143
1 144
1 145
1 146
1 147
1 148
1 149
1 161
2 3
3 4
4 5
5 6
6 7
6 171
6 172
6 189
7 8
7 169
8 9
9 10
10 11
11 12
12 13
13 14
13 174
14 15
15 16
16 17
16 159
17 18
18 19
19 20
19 199
20 21
20 167
21 22
22 23
23 24
23 191
24 25
25 26
25 183
26 27
27 28
28 29
29 30
30 31
30 154
31 32
32 33
33 34
34 35
35 36
35 173
36 37
36 196
37 38
38 39
39 40
40 41
41 42
42 43
42 181
43 44
43 190
44 45
45 46
45 165
45 175
46 47
47 48
47 151
48 49
48 152
49 50
50 51
50 170
51 52
52 53
53 54
54 55
54 194
55 56
56 57
57 58
58 59
58 164
58 186
59 60
60 61
61 62
61 178
62 63
63 64
64 65
65 66
66 67
67 68
67 162
68 69
68 179
69 70
70 71
71 72
71 168
72 73
73 74
73 156
73 180
73 185
74 75
75 76
76 77
77 78
77 176
78 79
79 80
81 195
88 184
102 160
111 163
111 198
124 158
125 150
129 177
130 153
142 166
143 155
146 197
148 188
150 187
153 157
161 192
162 182
180 193
199
1 2
1 81
1 82
1 83
1 84
1 85
1 86
1 87
1 88
1 89
1 90
1 91
1 92
1 93
1 94
1 95
1 96
1 97
1 98
1 99
1 100
1 101
1 102
1 103
1 104
1 105
1 106
1 107
1 108
1 109
1 110
1 111
1 112
1 113
1 114
1 115
1 116
1 117
1 118
1 119
1 120
1 121
1 122
1 123
1 124
1 125
1 126
1 127
1 128
1 129
1 130
1 131
1 132
1 133
1 134
1 135
1 136
1 137
1 138
1 139
1 140
1 141
1 142
1 143
1 144
1 145
1 146
1 147
1 148
1 149
1 199
2 3
3 4
3 160
4 5
5 6
6 7
7 8
7 190
8 9
9 10
10 11
11 12
12 13
13 14
14 15
15 16
15 170
16 17
17 18
18 19
18 177
19 20
19 193
20 21
21 22
22 23
23 24
24 25
25 26
26 27
27 28
28 29
28 151
29 30
30 31
31 32
32 33
32 153
32 189
33 34
34 35
35 36
36 37
36 169
37 38
37 166
38 39
39 40
39 178
40 41
41 42
41 154
41 180
42 43
43 44
43 155
44 45
45 46
46 47
47 48
48 49
48 150
49 50
50 51
51 52
52 53
52 165
53 54
54 55
55 56
56 57
57 58
58 59
59 60
60 61
61 62
62 63
63 64
64 65
65 66
66 67
66 183
67 68
68 69
69 70
70 71
71 72
72 73
73 74
74 75
75 76
76 77
77 78
78 79
79 80
82 157
83 196
84 172
97 164
97 179
101 186
104 184
106 173
113 192
120 175
121 168
123 187
124 156
124 162
128 171
132 158
135 174
139 159
147 161
149 163
150 181
151 152
157 167
160 194
162 185
162 188
163 176
163 197
174 191
174 198
178 182
178 195
