5
1999
1 2
1 801
1 802
1 803
1 804
1 805
1 806
1 807
1 808
1 809
1 810
1 811
1 812
1 813
1 814
1 815
1 816
1 817
1 818
1 819
1 820
1 821
1 822
1 823
1 824
1 825
1 826
1 827
1 828
1 829
1 830
1 831
1 832
1 833
1 834
1 835
1 836
1 837
1 838
1 839
1 840
1 841
1 842
1 843
1 844
1 845
1 846
1 847
1 848
1 849
1 850
1 851
1 852
1 853
1 854
1 855
1 856
1 857
1 858
1 859
1 860
1 861
1 862
1 863
1 864
1 865
1 866
1 867
1 868
1 869
1 870
1 871
1 872
1 873
1 874
1 875
1 876
1 877
1 878
1 879
1 880
1 881
1 882
1 883
1 884
1 885
1 886
1 887
1 888
1 889
1 890
1 891
1 892
1 893
1 894
1 895
1 896
1 897
1 898
1 899
1 900
1 901
1 902
1 903
1 904
1 905
1 906
1 907
1 908
1 909
1 910
1 911
1 912
1 913
1 914
1 915
1 916
1 917
1 918
1 919
1 920
1 921
1 922
1 923
1 924
1 925
1 926
1 927
1 928
1 929
1 930
1 931
1 932
1 933
1 934
1 935
1 936
1 937
1 938
1 939
1 940
1 941
1 942
1 943
1 944
1 945
1 946
1 947
1 948
1 949
1 950
1 951
1 952
1 953
1 954
1 955
1 956
1 957
1 958
1 959
1 960
1 961
1 962
1 963
1 964
1 965
1 966
1 967
1 968
1 969
1 970
1 971
1 972
1 973
1 974
1 975
1 976
1 977
1 978
1 979
1 980
1 981
1 982
1 983
1 984
1 985
1 986
1 987
1 988
1 989
1 990
1 991
1 992
1 993
1 994
1 995
1 996
1 997
1 998
1 999
1 1000
1 1001
1 1002
1 1003
1 1004
1 1005
1 1006
1 1007
1 1008
1 1009
1 1010
1 1011
1 1012
1 1013
1 1014
1 1015
1 1016
1 1017
1 1018
1 1019
1 1020
1 1021
1 1022
1 1023
1 1024
1 1025
1 1026
1 1027
1 1028
1 1029
1 1030
1 1031
1 1032
1 1033
1 1034
1 1035
1 1036
1 1037
1 1038
1 1039
1 1040
1 1041
1 1042
1 1043
1 1044
1 1045
1 1046
1 1047
1 1048
1 1049
1 1050
1 1051
1 1052
1 1053
1 1054
1 1055
1 1056
1 1057
1 1058
1 1059
1 1060
1 1061
1 1062
1 1063
1 1064
1 1065
1 1066
1 1067
1 1068
1 1069
1 1070
1 1071
1 1072
1 1073
1 1074
1 1075
1 1076
1 1077
1 1078
1 1079
1 1080
1 1081
1 1082
1 1083
1 1084
1 1085
1 1086
1 1087
1 1088
1 1089
1 1090
1 1091
1 1092
1 1093
1 1094
1 1095
1 1096
1 1097
1 1098
1 1099
1 1100
1 1101
1 1102
1 1103
1 1104
1 1105
1 1106
1 1107
1 1108
1 1109
1 1110
1 1111
1 1112
1 1113
1 1114
1 1115
1 1116
1 1117
1 1118
1 1119
1 1120
1 1121
1 1122
1 1123
1 1124
1 1125
1 1126
1 1127
1 1128
1 1129
1 1130
1 1131
1 1132
1 1133
1 1134
1 1135
1 1136
1 1137
1 1138
1 1139
1 1140
1 1141
1 1142
1 1143
1 1144
1 1145
1 1146
1 1147
1 1148
1 1149
1 1150
1 1151
1 1152
1 1153
1 1154
1 1155
1 1156
1 1157
1 1158
1 1159
1 1160
1 1161
1 1162
1 1163
1 1164
1 1165
1 1166
1 1167
1 1168
1 1169
1 1170
1 1171
1 1172
1 1173
1 1174
1 1175
1 1176
1 1177
1 1178
1 1179
1 1180
1 1181
1 1182
1 1183
1 1184
1 1185
1 1186
1 1187
1 1188
1 1189
1 1190
1 1191
1 1192
1 1193
1 1194
1 1195
1 1196
1 1197
1 1198
1 1199
1 1200
1 1201
1 1202
1 1203
1 1204
1 1205
1 1206
1 1207
1 1208
1 1209
1 1210
1 1211
1 1212
1 1213
1 1214
1 1215
1 1216
1 1217
1 1218
1 1219
1 1220
1 1221
1 1222
1 1223
1 1224
1 1225
1 1226
1 1227
1 1228
1 1229
1 1230
1 1231
1 1232
1 1233
1 1234
1 1235
1 1236
1 1237
1 1238
1 1239
1 1240
1 1241
1 1242
1 1243
1 1244
1 1245
1 1246
1 1247
1 1248
1 1249
1 1250
1 1251
1 1252
1 1253
1 1254
1 1255
1 1256
1 1257
1 1258
1 1259
1 1260
1 1261
1 1262
1 1263
1 1264
1 1265
1 1266
1 1267
1 1268
1 1269
1 1270
1 1271
1 1272
1 1273
1 1274
1 1275
1 1276
1 1277
1 1278
1 1279
1 1280
1 1281
1 1282
1 1283
1 1284
1 1285
1 1286
1 1287
1 1288
1 1289
1 1290
1 1291
1 1292
1 1293
1 1294
1 1295
1 1296
1 1297
1 1298
1 1299
1 1300
1 1301
1 1302
1 1303
1 1304
1 1305
1 1306
1 1307
1 1308
1 1309
1 1310
1 1311
1 1312
1 1313
1 1314
1 1315
1 1316
1 1317
1 1318
1 1319
1 1320
1 1321
1 1322
1 1323
1 1324
1 1325
1 1326
1 1327
1 1328
1 1329
1 1330
1 1331
1 1332
1 1333
1 1334
1 1335
1 1336
1 1337
1 1338
1 1339
1 1340
1 1341
1 1342
1 1343
1 1344
1 1345
1 1346
1 1347
1 1348
1 1349
1 1350
1 1351
1 1352
1 1353
1 1354
1 1355
1 1356
1 1357
1 1358
1 1359
1 1360
1 1361
1 1362
1 1363
1 1364
1 1365
1 1366
1 1367
1 1368
1 1369
1 1370
1 1371
1 1372
1 1373
1 1374
1 1375
1 1376
1 1377
1 1378
1 1379
1 1380
1 1381
1 1382
1 1383
1 1384
1 1385
1 1386
1 1387
1 1388
1 1389
1 1390
1 1391
1 1392
1 1393
1 1394
1 1395
1 1396
1 1397
1 1398
1 1399
1 1400
1 1401
1 1402
1 1403
1 1404
1 1405
1 1406
1 1407
1 1408
1 1409
1 1410
1 1411
1 1412
1 1413
1 1414
1 1415
1 1416
1 1417
1 1418
1 1419
1 1420
1 1421
1 1422
1 1423
1 1424
1 1425
1 1426
1 1427
1 1428
1 1429
1 1430
1 1431
1 1432
1 1433
1 1434
1 1435
1 1436
1 1437
1 1438
1 1439
1 1440
1 1441
1 1442
1 1443
1 1444
1 1445
1 1446
1 1447
1 1448
1 1449
1 1450
1 1451
1 1452
1 1453
1 1454
1 1455
1 1456
1 1457
1 1458
1 1459
1 1460
1 1461
1 1462
1 1463
1 1464
1 1465
1 1466
1 1467
1 1468
1 1469
1 1470
1 1471
1 1472
1 1473
1 1474
1 1475
1 1476
1 1477
1 1478
1 1479
1 1480
1 1481
1 1482
1 1483
1 1484
1 1485
1 1486
1 1487
1 1488
1 1489
1 1490
1 1491
1 1492
1 1493
1 1494
1 1495
1 1496
1 1497
1 1498
1 1499
2 3
3 4
4 5
5 6
6 7
7 8
7 1830
8 9
8 1849
9 10
9 1691
10 11
10 1527
10 1982
11 12
11 1708
12 13
12 1572
12 1754
13 14
14 15
14 1973
15 16
16 17
17 18
18 19
18 1876
19 20
20 21
21 22
22 23
23 24
23 1798
24 25
25 26
25 1960
26 27
26 1806
26 1954
27 28
27 1682
28 29
29 30
29 1579
29 1722
30 31
31 32
32 33
33 34
34 35
35 36
36 37
37 38
38 39
38 1602
39 40
40 41
40 1538
41 42
42 43
42 1531
42 1632
43 44
44 45
45 46
45 1713
46 47
47 48
48 49
49 50
50 51
51 52
51 1712
52 53
53 54
54 55
55 56
55 1961
56 57
56 1924
56 1971
57 58
58 59
59 60
60 61
61 62
62 63
62 1842
63 64
63 1780
64 65
65 66
65 1699
66 67
66 1794
67 68
68 69
68 1548
69 70
70 71
71 72
72 73
72 1556
73 74
74 75
75 76
76 77
77 78
78 79
79 80
80 81
81 82
82 83
83 84
84 85
85 86
86 87
87 88
87 1560
87 1841
88 89
89 90
90 91
91 92
92 93
93 94
94 95
95 96
96 97
97 98
98 99
99 100
100 101
101 102
102 103
103 104
104 105
105 106
106 107
106 1574
107 108
107 1709
108 109
109 110
110 111
110 1962
111 112
112 113
113 114
114 115
115 116
116 117
117 118
117 1555
118 119
119 120
120 121
121 122
122 123
122 1509
123 124
124 125
124 1659
125 126
126 127
127 128
128 129
128 1578
128 1910
129 130
130 131
131 132
131 1673
132 133
133 134
134 135
135 136
136 137
137 138
138 139
139 140
139 1991
140 141
140 1921
141 142
142 143
142 1906
143 144
144 145
145 146
145 1889
146 147
147 148
148 149
149 150
150 151
150 1640
151 152
152 153
153 154
154 155
154 1874
155 156
156 157
157 158
157 1506
158 159
159 160
160 161
160 1778
161 162
162 163
162 1521
163 164
164 165
165 166
166 167
166 1705
166 1999
167 168
167 1764
168 169
168 1750
169 170
170 171
171 172
172 173
173 174
174 175
174 1866
175 176
176 177
176 1549
177 178
178 179
179 180
179 1755
180 181
181 182
182 183
183 184
184 185
185 186
186 187
187 188
188 189
189 190
189 1814
190 191
191 192
192 193
193 194
194 195
195 196
196 197
196 1519
196 1595
197 198
198 199
199 200
199 1693
200 201
201 202
202 203
202 1534
203 204
203 1573
203 1815
204 205
204 1790
205 206
206 207
206 1727
207 208
207 1618
208 209
209 210
210 211
211 212
211 1698
211 1726
212 213
212 1584
213 214
213 1670
214 215
215 216
216 217
217 218
218 219
219 220
220 221
221 222
222 223
223 224
224 225
225 226
226 227
227 228
228 229
228 1974
229 230
230 231
230 1766
231 232
232 233
233 234
234 235
235 236
236 237
237 238
237 1690
238 239
239 240
240 241
241 242
241 1627
241 1975
242 243
243 244
244 245
245 246
246 247
247 248
248 249
249 250
249 1947
250 251
250 1557
251 252
252 253
253 254
254 255
255 256
256 257
257 258
258 259
259 260
260 261
261 262
262 263
263 264
264 265
265 266
266 267
267 268
268 269
269 270
270 271
270 1730
271 272
271 1623
272 273
273 274
274 275
274 1610
275 276
276 277
277 278
277 1631
278 279
279 280
279 1633
280 281
281 282
281 1545
282 283
282 1621
282 1767
283 284
283 1667
283 1949
284 285
285 286
286 287
287 288
288 289
289 290
290 291
291 292
292 293
293 294
294 295
294 1788
295 296
296 297
296 1765
297 298
298 299
299 300
300 301
301 302
302 303
303 304
304 305
305 306
306 307
307 308
308 309
309 310
310 311
311 312
312 313
313 314
314 315
315 316
316 317
317 318
317 1791
318 319
319 320
320 321
321 322
321 1845
322 323
322 1811
323 324
324 325
325 326
326 327
326 1588
327 328
328 329
329 330
330 331
331 332
332 333
333 334
334 335
334 1825
335 336
336 337
337 338
338 339
338 1528
339 340
340 341
341 342
342 343
342 1518
342 1929
343 344
344 345
345 346
346 347
346 1757
347 348
347 1879
348 349
349 350
350 351
351 352
352 353
353 354
354 355
355 356
355 1872
356 357
356 1927
357 358
357 1717
358 359
359 360
360 361
361 362
361 1721
362 363
363 364
364 365
365 366
366 367
367 368
368 369
369 370
370 371
371 372
372 373
373 374
374 375
375 376
375 1951
376 377
377 378
378 379
379 380
379 1917
380 381
380 1892
381 382
382 383
383 384
384 385
385 386
385 1617
386 387
387 388
388 389
389 390
389 1719
390 391
391 392
392 393
393 394
393 1735
394 395
395 396
395 1799
396 397
397 398
398 399
398 1763
399 400
400 401
401 402
402 403
403 404
404 405
405 406
405 1720
406 407
407 408
408 409
408 1647
409 410
410 411
411 412
412 413
412 1869
413 414
413 1590
414 415
415 416
416 417
417 418
418 419
419 420
420 421
421 422
422 423
422 1637
423 424
424 425
425 426
426 427
427 428
428 429
429 430
430 431
431 432
432 433
433 434
434 435
435 436
436 437
437 438
438 439
439 440
440 441
441 442
442 443
443 444
444 445
445 446
446 447
447 448
448 449
449 450
450 451
450 1714
450 1809
451 452
451 1530
451 1629
452 453
453 454
454 455
455 456
456 457
456 1679
456 1868
457 458
458 459
458 1731
459 460
460 461
460 1956
461 462
462 463
463 464
463 1533
463 1639
463 1753
464 465
465 466
466 467
466 1501
467 468
468 469
469 470
469 1562
470 471
471 472
472 473
472 1933
473 474
474 475
475 476
475 1983
476 477
476 1746
477 478
478 479
479 480
480 481
481 482
482 483
483 484
484 485
485 486
486 487
487 488
488 489
488 1608
488 1728
489 490
490 491
490 1797
491 492
492 493
493 494
494 495
494 1586
495 496
495 1800
496 497
496 1696
497 498
498 499
499 500
500 501
500 1564
501 502
501 1589
502 503
503 504
504 505
505 506
506 507
506 1612
507 508
508 509
509 510
510 511
511 512
512 513
512 1513
513 514
514 515
515 516
515 1904
516 517
517 518
517 1543
517 1737
518 519
519 520
520 521
520 1616
521 522
521 1680
522 523
523 524
524 525
525 526
526 527
527 528
527 1504
527 1664
527 1856
528 529
529 530
530 531
531 532
532 533
533 534
533 1512
534 535
535 536
536 537
537 538
538 539
539 540
539 1505
539 1669
540 541
540 1724
541 542
542 543
543 544
544 545
545 546
545 1782
546 547
547 548
548 549
549 550
550 551
551 552
552 553
553 554
554 555
555 556
556 557
557 558
558 559
559 560
560 561
561 562
561 1703
562 563
562 1522
562 1641
563 564
564 565
565 566
566 567
566 1822
566 1898
567 568
568 569
569 570
570 571
571 572
572 573
572 1577
572 1626
573 574
573 1636
573 1734
574 575
575 576
576 577
577 578
578 579
579 580
579 1581
579 1675
580 581
581 582
582 583
583 584
583 1930
584 585
584 1597
584 1948
585 586
585 1823
586 587
587 588
588 589
588 1795
589 590
590 591
590 1920
591 592
592 593
593 594
594 595
595 596
595 1907
596 597
597 598
598 599
599 600
599 1583
600 601
600 1996
601 602
601 1858
602 603
603 604
604 605
604 1684
605 606
605 1620
606 607
607 608
608 609
609 610
610 611
611 612
612 613
612 1931
613 614
614 615
614 1968
615 616
616 617
617 618
618 619
618 1748
619 620
620 621
620 1862
621 622
621 1619
622 623
623 624
624 625
625 626
626 627
627 628
628 629
629 630
630 631
631 632
632 633
633 634
634 635
635 636
635 1642
636 637
636 1818
637 638
637 1998
638 639
639 640
640 641
640 1552
641 642
641 1751
642 643
642 1832
642 1835
643 644
644 645
645 646
645 1741
646 647
647 648
648 649
649 650
650 651
651 652
652 653
653 654
654 655
655 656
656 657
657 658
658 659
659 660
660 661
660 1963
661 662
661 1891
662 663
663 664
664 665
665 666
666 667
667 668
668 669
669 670
670 671
671 672
672 673
672 1863
672 1944
673 674
673 1837
674 675
674 1789
675 676
676 677
677 678
677 1683
678 679
678 1768
679 680
680 681
681 682
682 683
683 684
684 685
685 686
686 687
686 1561
687 688
687 1792
687 1826
688 689
688 1747
689 690
690 691
691 692
692 693
693 694
694 695
695 696
696 697
697 698
698 699
698 1716
699 700
700 701
700 1547
701 702
701 1606
702 703
703 704
703 1783
704 705
705 706
705 1526
706 707
707 708
708 709
709 710
709 1834
710 711
711 712
712 713
713 714
714 715
715 716
716 717
717 718
718 719
719 720
719 1804
720 721
720 1649
721 722
721 1653
722 723
723 724
724 725
725 726
725 1846
726 727
727 728
728 729
728 1867
728 1900
729 730
730 731
731 732
732 733
733 734
734 735
735 736
736 737
737 738
738 739
739 740
740 741
740 1576
741 742
741 1609
742 743
742 1978
743 744
743 1508
744 745
745 746
746 747
746 1575
747 748
748 749
749 750
749 1624
750 751
750 1883
751 752
752 753
753 754
754 755
755 756
756 757
757 758
758 759
759 760
759 1813
759 1926
760 761
761 762
762 763
763 764
764 765
764 1833
765 766
765 1648
766 767
767 768
768 769
769 770
770 771
771 772
772 773
773 774
774 775
774 1895
775 776
775 1828
776 777
777 778
778 779
779 780
780 781
781 782
781 1760
782 783
783 784
784 785
785 786
785 1700
785 1816
785 1899
786 787
787 788
788 789
789 790
790 791
791 792
791 1535
792 793
793 794
794 795
794 1723
795 796
796 797
797 798
798 799
798 1643
799 800
799 1896
802 1893
806 1500
808 1914
808 1989
812 1715
817 1871
822 1645
822 1807
823 1604
826 1615
833 1882
834 1793
837 1634
837 1756
843 1873
844 1779
845 1607
847 1903
849 1553
850 1502
852 1819
853 1729
855 1821
857 1689
858 1599
862 1773
867 1585
867 1671
872 1596
872 1984
877 1536
892 1537
900 1554
900 1569
903 1644
905 1665
908 1688
916 1681
919 1571
922 1812
925 1694
932 1861
933 1686
937 1777
938 1593
941 1901
945 1885
948 1625
948 1678
950 1650
950 1697
956 1657
956 1992
960 1785
965 1582
965 1605
965 1827
967 1539
968 1658
969 1710
971 1955
982 1743
985 1851
987 1662
991 1638
993 1520
993 1986
995 1591
996 1514
1003 1957
1014 1622
1014 1685
1014 1857
1018 1566
1019 1925
1022 1666
1041 1516
1042 1652
1045 1855
1052 1603
1053 1517
1056 1979
1059 1843
1061 1568
1063 1654
1065 1937
1068 1934
1070 1614
1071 1942
1073 1911
1074 1886
1079 1848
1088 1938
1089 1601
1089 1758
1090 1598
1090 1805
1091 1507
1093 1532
1110 1847
1112 1541
1114 1660
1115 1839
1117 1563
1123 1515
1131 1546
1131 1687
1134 1787
1137 1523
1137 1711
1139 1877
1154 1704
1166 1810
1171 1702
1174 1551
1176 1916
1181 1774
1183 1976
1185 1630
1192 1939
1197 1946
1200 1940
1213 1870
1214 1550
1221 1853
1223 1770
1230 1744
1234 1894
1235 1529
1237 1820
1237 1923
1246 1958
1249 1941
1255 1580
1256 1511
1259 1935
1260 1980
1262 1988
1266 1661
1267 1918
1271 1707
1275 1628
1276 1510
1283 1864
1290 1540
1300 1668
1303 1865
1305 1854
1307 1544
1312 1749
1312 1880
1314 1600
1314 1656
1320 1559
1328 1740
1331 1611
1333 1651
1334 1776
1339 1965
1340 1802
1343 1881
1350 1594
1352 1887
1353 1771
1357 1745
1358 1733
1362 1742
1365 1676
1371 1646
1384 1524
1385 1695
1385 1884
1390 1997
1400 1503
1403 1905
1405 1635
1413 1542
1428 1674
1431 1525
1434 1950
1443 1613
1453 1567
1461 1844
1462 1592
1470 1852
1471 1908
1472 1919
1474 1836
1476 1759
1484 1701
1490 1796
1494 1801
1495 1725
1495 1959
1498 1772
1514 1840
1517 1672
1520 1739
1520 1995
1525 1570
1533 1558
1535 1875
1548 1736
1550 1762
1551 1565
1551 1897
1552 1655
1555 1985
1559 1692
1563 1890
1569 1718
1570 1587
1571 1922
1582 1769
1592 1761
1593 1732
1607 1928
1607 1953
1614 1663
1615 1972
1620 1909
1625 1786
1626 1990
1643 1970
1645 1817
1650 1859
1661 1964
1668 1706
1670 1987
1672 1677
1676 1969
1681 1752
1685 1784
1688 1915
1692 1913
1693 1803
1699 1838
1704 1943
1705 1738
1710 1829
1716 1966
1720 1932
1722 1831
1722 1860
1725 1775
1727 1781
1734 1981
1737 1808
1760 1850
1761 1936
1788 1824
1789 1945
1793 1878
1798 1912
1826 1888
1844 1994
1851 1902
1866 1977
1900 1967
1905 1952
1914 1993
1999
1 2
1 801
1 802
1 803
1 804
1 805
1 806
1 807
1 808
1 809
1 810
1 811
1 812
1 813
1 814
1 815
1 816
1 817
1 818
1 819
1 820
1 821
1 822
1 823
1 824
1 825
1 826
1 827
1 828
1 829
1 830
1 831
1 832
1 833
1 834
1 835
1 836
1 837
1 838
1 839
1 840
1 841
1 842
1 843
1 844
1 845
1 846
1 847
1 848
1 849
1 850
1 851
1 852
1 853
1 854
1 855
1 856
1 857
1 858
1 859
1 860
1 861
1 862
1 863
1 864
1 865
1 866
1 867
1 868
1 869
1 870
1 871
1 872
1 873
1 874
1 875
1 876
1 877
1 878
1 879
1 880
1 881
1 882
1 883
1 884
1 885
1 886
1 887
1 888
1 889
1 890
1 891
1 892
1 893
1 894
1 895
1 896
1 897
1 898
1 899
1 900
1 901
1 902
1 903
1 904
1 905
1 906
1 907
1 908
1 909
1 910
1 911
1 912
1 913
1 914
1 915
1 916
1 917
1 918
1 919
1 920
1 921
1 922
1 923
1 924
1 925
1 926
1 927
1 928
1 929
1 930
1 931
1 932
1 933
1 934
1 935
1 936
1 937
1 938
1 939
1 940
1 941
1 942
1 943
1 944
1 945
1 946
1 947
1 948
1 949
1 950
1 951
1 952
1 953
1 954
1 955
1 956
1 957
1 958
1 959
1 960
1 961
1 962
1 963
1 964
1 965
1 966
1 967
1 968
1 969
1 970
1 971
1 972
1 973
1 974
1 975
1 976
1 977
1 978
1 979
1 980
1 981
1 982
1 983
1 984
1 985
1 986
1 987
1 988
1 989
1 990
1 991
1 992
1 993
1 994
1 995
1 996
1 997
1 998
1 999
1 1000
1 1001
1 1002
1 1003
1 1004
1 1005
1 1006
1 1007
1 1008
1 1009
1 1010
1 1011
1 1012
1 1013
1 1014
1 1015
1 1016
1 1017
1 1018
1 1019
1 1020
1 1021
1 1022
1 1023
1 1024
1 1025
1 1026
1 1027
1 1028
1 1029
1 1030
1 1031
1 1032
1 1033
1 1034
1 1035
1 1036
1 1037
1 1038
1 1039
1 1040
1 1041
1 1042
1 1043
1 1044
1 1045
1 1046
1 1047
1 1048
1 1049
1 1050
1 1051
1 1052
1 1053
1 1054
1 1055
1 1056
1 1057
1 1058
1 1059
1 1060
1 1061
1 1062
1 1063
1 1064
1 1065
1 1066
1 1067
1 1068
1 1069
1 1070
1 1071
1 1072
1 1073
1 1074
1 1075
1 1076
1 1077
1 1078
1 1079
1 1080
1 1081
1 1082
1 1083
1 1084
1 1085
1 1086
1 1087
1 1088
1 1089
1 1090
1 1091
1 1092
1 1093
1 1094
1 1095
1 1096
1 1097
1 1098
1 1099
1 1100
1 1101
1 1102
1 1103
1 1104
1 1105
1 1106
1 1107
1 1108
1 1109
1 1110
1 1111
1 1112
1 1113
1 1114
1 1115
1 1116
1 1117
1 1118
1 1119
1 1120
1 1121
1 1122
1 1123
1 1124
1 1125
1 1126
1 1127
1 1128
1 1129
1 1130
1 1131
1 1132
1 1133
1 1134
1 1135
1 1136
1 1137
1 1138
1 1139
1 1140
1 1141
1 1142
1 1143
1 1144
1 1145
1 1146
1 1147
1 1148
1 1149
1 1150
1 1151
1 1152
1 1153
1 1154
1 1155
1 1156
1 1157
1 1158
1 1159
1 1160
1 1161
1 1162
1 1163
1 1164
1 1165
1 1166
1 1167
1 1168
1 1169
1 1170
1 1171
1 1172
1 1173
1 1174
1 1175
1 1176
1 1177
1 1178
1 1179
1 1180
1 1181
1 1182
1 1183
1 1184
1 1185
1 1186
1 1187
1 1188
1 1189
1 1190
1 1191
1 1192
1 1193
1 1194
1 1195
1 1196
1 1197
1 1198
1 1199
1 1200
1 1201
1 1202
1 1203
1 1204
1 1205
1 1206
1 1207
1 1208
1 1209
1 1210
1 1211
1 1212
1 1213
1 1214
1 1215
1 1216
1 1217
1 1218
1 1219
1 1220
1 1221
1 1222
1 1223
1 1224
1 1225
1 1226
1 1227
1 1228
1 1229
1 1230
1 1231
1 1232
1 1233
1 1234
1 1235
1 1236
1 1237
1 1238
1 1239
1 1240
1 1241
1 1242
1 1243
1 1244
1 1245
1 1246
1 1247
1 1248
1 1249
1 1250
1 1251
1 1252
1 1253
1 1254
1 1255
1 1256
1 1257
1 1258
1 1259
1 1260
1 1261
1 1262
1 1263
1 1264
1 1265
1 1266
1 1267
1 1268
1 1269
1 1270
1 1271
1 1272
1 1273
1 1274
1 1275
1 1276
1 1277
1 1278
1 1279
1 1280
1 1281
1 1282
1 1283
1 1284
1 1285
1 1286
1 1287
1 1288
1 1289
1 1290
1 1291
1 1292
1 1293
1 1294
1 1295
1 1296
1 1297
1 1298
1 1299
1 1300
1 1301
1 1302
1 1303
1 1304
1 1305
1 1306
1 1307
1 1308
1 1309
1 1310
1 1311
1 1312
1 1313
1 1314
1 1315
1 1316
1 1317
1 1318
1 1319
1 1320
1 1321
1 1322
1 1323
1 1324
1 1325
1 1326
1 1327
1 1328
1 1329
1 1330
1 1331
1 1332
1 1333
1 1334
1 1335
1 1336
1 1337
1 1338
1 1339
1 1340
1 1341
1 1342
1 1343
1 1344
1 1345
1 1346
1 1347
1 1348
1 1349
1 1350
1 1351
1 1352
1 1353
1 1354
1 1355
1 1356
1 1357
1 1358
1 1359
1 1360
1 1361
1 1362
1 1363
1 1364
1 1365
1 1366
1 1367
1 1368
1 1369
1 1370
1 1371
1 1372
1 1373
1 1374
1 1375
1 1376
1 1377
1 1378
1 1379
1 1380
1 1381
1 1382
1 1383
1 1384
1 1385
1 1386
1 1387
1 1388
1 1389
1 1390
1 1391
1 1392
1 1393
1 1394
1 1395
1 1396
1 1397
1 1398
1 1399
1 1400
1 1401
1 1402
1 1403
1 1404
1 1405
1 1406
1 1407
1 1408
1 1409
1 1410
1 1411
1 1412
1 1413
1 1414
1 1415
1 1416
1 1417
1 1418
1 1419
1 1420
1 1421
1 1422
1 1423
1 1424
1 1425
1 1426
1 1427
1 1428
1 1429
1 1430
1 1431
1 1432
1 1433
1 1434
1 1435
1 1436
1 1437
1 1438
1 1439
1 1440
1 1441
1 1442
1 1443
1 1444
1 1445
1 1446
1 1447
1 1448
1 1449
1 1450
1 1451
1 1452
1 1453
1 1454
1 1455
1 1456
1 1457
1 1458
1 1459
1 1460
1 1461
1 1462
1 1463
1 1464
1 1465
1 1466
1 1467
1 1468
1 1469
1 1470
1 1471
1 1472
1 1473
1 1474
1 1475
1 1476
1 1477
1 1478
1 1479
1 1480
1 1481
1 1482
1 1483
1 1484
1 1485
1 1486
1 1487
1 1488
1 1489
1 1490
1 1491
1 1492
1 1493
1 1494
1 1495
1 1496
1 1497
1 1498
1 1499
2 3
3 4
3 1738
4 5
5 6
6 7
7 8
8 9
9 10
10 11
11 12
12 13
13 14
14 15
15 16
16 17
16 1663
17 18
18 19
18 1755
19 20
19 1516
20 21
21 22
22 23
23 24
24 25
25 26
25 1902
26 27
27 28
27 1580
28 29
29 30
30 31
31 32
32 33
32 1990
33 34
34 35
34 1889
35 36
36 37
36 1710
37 38
37 1581
38 39
39 40
40 41
41 42
42 43
43 44
44 45
44 1539
45 46
46 47
47 48
48 49
49 50
50 51
51 52
52 53
53 54
53 1692
54 55
54 1840
55 56
56 57
57 58
58 59
59 60
60 61
61 62
62 63
63 64
63 1913
64 65
65 66
65 1881
66 67
67 68
68 69
68 1846
69 70
70 71
71 72
72 73
72 1992
73 74
74 75
74 1858
75 76
76 77
76 1510
77 78
77 1556
78 79
78 1744
79 80
80 81
80 1867
81 82
82 83
83 84
83 1564
84 85
84 1783
85 86
86 87
86 1817
87 88
88 89
89 90
90 91
90 1781
91 92
91 1565
92 93
93 94
94 95
95 96
96 97
97 98
98 99
99 100
100 101
100 1531
100 1882
101 102
102 103
102 1657
103 104
103 1514
104 105
104 1567
105 106
106 107
107 108
107 1878
108 109
109 110
110 111
111 112
111 1917
112 113
113 114
113 1557
114 115
114 1942
115 116
116 117
117 118
117 1828
118 119
119 120
120 121
121 122
122 123
123 124
123 1746
123 1831
124 125
125 126
126 127
127 128
128 129
128 1665
129 130
129 1562
130 131
131 132
131 1574
132 133
133 134
134 135
134 1747
135 136
136 137
136 1859
137 138
138 139
139 140
140 141
140 1632
140 1782
141 142
142 143
143 144
144 145
144 1806
144 1876
145 146
145 1791
145 1886
146 147
147 148
148 149
149 150
150 151
151 152
152 153
153 154
154 155
155 156
155 1541
156 157
157 158
157 1745
157 1825
158 159
159 160
160 161
161 162
161 1621
162 163
163 164
164 165
164 1851
165 166
165 1873
166 167
166 1713
166 1964
167 168
168 169
169 170
169 1872
170 171
171 172
172 173
173 174
173 1863
174 175
174 1762
175 176
176 177
177 178
178 179
179 180
180 181
180 1739
181 182
182 183
182 1893
183 184
184 185
185 186
186 187
187 188
188 189
189 190
189 1961
190 191
191 192
192 193
192 1758
193 194
194 195
195 196
196 197
197 198
198 199
199 200
200 201
201 202
202 203
202 1763
203 204
204 205
205 206
206 207
207 208
207 1537
208 209
209 210
209 1801
210 211
210 1644
210 1922
211 212
211 1505
212 213
213 214
213 1703
214 215
215 216
216 217
217 218
218 219
218 1520
218 1780
219 220
220 221
221 222
222 223
223 224
224 225
225 226
225 1948
226 227
227 228
227 1536
228 229
229 230
230 231
230 1932
231 232
231 1649
231 1887
232 233
233 234
234 235
234 1669
235 236
235 1829
236 237
237 238
238 239
238 1849
239 240
240 241
241 242
242 243
243 244
243 1894
244 245
245 246
245 1735
246 247
246 1695
247 248
248 249
249 250
249 1741
250 251
250 1590
251 252
252 253
253 254
254 255
255 256
255 1674
256 257
257 258
258 259
259 260
259 1736
260 261
261 262
261 1827
262 263
263 264
264 265
264 1804
265 266
266 267
266 1864
267 268
268 269
269 270
270 271
271 272
272 273
273 274
273 1529
274 275
275 276
276 277
277 278
278 279
278 1511
279 280
280 281
281 282
282 283
283 284
284 285
285 286
285 1960
286 287
287 288
288 289
289 290
290 291
290 1571
290 1944
291 292
292 293
292 1860
293 294
294 295
295 296
295 1980
296 297
297 298
298 299
299 300
299 1561
300 301
300 1815
301 302
301 1845
302 303
303 304
304 305
305 306
305 1978
306 307
306 1853
307 308
308 309
308 1979
309 310
310 311
311 312
312 313
313 314
313 1832
314 315
315 316
316 317
316 1810
317 318
318 319
319 320
320 321
321 322
321 1865
322 323
322 1666
323 324
324 325
325 326
326 327
327 328
328 329
329 330
330 331
331 332
332 333
332 1923
333 334
334 335
334 1696
335 336
336 337
337 338
337 1720
337 1764
338 339
338 1517
339 340
340 341
341 342
342 343
343 344
344 345
344 1963
345 346
345 1909
346 347
347 348
348 349
348 1658
349 350
350 351
350 1790
351 352
352 353
353 354
354 355
355 356
356 357
356 1524
357 358
358 359
359 360
360 361
361 362
361 1643
362 363
362 1958
363 364
363 1899
364 365
365 366
366 367
366 1778
367 368
367 1507
367 1635
368 369
368 1802
369 370
370 371
371 372
372 373
373 374
374 375
374 1981
375 376
376 377
377 378
378 379
379 380
379 1731
380 381
380 1910
381 382
382 383
383 384
384 385
385 386
385 1947
385 1972
386 387
386 1954
387 388
388 389
389 390
390 391
390 1939
391 392
392 393
393 394
394 395
395 396
395 1685
396 397
397 398
398 399
398 1830
399 400
400 401
401 402
401 1676
402 403
403 404
404 405
404 1601
405 406
405 1540
406 407
407 408
408 409
409 410
410 411
411 412
412 413
413 414
414 415
415 416
416 417
417 418
418 419
419 420
420 421
421 422
422 423
423 424
424 425
425 426
426 427
427 428
428 429
428 1776
429 430
430 431
431 432
432 433
433 434
434 435
435 436
436 437
437 438
438 439
439 440
440 441
441 442
442 443
443 444
444 445
445 446
446 447
447 448
448 449
448 1559
449 450
449 1931
450 451
450 1968
451 452
452 453
453 454
454 455
454 1667
455 456
456 457
456 1591
457 458
458 459
458 1549
459 460
460 461
461 462
461 1526
462 463
463 464
464 465
465 466
466 467
467 468
467 1705
468 469
469 470
470 471
470 1850
471 472
471 1951
472 473
473 474
474 475
474 1595
475 476
476 477
477 478
478 479
479 480
480 481
480 1983
481 482
482 483
482 1820
483 484
484 485
485 486
486 487
487 488
488 489
489 490
490 491
491 492
492 493
492 1687
493 494
494 495
495 496
496 497
497 498
497 1795
498 499
499 500
499 1599
500 501
501 502
502 503
503 504
503 1677
504 505
505 506
506 507
506 1785
507 508
508 509
509 510
509 1500
509 1918
510 511
510 1575
510 1679
511 512
512 513
513 514
514 515
514 1985
515 516
516 517
517 518
518 519
519 520
520 521
521 522
522 523
523 524
524 525
525 526
525 1647
526 527
526 1545
527 528
528 529
529 530
530 531
531 532
532 533
533 534
534 535
535 536
535 1683
536 537
537 538
538 539
539 540
540 541
541 542
541 1593
542 543
543 544
544 545
545 546
546 547
546 1861
547 548
548 549
549 550
550 551
551 552
551 1837
552 553
553 554
554 555
554 1547
555 556
556 557
557 558
557 1885
558 559
558 1628
559 560
560 561
561 562
562 563
562 1799
563 564
563 1722
564 565
565 566
565 1843
566 567
567 568
568 569
569 570
570 571
570 1699
571 572
572 573
572 1856
573 574
574 575
574 1555
575 576
576 577
577 578
578 579
579 580
580 581
581 582
582 583
583 584
584 585
585 586
585 1697
586 587
586 1509
587 588
587 1769
588 589
589 590
590 591
591 592
592 593
593 594
594 595
595 596
596 597
597 598
598 599
598 1680
599 600
600 601
601 602
601 1592
602 603
603 604
604 605
604 1754
605 606
605 1752
606 607
606 1967
607 608
608 609
609 610
610 611
610 1935
611 612
612 613
612 1613
613 614
614 615
615 616
616 617
617 618
618 619
619 620
620 621
621 622
621 1989
622 623
622 1988
623 624
624 625
625 626
626 627
627 628
628 629
629 630
630 631
631 632
632 633
633 634
633 1993
634 635
635 636
635 1631
636 637
637 638
637 1888
638 639
639 640
640 641
641 642
642 643
643 644
644 645
645 646
645 1502
645 1772
646 647
646 1609
647 648
648 649
649 650
650 651
651 652
652 653
653 654
654 655
655 656
655 1991
656 657
657 658
658 659
659 660
659 1866
660 661
660 1775
661 662
662 663
663 664
664 665
664 1583
665 666
666 667
666 1600
666 1751
667 668
667 1646
668 669
669 670
670 671
671 672
672 673
672 1759
672 1839
673 674
674 675
674 1542
675 676
676 677
677 678
677 1652
678 679
679 680
679 1603
680 681
681 682
681 1533
682 683
682 1997
683 684
684 685
684 1987
685 686
686 687
687 688
688 689
689 690
689 1728
690 691
691 692
692 693
693 694
693 1553
694 695
694 1974
695 696
696 697
697 698
698 699
698 1688
699 700
700 701
701 702
702 703
703 704
703 1629
704 705
704 1765
704 1908
705 706
706 707
707 708
707 1513
708 709
708 1874
709 710
709 1538
709 1689
710 711
711 712
712 713
713 714
714 715
715 716
716 717
717 718
717 1809
718 719
719 720
720 721
721 722
722 723
723 724
723 1660
724 725
724 1773
725 726
726 727
727 728
728 729
729 730
730 731
731 732
732 733
733 734
734 735
735 736
736 737
737 738
738 739
739 740
740 741
740 1523
740 1811
741 742
742 743
743 744
744 745
745 746
746 747
747 748
748 749
749 750
750 751
751 752
752 753
753 754
754 755
755 756
755 1612
756 757
757 758
757 1662
757 1824
758 759
758 1528
759 760
759 1670
760 761
761 762
762 763
763 764
763 1546
764 765
764 1558
765 766
766 767
766 1552
767 768
768 769
769 770
770 771
771 772
772 773
773 774
774 775
775 776
775 1812
776 777
777 778
778 779
779 780
780 781
781 782
782 783
783 784
784 785
784 1589
785 786
786 787
787 788
787 1518
788 789
788 1855
789 790
790 791
791 792
792 793
793 794
794 795
795 796
796 797
796 1730
797 798
798 799
798 1880
799 800
800 1572
806 1996
817 1636
819 1970
822 1504
826 1877
839 1638
840 1560
842 1618
843 1842
845 1826
853 1594
853 1936
857 1926
865 1611
878 1627
879 1965
881 1719
883 1848
884 1563
885 1570
886 1897
891 1716
896 1659
903 1868
904 1690
904 1729
904 1740
908 1976
911 1928
918 1607
923 1915
924 1717
925 1724
926 1519
926 1623
927 1506
927 1792
927 1912
928 1995
932 1525
934 1924
942 1905
944 1884
948 1982
952 1576
960 1706
961 1568
961 1587
962 1648
962 1672
963 1727
965 1543
968 1977
970 1927
976 1654
976 1708
981 1681
988 1836
991 1930
995 1691
1000 1813
1004 1777
1006 1704
1006 1779
1008 1768
1027 1515
1027 1671
1036 1819
1038 1903
1039 1544
1039 1651
1040 1673
1043 1898
1048 1606
1051 1698
1058 1694
1061 1550
1061 1605
1063 1582
1068 1937
1069 1712
1073 1530
1079 1573
1080 1503
1082 1653
1082 1757
1084 1578
1084 1604
1090 1767
1091 1569
1095 1869
1096 1890
1097 1973
1100 1911
1102 1770
1102 1803
1117 1891
1120 1841
1127 1895
1128 1715
1130 1798
1131 1620
1136 1615
1137 1642
1143 1933
1145 1919
1146 1522
1148 1619
1150 1718
1150 1794
1156 1532
1158 1834
1160 1501
1162 1921
1169 1508
1176 1808
1188 1610
1188 1875
1191 1786
1193 1554
1195 1633
1199 1668
1202 1892
1207 1900
1208 1975
1214 1749
1219 1512
1221 1566
1223 1521
1223 1579
1224 1588
1227 1622
1228 1624
1234 1701
1244 1833
1248 1800
1252 1835
1254 1870
1256 1953
1265 1596
1270 1584
1282 1534
1283 1929
1292 1693
1293 1914
1297 1784
1302 1637
1303 1871
1305 1901
1312 1641
1315 1986
1322 1577
1322 1597
1348 1645
1351 1551
1354 1709
1362 1821
1366 1707
1371 1847
1379 1625
1387 1734
1388 1634
1390 1920
1392 1998
1394 1655
1395 1527
1395 1535
1397 1640
1403 1844
1404 1614
1405 1789
1406 1723
1407 1630
1412 1608
1412 1822
1422 1721
1427 1761
1433 1814
1434 1906
1442 1852
1445 1616
1447 1639
1449 1585
1462 1966
1468 1598
1468 1602
1472 1943
1473 1732
1475 1661
1476 1684
1481 1753
1488 1678
1499 1862
1502 1726
1513 1940
1518 1945
1525 1816
1528 1742
1530 1714
1530 1805
1539 1548
1543 1737
1549 1586
1550 1796
1558 1756
1561 1664
1573 1733
1578 1984
1585 1962
1586 1743
1589 1907
1592 1656
1596 1700
1598 1896
1599 1617
1600 1725
1602 1686
1605 1788
1605 1793
1605 1952
1606 1787
1608 1748
1620 1774
1621 1949
1622 1626
1623 1807
1625 1823
1628 1904
1631 1650
1632 1771
1633 1838
1634 1760
1649 1682
1654 1675
1655 1702
1656 1969
1677 1879
1685 1941
1688 1766
1699 1711
1724 1925
1741 1854
1746 1750
1750 1999
1758 1994
1761 1857
1764 1797
1805 1818
1816 1956
1829 1916
1834 1946
1847 1934
1853 1938
1857 1959
1858 1971
1870 1883
1875 1955
1895 1957
1921 1950
1999
1 2
1 801
1 802
1 803
1 804
1 805
1 806
1 807
1 808
1 809
1 810
1 811
1 812
1 813
1 814
1 815
1 816
1 817
1 818
1 819
1 820
1 821
1 822
1 823
1 824
1 825
1 826
1 827
1 828
1 829
1 830
1 831
1 832
1 833
1 834
1 835
1 836
1 837
1 838
1 839
1 840
1 841
1 842
1 843
1 844
1 845
1 846
1 847
1 848
1 849
1 850
1 851
1 852
1 853
1 854
1 855
1 856
1 857
1 858
1 859
1 860
1 861
1 862
1 863
1 864
1 865
1 866
1 867
1 868
1 869
1 870
1 871
1 872
1 873
1 874
1 875
1 876
1 877
1 878
1 879
1 880
1 881
1 882
1 883
1 884
1 885
1 886
1 887
1 888
1 889
1 890
1 891
1 892
1 893
1 894
1 895
1 896
1 897
1 898
1 899
1 900
1 901
1 902
1 903
1 904
1 905
1 906
1 907
1 908
1 909
1 910
1 911
1 912
1 913
1 914
1 915
1 916
1 917
1 918
1 919
1 920
1 921
1 922
1 923
1 924
1 925
1 926
1 927
1 928
1 929
1 930
1 931
1 932
1 933
1 934
1 935
1 936
1 937
1 938
1 939
1 940
1 941
1 942
1 943
1 944
1 945
1 946
1 947
1 948
1 949
1 950
1 951
1 952
1 953
1 954
1 955
1 956
1 957
1 958
1 959
1 960
1 961
1 962
1 963
1 964
1 965
1 966
1 967
1 968
1 969
1 970
1 971
1 972
1 973
1 974
1 975
1 976
1 977
1 978
1 979
1 980
1 981
1 982
1 983
1 984
1 985
1 986
1 987
1 988
1 989
1 990
1 991
1 992
1 993
1 994
1 995
1 996
1 997
1 998
1 999
1 1000
1 1001
1 1002
1 1003
1 1004
1 1005
1 1006
1 1007
1 1008
1 1009
1 1010
1 1011
1 1012
1 1013
1 1014
1 1015
1 1016
1 1017
1 1018
1 1019
1 1020
1 1021
1 1022
1 1023
1 1024
1 1025
1 1026
1 1027
1 1028
1 1029
1 1030
1 1031
1 1032
1 1033
1 1034
1 1035
1 1036
1 1037
1 1038
1 1039
1 1040
1 1041
1 1042
1 1043
1 1044
1 1045
1 1046
1 1047
1 1048
1 1049
1 1050
1 1051
1 1052
1 1053
1 1054
1 1055
1 1056
1 1057
1 1058
1 1059
1 1060
1 1061
1 1062
1 1063
1 1064
1 1065
1 1066
1 1067
1 1068
1 1069
1 1070
1 1071
1 1072
1 1073
1 1074
1 1075
1 1076
1 1077
1 1078
1 1079
1 1080
1 1081
1 1082
1 1083
1 1084
1 1085
1 1086
1 1087
1 1088
1 1089
1 1090
1 1091
1 1092
1 1093
1 1094
1 1095
1 1096
1 1097
1 1098
1 1099
1 1100
1 1101
1 1102
1 1103
1 1104
1 1105
1 1106
1 1107
1 1108
1 1109
1 1110
1 1111
1 1112
1 1113
1 1114
1 1115
1 1116
1 1117
1 1118
1 1119
1 1120
1 1121
1 1122
1 1123
1 1124
1 1125
1 1126
1 1127
1 1128
1 1129
1 1130
1 1131
1 1132
1 1133
1 1134
1 1135
1 1136
1 1137
1 1138
1 1139
1 1140
1 1141
1 1142
1 1143
1 1144
1 1145
1 1146
1 1147
1 1148
1 1149
1 1150
1 1151
1 1152
1 1153
1 1154
1 1155
1 1156
1 1157
1 1158
1 1159
1 1160
1 1161
1 1162
1 1163
1 1164
1 1165
1 1166
1 1167
1 1168
1 1169
1 1170
1 1171
1 1172
1 1173
1 1174
1 1175
1 1176
1 1177
1 1178
1 1179
1 1180
1 1181
1 1182
1 1183
1 1184
1 1185
1 1186
1 1187
1 1188
1 1189
1 1190
1 1191
1 1192
1 1193
1 1194
1 1195
1 1196
1 1197
1 1198
1 1199
1 1200
1 1201
1 1202
1 1203
1 1204
1 1205
1 1206
1 1207
1 1208
1 1209
1 1210
1 1211
1 1212
1 1213
1 1214
1 1215
1 1216
1 1217
1 1218
1 1219
1 1220
1 1221
1 1222
1 1223
1 1224
1 1225
1 1226
1 1227
1 1228
1 1229
1 1230
1 1231
1 1232
1 1233
1 1234
1 1235
1 1236
1 1237
1 1238
1 1239
1 1240
1 1241
1 1242
1 1243
1 1244
1 1245
1 1246
1 1247
1 1248
1 1249
1 1250
1 1251
1 1252
1 1253
1 1254
1 1255
1 1256
1 1257
1 1258
1 1259
1 1260
1 1261
1 1262
1 1263
1 1264
1 1265
1 1266
1 1267
1 1268
1 1269
1 1270
1 1271
1 1272
1 1273
1 1274
1 1275
1 1276
1 1277
1 1278
1 1279
1 1280
1 1281
1 1282
1 1283
1 1284
1 1285
1 1286
1 1287
1 1288
1 1289
1 1290
1 1291
1 1292
1 1293
1 1294
1 1295
1 1296
1 1297
1 1298
1 1299
1 1300
1 1301
1 1302
1 1303
1 1304
1 1305
1 1306
1 1307
1 1308
1 1309
1 1310
1 1311
1 1312
1 1313
1 1314
1 1315
1 1316
1 1317
1 1318
1 1319
1 1320
1 1321
1 1322
1 1323
1 1324
1 1325
1 1326
1 1327
1 1328
1 1329
1 1330
1 1331
1 1332
1 1333
1 1334
1 1335
1 1336
1 1337
1 1338
1 1339
1 1340
1 1341
1 1342
1 1343
1 1344
1 1345
1 1346
1 1347
1 1348
1 1349
1 1350
1 1351
1 1352
1 1353
1 1354
1 1355
1 1356
1 1357
1 1358
1 1359
1 1360
1 1361
1 1362
1 1363
1 1364
1 1365
1 1366
1 1367
1 1368
1 1369
1 1370
1 1371
1 1372
1 1373
1 1374
1 1375
1 1376
1 1377
1 1378
1 1379
1 1380
1 1381
1 1382
1 1383
1 1384
1 1385
1 1386
1 1387
1 1388
1 1389
1 1390
1 1391
1 1392
1 1393
1 1394
1 1395
1 1396
1 1397
1 1398
1 1399
1 1400
1 1401
1 1402
1 1403
1 1404
1 1405
1 1406
1 1407
1 1408
1 1409
1 1410
1 1411
1 1412
1 1413
1 1414
1 1415
1 1416
1 1417
1 1418
1 1419
1 1420
1 1421
1 1422
1 1423
1 1424
1 1425
1 1426
1 1427
1 1428
1 1429
1 1430
1 1431
1 1432
1 1433
1 1434
1 1435
1 1436
1 1437
1 1438
1 1439
1 1440
1 1441
1 1442
1 1443
1 1444
1 1445
1 1446
1 1447
1 1448
1 1449
1 1450
1 1451
1 1452
1 1453
1 1454
1 1455
1 1456
1 1457
1 1458
1 1459
1 1460
1 1461
1 1462
1 1463
1 1464
1 1465
1 1466
1 1467
1 1468
1 1469
1 1470
1 1471
1 1472
1 1473
1 1474
1 1475
1 1476
1 1477
1 1478
1 1479
1 1480
1 1481
1 1482
1 1483
1 1484
1 1485
1 1486
1 1487
1 1488
1 1489
1 1490
1 1491
1 1492
1 1493
1 1494
1 1495
1 1496
1 1497
1 1498
1 1499
2 3
2 1817
3 4
4 5
5 6
6 7
6 1602
7 8
8 9
9 10
9 1525
10 11
11 12
11 1850
12 13
13 14
14 15
15 16
16 17
17 18
18 19
19 20
20 21
20 1503
21 22
22 23
23 24
24 25
25 26
26 27
26 1827
27 28
28 29
29 30
30 31
30 1826
30 1997
31 32
32 33
33 34
34 35
35 36
36 37
36 1541
36 1845
37 38
38 39
38 1600
39 40
40 41
41 42
42 43
43 44
43 1820
44 45
44 1956
45 46
45 1867
46 47
47 48
47 1695
48 49
49 50
50 51
51 52
52 53
53 54
53 1767
54 55
54 1622
55 56
55 1974
56 57
57 58
58 59
58 1579
59 60
60 61
61 62
62 63
63 64
63 1754
63 1855
64 65
65 66
66 67
67 68
67 1792
68 69
69 70
70 71
71 72
71 1597
71 1923
72 73
73 74
73 1721
74 75
75 76
75 1567
76 77
77 78
77 1742
77 1849
78 79
79 80
80 81
81 82
82 83
83 84
84 85
85 86
86 87
87 88
88 89
89 90
89 1715
89 1744
90 91
91 92
92 93
93 94
94 95
94 1766
95 96
96 97
97 98
98 99
99 100
99 1823
100 101
101 102
102 103
103 104
104 105
105 106
106 107
107 108
108 109
108 1685
109 110
110 111
111 112
112 113
113 114
114 115
115 116
116 117
117 118
118 119
119 120
120 121
121 122
122 123
122 1671
123 124
124 125
125 126
126 127
127 128
128 129
129 130
130 131
131 132
132 133
133 134
134 135
134 1718
135 136
136 137
136 1825
137 138
138 139
139 140
140 141
140 1734
141 142
142 143
143 144
143 1545
144 145
145 146
145 1915
146 147
147 148
147 1700
148 149
149 150
150 151
151 152
152 153
152 1976
153 154
154 155
155 156
156 157
156 1988
157 158
158 159
159 160
159 1550
160 161
161 162
162 163
162 1599
163 164
163 1517
164 165
165 166
166 167
166 1860
167 168
168 169
169 170
170 171
170 1938
171 172
172 173
172 1774
173 174
174 175
175 176
175 1637
176 177
176 1786
176 1895
177 178
178 179
179 180
179 1954
180 181
181 182
182 183
182 1696
183 184
184 185
185 186
186 187
187 188
188 189
189 190
190 191
191 192
192 193
193 194
193 1984
194 195
195 196
196 197
197 198
198 199
199 200
199 1724
200 201
201 202
202 203
202 1684
202 1750
203 204
203 1596
204 205
205 206
206 207
206 1900
207 208
207 1719
208 209
209 210
210 211
211 212
212 213
213 214
214 215
214 1987
215 216
216 217
216 1680
217 218
218 219
219 220
220 221
221 222
222 223
223 224
223 1549
224 225
225 226
226 227
227 228
228 229
228 1936
229 230
230 231
231 232
232 233
232 1648
232 1833
233 234
234 235
235 236
236 237
236 1840
237 238
237 1501
238 239
239 240
240 241
240 1921
241 242
242 243
243 244
243 1945
244 245
245 246
246 247
246 1986
247 248
248 249
249 250
250 251
251 252
252 253
253 254
254 255
254 1871
255 256
256 257
257 258
258 259
258 1952
259 260
260 261
261 262
261 1500
262 263
263 264
264 265
265 266
266 267
267 268
268 269
269 270
270 271
271 272
272 273
273 274
273 1996
274 275
274 1890
275 276
276 277
276 1729
277 278
278 279
279 280
280 281
281 282
282 283
283 284
283 1673
284 285
285 286
286 287
287 288
287 1875
288 289
289 290
290 291
291 292
292 293
293 294
293 1981
294 295
294 1514
295 296
296 297
296 1581
296 1728
297 298
297 1746
298 299
299 300
299 1749
300 301
301 302
302 303
303 304
303 1757
303 1771
304 305
305 306
305 1731
306 307
306 1752
307 308
307 1828
308 309
308 1626
309 310
310 311
310 1645
310 1690
311 312
312 313
313 314
314 315
315 316
315 1697
316 317
317 318
318 319
318 1512
319 320
320 321
321 322
322 323
322 1779
323 324
323 1835
324 325
324 1643
325 326
325 1853
326 327
327 328
327 1935
328 329
329 330
330 331
331 332
331 1672
332 333
332 1851
333 334
334 335
335 336
336 337
336 1865
337 338
338 339
339 340
340 341
340 1967
341 342
342 343
343 344
344 345
344 1818
345 346
346 347
346 1911
347 348
348 349
349 350
349 1540
350 351
351 352
352 353
353 354
354 355
355 356
355 1937
356 357
357 358
358 359
359 360
360 361
361 362
362 363
363 364
364 365
365 366
366 367
367 368
368 369
368 1538
369 370
370 371
371 372
372 373
373 374
374 375
375 376
376 377
377 378
378 379
379 380
379 1511
380 381
381 382
382 383
382 1990
383 384
384 385
385 386
386 387
386 1667
387 388
388 389
389 390
389 1735
390 391
390 1933
391 392
392 393
392 1913
393 394
394 395
395 396
396 397
397 398
398 399
399 400
399 1832
400 401
401 402
402 403
403 404
404 405
405 406
406 407
407 408
407 1783
407 1892
408 409
408 1925
409 410
409 1632
410 411
411 412
412 413
413 414
413 1644
414 415
415 416
415 1889
416 417
417 418
418 419
419 420
419 1660
420 421
421 422
421 1586
422 423
423 424
423 1891
424 425
425 426
425 1547
426 427
427 428
427 1897
428 429
429 430
430 431
431 432
431 1555
431 1713
432 433
432 1682
433 434
433 1634
433 1866
434 435
435 436
436 437
437 438
438 439
438 1633
439 440
440 441
440 1707
441 442
442 443
442 1808
443 444
443 1521
443 1947
444 445
445 446
445 1559
446 447
447 448
448 449
449 450
449 1551
450 451
450 1985
451 452
451 1969
452 453
452 1610
453 454
454 455
454 1631
455 456
456 457
457 458
458 459
459 460
460 461
461 462
462 463
463 464
463 1743
464 465
465 466
466 467
467 468
468 469
468 1978
469 470
469 1816
470 471
470 1582
471 472
472 473
473 474
474 475
474 1564
475 476
476 477
476 1675
477 478
478 479
479 480
480 481
481 482
481 1883
482 483
483 484
484 485
485 486
486 487
487 488
487 1759
488 489
488 1854
489 490
490 491
491 492
492 493
493 494
493 1568
493 1572
494 495
495 496
496 497
496 1831
497 498
498 499
499 500
500 501
501 502
502 503
503 504
504 505
505 506
505 1709
506 507
507 508
508 509
508 1578
509 510
510 511
511 512
511 1963
512 513
513 514
514 515
515 516
516 517
517 518
517 1822
518 519
519 520
520 521
521 522
522 523
523 524
524 525
525 526
525 1795
526 527
527 528
528 529
529 530
529 1594
530 531
531 532
532 533
533 534
534 535
535 536
536 537
537 538
538 539
539 540
539 1689
540 541
541 542
542 543
543 544
544 545
545 546
546 547
546 1975
547 548
548 549
549 550
549 1730
550 551
550 1864
551 552
552 553
552 1810
553 554
554 555
554 1587
555 556
555 1613
556 557
557 558
558 559
559 560
560 561
561 562
562 563
563 564
564 565
565 566
566 567
567 568
568 569
569 570
570 571
570 1591
571 572
572 573
572 1753
573 574
574 575
575 576
576 577
577 578
578 579
579 580
580 581
581 582
582 583
582 1532
583 584
583 1618
584 585
584 1756
585 586
586 587
587 588
588 589
588 1830
589 590
589 1710
590 591
590 1566
591 592
592 593
593 594
594 595
595 596
595 1951
596 597
597 598
598 599
599 600
600 601
601 602
601 1848
602 603
603 604
604 605
605 606
606 607
606 1624
607 608
608 609
609 610
609 1796
610 611
611 612
612 613
613 614
614 615
615 616
616 617
616 1772
617 618
618 619
619 620
619 1807
620 621
620 1747
621 622
622 623
623 624
623 1556
624 625
625 626
626 627
627 628
628 629
629 630
629 1909
630 631
630 1942
631 632
632 633
633 634
634 635
635 636
635 1688
636 637
636 1537
637 638
638 639
639 640
639 1656
640 641
641 642
642 643
643 644
644 645
645 646
646 647
647 648
648 649
649 650
650 651
651 652
652 653
653 654
654 655
655 656
656 657
656 1899
657 658
658 659
658 1508
659 660
660 661
660 1611
661 662
662 663
663 664
663 1661
664 665
665 666
666 667
667 668
668 669
668 1914
669 670
670 671
671 672
672 673
672 1971
673 674
673 1569
674 675
674 1793
675 676
676 677
676 1910
677 678
678 679
679 680
680 681
681 682
682 683
683 684
684 685
684 1953
685 686
686 687
686 1869
687 688
688 689
689 690
690 691
690 1781
691 692
692 693
693 694
693 1670
694 695
695 696
696 697
696 1533
697 698
698 699
699 700
699 1843
700 701
701 702
702 703
703 704
704 705
704 1654
704 1703
705 706
705 1723
706 707
706 1765
707 708
708 709
709 710
710 711
711 712
712 713
713 714
713 1603
714 715
715 716
716 717
717 718
718 719
719 720
720 721
721 722
722 723
723 724
724 725
724 1561
725 726
726 727
726 1764
727 728
728 729
728 1812
729 730
730 731
731 732
732 733
733 734
734 735
735 736
736 737
737 738
737 1641
738 739
739 740
740 741
741 742
742 743
742 1732
743 744
744 745
745 746
745 1647
746 747
746 1601
747 748
748 749
748 1628
749 750
750 751
750 1711
751 752
752 753
753 754
754 755
754 1905
755 756
756 757
757 758
758 759
759 760
760 761
761 762
762 763
762 1580
763 764
764 765
764 1534
765 766
766 767
767 768
768 769
769 770
770 771
771 772
772 773
773 774
774 775
775 776
776 777
777 778
778 779
778 1736
779 780
780 781
781 782
782 783
783 784
784 785
784 1575
785 786
785 1638
785 1982
786 787
787 788
788 789
788 1584
789 790
790 791
791 792
792 793
793 794
793 1653
794 795
794 1542
795 796
796 797
797 798
798 799
799 800
802 1621
802 1727
803 1548
804 1616
804 1692
806 1960
806 1965
808 1701
810 1813
812 1758
815 1798
820 1630
821 1639
824 1839
830 1787
831 1524
838 1977
839 1544
839 1856
846 1614
849 1522
849 1844
850 1739
859 1571
862 1745
862 1761
873 1663
880 1598
881 1528
881 1946
882 1943
888 1507
893 1894
894 1593
896 1585
904 1513
904 1876
926 1583
927 1920
930 1589
939 1993
941 1510
946 1518
950 1972
958 1790
960 1799
966 1651
967 1811
967 1916
968 1629
972 1824
978 1801
980 1770
983 1650
988 1563
990 1635
999 1515
1002 1623
1002 1687
1008 1565
1008 1814
1015 1970
1017 1523
1019 1708
1021 1609
1021 1676
1025 1516
1027 1642
1032 1782
1032 1912
1034 1570
1035 1627
1039 1664
1039 1789
1041 1994
1046 1529
1050 1560
1055 1903
1062 1505
1062 1720
1066 1836
1068 1885
1080 1791
1080 1794
1085 1562
1089 1590
1090 1842
1091 1504
1091 1800
1108 1777
1111 1552
1119 1693
1120 1874
1122 1878
1127 1716
1134 1519
1134 1958
1138 1531
1139 1509
1139 1612
1140 1683
1142 1558
1144 1806
1150 1846
1156 1530
1159 1738
1160 1802
1164 1821
1170 1712
1170 1805
1171 1773
1174 1778
1179 1655
1180 1762
1182 1502
1183 1884
1186 1649
1189 1557
1191 1506
1193 1999
1194 1699
1194 1873
1195 1652
1195 1863
1202 1929
1205 1725
1228 1646
1230 1983
1232 1722
1237 1669
1240 1605
1247 1527
1248 1686
1249 1868
1249 1950
1251 1619
1252 1859
1252 1917
1253 1658
1258 1536
1261 1955
1263 1922
1264 1535
1265 1704
1266 1931
1268 1573
1270 1797
1275 1625
1276 1857
1287 1809
1291 1887
1300 1893
1305 1576
1311 1834
1313 1769
1322 1539
1322 1841
1323 1898
1324 1733
1326 1881
1340 1957
1341 1615
1345 1803
1346 1577
1350 1659
1355 1546
1356 1726
1359 1930
1361 1702
1363 1604
1375 1927
1377 1595
1377 1872
1382 1657
1385 1980
1391 1668
1392 1870
1394 1706
1397 1862
1401 1979
1415 1543
1420 1526
1426 1819
1429 1882
1437 1608
1448 1620
1451 1607
1451 1861
1452 1636
1453 1924
1461 1694
1461 1837
1462 1998
1471 1763
1474 1775
1476 1829
1477 1908
1478 1520
1478 1691
1481 1959
1484 1678
1485 1553
1486 1554
1494 1932
1495 1776
1501 1666
1511 1674
1514 1574
1517 1949
1518 1904
1526 1907
1529 1705
1531 1748
1536 1760
1537 1588
1538 1592
1551 1888
1553 1665
1556 1714
1557 1901
1559 1679
1559 1948
1564 1858
1569 1617
1569 1784
1570 1662
1571 1606
1575 1785
1578 1677
1586 1740
1591 1815
1598 1928
1599 1995
1601 1941
1607 1640
1607 1751
1610 1877
1611 1934
1611 1973
1616 1939
1620 1992
1625 1989
1630 1780
1632 1768
1633 1962
1635 1681
1646 1964
1651 1788
1656 1944
1659 1717
1661 1698
1677 1926
1681 1737
1700 1741
1717 1838
1724 1804
1726 1896
1728 1847
1742 1940
1743 1879
1750 1755
1757 1886
1762 1852
1786 1880
1804 1906
1808 1919
1840 1961
1860 1991
1868 1968
1875 1918
1892 1902
1913 1966
1999
1 2
1 801
1 802
1 803
1 804
1 805
1 806
1 807
1 808
1 809
1 810
1 811
1 812
1 813
1 814
1 815
1 816
1 817
1 818
1 819
1 820
1 821
1 822
1 823
1 824
1 825
1 826
1 827
1 828
1 829
1 830
1 831
1 832
1 833
1 834
1 835
1 836
1 837
1 838
1 839
1 840
1 841
1 842
1 843
1 844
1 845
1 846
1 847
1 848
1 849
1 850
1 851
1 852
1 853
1 854
1 855
1 856
1 857
1 858
1 859
1 860
1 861
1 862
1 863
1 864
1 865
1 866
1 867
1 868
1 869
1 870
1 871
1 872
1 873
1 874
1 875
1 876
1 877
1 878
1 879
1 880
1 881
1 882
1 883
1 884
1 885
1 886
1 887
1 888
1 889
1 890
1 891
1 892
1 893
1 894
1 895
1 896
1 897
1 898
1 899
1 900
1 901
1 902
1 903
1 904
1 905
1 906
1 907
1 908
1 909
1 910
1 911
1 912
1 913
1 914
1 915
1 916
1 917
1 918
1 919
1 920
1 921
1 922
1 923
1 924
1 925
1 926
1 927
1 928
1 929
1 930
1 931
1 932
1 933
1 934
1 935
1 936
1 937
1 938
1 939
1 940
1 941
1 942
1 943
1 944
1 945
1 946
1 947
1 948
1 949
1 950
1 951
1 952
1 953
1 954
1 955
1 956
1 957
1 958
1 959
1 960
1 961
1 962
1 963
1 964
1 965
1 966
1 967
1 968
1 969
1 970
1 971
1 972
1 973
1 974
1 975
1 976
1 977
1 978
1 979
1 980
1 981
1 982
1 983
1 984
1 985
1 986
1 987
1 988
1 989
1 990
1 991
1 992
1 993
1 994
1 995
1 996
1 997
1 998
1 999
1 1000
1 1001
1 1002
1 1003
1 1004
1 1005
1 1006
1 1007
1 1008
1 1009
1 1010
1 1011
1 1012
1 1013
1 1014
1 1015
1 1016
1 1017
1 1018
1 1019
1 1020
1 1021
1 1022
1 1023
1 1024
1 1025
1 1026
1 1027
1 1028
1 1029
1 1030
1 1031
1 1032
1 1033
1 1034
1 1035
1 1036
1 1037
1 1038
1 1039
1 1040
1 1041
1 1042
1 1043
1 1044
1 1045
1 1046
1 1047
1 1048
1 1049
1 1050
1 1051
1 1052
1 1053
1 1054
1 1055
1 1056
1 1057
1 1058
1 1059
1 1060
1 1061
1 1062
1 1063
1 1064
1 1065
1 1066
1 1067
1 1068
1 1069
1 1070
1 1071
1 1072
1 1073
1 1074
1 1075
1 1076
1 1077
1 1078
1 1079
1 1080
1 1081
1 1082
1 1083
1 1084
1 1085
1 1086
1 1087
1 1088
1 1089
1 1090
1 1091
1 1092
1 1093
1 1094
1 1095
1 1096
1 1097
1 1098
1 1099
1 1100
1 1101
1 1102
1 1103
1 1104
1 1105
1 1106
1 1107
1 1108
1 1109
1 1110
1 1111
1 1112
1 1113
1 1114
1 1115
1 1116
1 1117
1 1118
1 1119
1 1120
1 1121
1 1122
1 1123
1 1124
1 1125
1 1126
1 1127
1 1128
1 1129
1 1130
1 1131
1 1132
1 1133
1 1134
1 1135
1 1136
1 1137
1 1138
1 1139
1 1140
1 1141
1 1142
1 1143
1 1144
1 1145
1 1146
1 1147
1 1148
1 1149
1 1150
1 1151
1 1152
1 1153
1 1154
1 1155
1 1156
1 1157
1 1158
1 1159
1 1160
1 1161
1 1162
1 1163
1 1164
1 1165
1 1166
1 1167
1 1168
1 1169
1 1170
1 1171
1 1172
1 1173
1 1174
1 1175
1 1176
1 1177
1 1178
1 1179
1 1180
1 1181
1 1182
1 1183
1 1184
1 1185
1 1186
1 1187
1 1188
1 1189
1 1190
1 1191
1 1192
1 1193
1 1194
1 1195
1 1196
1 1197
1 1198
1 1199
1 1200
1 1201
1 1202
1 1203
1 1204
1 1205
1 1206
1 1207
1 1208
1 1209
1 1210
1 1211
1 1212
1 1213
1 1214
1 1215
1 1216
1 1217
1 1218
1 1219
1 1220
1 1221
1 1222
1 1223
1 1224
1 1225
1 1226
1 1227
1 1228
1 1229
1 1230
1 1231
1 1232
1 1233
1 1234
1 1235
1 1236
1 1237
1 1238
1 1239
1 1240
1 1241
1 1242
1 1243
1 1244
1 1245
1 1246
1 1247
1 1248
1 1249
1 1250
1 1251
1 1252
1 1253
1 1254
1 1255
1 1256
1 1257
1 1258
1 1259
1 1260
1 1261
1 1262
1 1263
1 1264
1 1265
1 1266
1 1267
1 1268
1 1269
1 1270
1 1271
1 1272
1 1273
1 1274
1 1275
1 1276
1 1277
1 1278
1 1279
1 1280
1 1281
1 1282
1 1283
1 1284
1 1285
1 1286
1 1287
1 1288
1 1289
1 1290
1 1291
1 1292
1 1293
1 1294
1 1295
1 1296
1 1297
1 1298
1 1299
1 1300
1 1301
1 1302
1 1303
1 1304
1 1305
1 1306
1 1307
1 1308
1 1309
1 1310
1 1311
1 1312
1 1313
1 1314
1 1315
1 1316
1 1317
1 1318
1 1319
1 1320
1 1321
1 1322
1 1323
1 1324
1 1325
1 1326
1 1327
1 1328
1 1329
1 1330
1 1331
1 1332
1 1333
1 1334
1 1335
1 1336
1 1337
1 1338
1 1339
1 1340
1 1341
1 1342
1 1343
1 1344
1 1345
1 1346
1 1347
1 1348
1 1349
1 1350
1 1351
1 1352
1 1353
1 1354
1 1355
1 1356
1 1357
1 1358
1 1359
1 1360
1 1361
1 1362
1 1363
1 1364
1 1365
1 1366
1 1367
1 1368
1 1369
1 1370
1 1371
1 1372
1 1373
1 1374
1 1375
1 1376
1 1377
1 1378
1 1379
1 1380
1 1381
1 1382
1 1383
1 1384
1 1385
1 1386
1 1387
1 1388
1 1389
1 1390
1 1391
1 1392
1 1393
1 1394
1 1395
1 1396
1 1397
1 1398
1 1399
1 1400
1 1401
1 1402
1 1403
1 1404
1 1405
1 1406
1 1407
1 1408
1 1409
1 1410
1 1411
1 1412
1 1413
1 1414
1 1415
1 1416
1 1417
1 1418
1 1419
1 1420
1 1421
1 1422
1 1423
1 1424
1 1425
1 1426
1 1427
1 1428
1 1429
1 1430
1 1431
1 1432
1 1433
1 1434
1 1435
1 1436
1 1437
1 1438
1 1439
1 1440
1 1441
1 1442
1 1443
1 1444
1 1445
1 1446
1 1447
1 1448
1 1449
1 1450
1 1451
1 1452
1 1453
1 1454
1 1455
1 1456
1 1457
1 1458
1 1459
1 1460
1 1461
1 1462
1 1463
1 1464
1 1465
1 1466
1 1467
1 1468
1 1469
1 1470
1 1471
1 1472
1 1473
1 1474
1 1475
1 1476
1 1477
1 1478
1 1479
1 1480
1 1481
1 1482
1 1483
1 1484
1 1485
1 1486
1 1487
1 1488
1 1489
1 1490
1 1491
1 1492
1 1493
1 1494
1 1495
1 1496
1 1497
1 1498
1 1499
1 1609
2 3
3 4
4 5
5 6
6 7
7 8
8 9
9 10
9 1660
10 11
11 12
12 13
13 14
13 1891
14 15
15 16
15 1798
16 17
17 18
17 1583
18 19
19 20
20 21
21 22
21 1747
22 23
23 24
24 25
24 1555
25 26
26 27
26 1579
27 28
28 29
29 30
30 31
31 32
32 33
33 34
34 35
35 36
36 37
36 1869
37 38
38 39
38 1575
39 40
39 1721
40 41
41 42
42 43
43 44
43 1788
44 45
45 46
46 47
47 48
48 49
49 50
50 51
50 1557
51 52
51 1972
52 53
52 1993
53 54
54 55
55 56
56 57
56 1673
57 58
58 59
59 60
60 61
61 62
62 63
62 1898
63 64
63 1653
63 1780
64 65
65 66
66 67
67 68
67 1560
68 69
69 70
69 1629
70 71
71 72
72 73
73 74
74 75
75 76
76 77
77 78
78 79
78 1919
79 80
80 81
80 1606
80 1987
81 82
82 83
82 1695
83 84
84 85
84 1817
85 86
86 87
87 88
88 89
89 90
90 91
91 92
91 1802
91 1828
92 93
92 1678
93 94
94 95
94 1533
95 96
96 97
97 98
98 99
99 100
99 1588
99 1686
100 101
101 102
101 1767
101 1779
102 103
103 104
104 105
104 1516
105 106
106 107
107 108
107 1528
108 109
109 110
110 111
111 112
112 113
112 1681
113 114
114 115
115 116
116 117
116 1658
117 118
118 119
119 120
119 1855
120 121
120 1607
121 122
122 123
123 124
124 125
124 1904
125 126
126 127
126 1789
127 128
128 129
128 1537
129 130
130 131
131 132
132 133
133 134
134 135
135 136
135 1879
136 137
137 138
138 139
139 140
140 141
141 142
142 143
143 144
144 145
145 146
146 147
147 148
148 149
149 150
150 151
151 152
152 153
152 1710
153 154
154 155
155 156
156 157
156 1705
157 158
158 159
159 160
160 161
161 162
162 163
162 1748
163 164
164 165
164 1688
165 166
166 167
167 168
168 169
169 170
170 171
171 172
172 173
173 174
173 1639
174 175
175 176
175 1911
176 177
177 178
177 1838
178 179
179 180
180 181
181 182
182 183
182 1545
183 184
184 185
185 186
186 187
186 1751
186 1894
187 188
188 189
189 190
189 1565
190 191
191 192
192 193
192 1593
193 194
194 195
195 196
196 197
197 198
198 199
199 200
200 201
201 202
202 203
202 1800
203 204
204 205
205 206
205 1510
205 1949
206 207
206 1598
207 208
208 209
208 1912
209 210
210 211
210 1665
211 212
212 213
212 1714
213 214
214 215
215 216
215 1858
216 217
217 218
217 1690
217 1727
218 219
219 220
219 1523
219 1572
219 1917
220 221
221 222
222 223
223 224
224 225
225 226
226 227
227 228
228 229
229 230
230 231
231 232
232 233
233 234
233 1546
234 235
235 236
235 1752
235 1897
236 237
237 238
237 1558
238 239
238 1942
239 240
240 241
241 242
241 1661
242 243
243 244
244 245
245 246
246 247
247 248
248 249
249 250
250 251
251 252
252 253
253 254
253 1507
254 255
254 1711
255 256
255 1813
256 257
257 258
257 1862
258 259
258 1805
259 260
260 261
261 262
262 263
263 264
264 265
265 266
266 267
267 268
268 269
269 270
269 1763
270 271
271 272
272 273
273 274
274 275
274 1952
275 276
275 1757
276 277
277 278
277 1631
278 279
278 1874
279 280
280 281
281 282
282 283
283 284
284 285
285 286
286 287
286 1857
287 288
287 1542
288 289
288 1764
289 290
290 291
291 292
292 293
293 294
294 295
295 296
296 297
297 298
298 299
299 300
300 301
301 302
302 303
303 304
304 305
305 306
306 307
306 1953
307 308
308 309
309 310
310 311
311 312
311 1791
312 313
313 314
313 1922
314 315
315 316
316 317
317 318
317 1667
318 319
318 1722
319 320
320 321
321 322
322 323
322 1527
323 324
324 325
325 326
326 327
327 328
327 1935
328 329
329 330
330 331
331 332
332 333
333 334
334 335
334 1936
335 336
336 337
336 1649
337 338
338 339
339 340
339 1693
340 341
341 342
342 343
343 344
344 345
345 346
346 347
347 348
348 349
349 350
349 1743
350 351
351 352
352 353
353 354
353 1566
354 355
355 356
356 357
357 358
357 1914
358 359
359 360
360 361
361 362
361 1916
362 363
363 364
364 365
365 366
366 367
366 1801
366 1934
367 368
367 1848
368 369
369 370
370 371
370 1728
371 372
371 1984
372 373
373 374
374 375
374 1755
375 376
376 377
376 1831
377 378
378 379
379 380
380 381
381 382
382 383
382 1541
383 384
384 385
384 1647
385 386
386 387
387 388
388 389
389 390
390 391
391 392
392 393
392 1979
393 394
394 395
395 396
395 1532
396 397
397 398
398 399
399 400
400 401
400 1890
401 402
402 403
403 404
404 405
405 406
406 407
406 1915
407 408
408 409
409 410
409 1907
410 411
410 1659
411 412
412 413
413 414
414 415
414 1706
415 416
416 417
417 418
418 419
419 420
420 421
421 422
422 423
423 424
424 425
425 426
426 427
427 428
428 429
429 430
430 431
431 432
432 433
433 434
434 435
435 436
435 1903
436 437
437 438
438 439
438 1600
439 440
440 441
441 442
441 1636
442 443
443 444
444 445
444 1511
444 1955
445 446
446 447
446 1750
447 448
448 449
449 450
450 451
450 1595
451 452
452 453
453 454
454 455
455 456
456 457
456 1787
457 458
457 1538
457 1704
458 459
459 460
459 1640
459 1865
459 1881
460 461
461 462
462 463
463 464
464 465
465 466
465 1796
466 467
467 468
467 1581
467 1610
467 1760
468 469
469 470
469 1670
470 471
471 472
472 473
473 474
474 475
475 476
476 477
477 478
478 479
479 480
480 481
480 1650
481 482
482 483
483 484
484 485
485 486
486 487
487 488
487 1589
488 489
489 490
490 491
491 492
492 493
493 494
494 495
494 1793
495 496
495 1637
496 497
497 498
497 1551
498 499
498 1950
499 500
499 1563
499 1784
499 1868
500 501
501 502
502 503
502 1967
503 504
504 505
505 506
506 507
507 508
508 509
509 510
510 511
511 512
512 513
513 514
514 515
515 516
516 517
516 1827
517 518
517 1887
518 519
518 1700
519 520
520 521
521 522
522 523
523 524
524 525
524 1644
525 526
526 527
527 528
527 1758
528 529
528 1620
529 530
530 531
531 532
532 533
532 1830
533 534
534 535
535 536
536 537
537 538
538 539
539 540
539 1895
540 541
540 1841
541 542
542 543
543 544
544 545
544 1991
545 546
545 1504
545 1902
546 547
547 548
548 549
549 550
550 551
551 552
552 553
552 1753
553 554
554 555
555 556
556 557
557 558
558 559
559 560
559 1716
560 561
560 1586
561 562
562 563
563 564
563 1740
564 565
565 566
566 567
566 1587
567 568
568 569
569 570
569 1961
570 571
571 572
572 573
573 574
574 575
575 576
576 577
577 578
577 1549
578 579
579 580
580 581
581 582
581 1899
582 583
583 584
584 585
584 1853
585 586
585 1837
586 587
587 588
588 589
589 590
590 591
591 592
592 593
592 1769
593 594
594 595
595 596
596 597
597 598
598 599
599 600
600 601
601 602
602 603
603 604
604 605
605 606
606 607
607 608
608 609
608 1651
609 610
610 611
611 612
612 613
613 614
614 615
615 616
616 617
616 1812
617 618
618 619
619 620
620 621
621 622
621 1564
622 623
622 1954
623 624
624 625
625 626
626 627
627 628
628 629
629 630
629 1571
630 631
631 632
632 633
633 634
634 635
635 636
636 637
637 638
638 639
639 640
640 641
641 642
642 643
643 644
643 1810
643 1886
644 645
644 1970
645 646
645 1735
646 647
647 648
647 1781
648 649
648 1821
649 650
650 651
651 652
652 653
653 654
654 655
654 1815
655 656
656 657
656 1792
657 658
658 659
659 660
660 661
661 662
662 663
663 664
663 1724
664 665
664 1617
665 666
666 667
667 668
668 669
669 670
670 671
671 672
671 1978
672 673
673 674
674 675
674 1790
675 676
676 677
676 1957
676 1959
677 678
677 1697
678 679
679 680
680 681
681 682
682 683
683 684
683 1612
684 685
685 686
686 687
687 688
688 689
688 1654
689 690
690 691
691 692
692 693
693 694
694 695
694 1520
695 696
696 697
696 1548
697 698
698 699
698 1749
699 700
700 701
701 702
702 703
702 1863
703 704
703 1717
704 705
705 706
706 707
707 708
708 709
708 1701
709 710
710 711
711 712
712 713
713 714
714 715
715 716
715 1864
716 717
716 1867
717 718
717 1996
718 719
719 720
720 721
721 722
722 723
722 1985
723 724
723 1664
724 725
725 726
725 1672
726 727
727 728
728 729
729 730
730 731
731 732
732 733
733 734
734 735
735 736
736 737
737 738
738 739
739 740
739 1556
740 741
741 742
741 1638
742 743
743 744
744 745
745 746
746 747
747 748
748 749
749 750
750 751
751 752
751 1876
752 753
753 754
754 755
754 1574
755 756
756 757
757 758
758 759
759 760
760 761
761 762
762 763
763 764
764 765
765 766
765 1599
766 767
767 768
768 769
769 770
769 1582
770 771
771 772
772 773
773 774
774 775
775 776
776 777
777 778
778 779
779 780
780 781
781 782
782 783
783 784
784 785
785 786
786 787
787 788
787 1826
788 789
788 1540
788 1762
788 1906
789 790
790 791
791 792
791 1509
791 1694
792 793
792 1920
793 794
794 795
795 796
796 797
797 798
797 1896
798 799
799 800
800 1923
801 1591
806 1641
809 1569
812 1531
816 1543
822 1998
824 1777
829 1680
837 1530
839 1536
839 1773
841 1852
846 1925
847 1905
852 1503
854 1832
855 1597
855 1772
859 1840
865 1514
865 1567
865 1756
866 1843
869 1859
871 1675
873 1818
880 1677
883 1626
895 1689
895 1873
898 1500
898 1634
898 1884
902 1794
906 1534
908 1975
910 1550
910 1604
911 1652
916 1630
919 1608
932 1878
939 1786
939 1871
940 1719
945 1506
956 1584
962 1559
967 1968
971 1825
978 1602
978 1685
980 1736
982 1696
987 1524
987 1535
987 1797
995 1893
996 1698
999 1980
1002 1691
1007 1969
1009 1720
1015 1515
1023 1505
1024 1808
1025 1799
1031 1562
1031 1819
1034 1713
1035 1965
1040 1513
1047 1625
1048 1937
1051 1646
1057 1554
1057 1851
1062 1726
1062 1738
1062 1766
1064 1635
1065 1774
1065 1845
1069 1668
1072 1775
1076 1671
1092 1576
1093 1842
1094 1577
1095 1517
1095 1544
1095 1844
1101 1928
1104 1754
1104 1974
1106 1601
1106 1715
1111 1679
1112 1742
1112 1882
1113 1662
1115 1666
1124 1699
1125 1529
1129 1522
1134 1603
1136 1803
1142 1731
1142 1946
1144 1908
1145 1707
1148 1910
1152 1718
1155 1580
1157 1964
1166 1999
1175 1632
1182 1820
1183 1621
1191 1519
1194 1568
1195 1816
1197 1847
1202 1854
1202 1933
1204 1834
1204 1956
1208 1585
1211 1687
1212 1765
1221 1657
1227 1836
1229 1733
1231 1648
1234 1521
1236 1663
1248 1502
1252 1806
1253 1746
1254 1553
1254 1645
1255 1525
1255 1594
1255 1885
1257 1692
1262 1618
1263 1611
1268 1741
1269 1592
1269 1702
1270 1622
1274 1547
1275 1940
1279 1730
1279 1921
1281 1976
1284 1573
1288 1892
1291 1674
1294 1703
1295 1938
1296 1725
1297 1501
1303 1977
1313 1596
1318 1682
1319 1900
1320 1771
1321 1737
1322 1997
1324 1909
1325 1745
1326 1913
1327 1947
1328 1539
1343 1709
1345 1960
1345 1973
1357 1614
1357 1901
1371 1624
1374 1605
1379 1526
1379 1739
1385 1656
1385 1948
1388 1995
1391 1927
1398 1642
1398 1835
1401 1971
1409 1860
1411 1785
1422 1846
1422 1983
1424 1776
1427 1578
1431 1924
1432 1518
1436 1888
1439 1931
1443 1627
1444 1986
1445 1616
1445 1734
1453 1759
1454 1761
1462 1615
1462 1856
1466 1669
1469 1829
1475 1570
1475 1804
1476 1723
1483 1512
1486 1683
1488 1623
1492 1561
1492 1628
1493 1744
1500 1590
1503 1655
1504 1508
1506 1875
1508 1708
1517 1778
1521 1866
1524 1552
1531 1823
1536 1918
1541 1643
1543 1943
1547 1768
1555 1807
1558 1861
1564 1839
1569 1889
1579 1619
1589 1613
1591 1945
1593 1880
1596 1783
1603 1712
1603 1814
1610 1872
1616 1849
1620 1770
1623 1633
1627 1684
1627 1824
1628 1951
1657 1676
1661 1729
1677 1811
1678 1732
1705 1795
1710 1809
1710 1989
1744 1877
1749 1929
1754 1850
1762 1941
1764 1782
1764 1958
1772 1944
1773 1833
1778 1930
1786 1994
1796 1822
1803 1982
1804 1981
1807 1932
1812 1992
1819 1926
1833 1962
1851 1870
1852 1963
1855 1966
1865 1883
1869 1990
1897 1988
1915 1939
1999
1 2
1 801
1 802
1 803
1 804
1 805
1 806
1 807
1 808
1 809
1 810
1 811
1 812
1 813
1 814
1 815
1 816
1 817
1 818
1 819
1 820
1 821
1 822
1 823
1 824
1 825
1 826
1 827
1 828
1 829
1 830
1 831
1 832
1 833
1 834
1 835
1 836
1 837
1 838
1 839
1 840
1 841
1 842
1 843
1 844
1 845
1 846
1 847
1 848
1 849
1 850
1 851
1 852
1 853
1 854
1 855
1 856
1 857
1 858
1 859
1 860
1 861
1 862
1 863
1 864
1 865
1 866
1 867
1 868
1 869
1 870
1 871
1 872
1 873
1 874
1 875
1 876
1 877
1 878
1 879
1 880
1 881
1 882
1 883
1 884
1 885
1 886
1 887
1 888
1 889
1 890
1 891
1 892
1 893
1 894
1 895
1 896
1 897
1 898
1 899
1 900
1 901
1 902
1 903
1 904
1 905
1 906
1 907
1 908
1 909
1 910
1 911
1 912
1 913
1 914
1 915
1 916
1 917
1 918
1 919
1 920
1 921
1 922
1 923
1 924
1 925
1 926
1 927
1 928
1 929
1 930
1 931
1 932
1 933
1 934
1 935
1 936
1 937
1 938
1 939
1 940
1 941
1 942
1 943
1 944
1 945
1 946
1 947
1 948
1 949
1 950
1 951
1 952
1 953
1 954
1 955
1 956
1 957
1 958
1 959
1 960
1 961
1 962
1 963
1 964
1 965
1 966
1 967
1 968
1 969
1 970
1 971
1 972
1 973
1 974
1 975
1 976
1 977
1 978
1 979
1 980
1 981
1 982
1 983
1 984
1 985
1 986
1 987
1 988
1 989
1 990
1 991
1 992
1 993
1 994
1 995
1 996
1 997
1 998
1 999
1 1000
1 1001
1 1002
1 1003
1 1004
1 1005
1 1006
1 1007
1 1008
1 1009
1 1010
1 1011
1 1012
1 1013
1 1014
1 1015
1 1016
1 1017
1 1018
1 1019
1 1020
1 1021
1 1022
1 1023
1 1024
1 1025
1 1026
1 1027
1 1028
1 1029
1 1030
1 1031
1 1032
1 1033
1 1034
1 1035
1 1036
1 1037
1 1038
1 1039
1 1040
1 1041
1 1042
1 1043
1 1044
1 1045
1 1046
1 1047
1 1048
1 1049
1 1050
1 1051
1 1052
1 1053
1 1054
1 1055
1 1056
1 1057
1 1058
1 1059
1 1060
1 1061
1 1062
1 1063
1 1064
1 1065
1 1066
1 1067
1 1068
1 1069
1 1070
1 1071
1 1072
1 1073
1 1074
1 1075
1 1076
1 1077
1 1078
1 1079
1 1080
1 1081
1 1082
1 1083
1 1084
1 1085
1 1086
1 1087
1 1088
1 1089
1 1090
1 1091
1 1092
1 1093
1 1094
1 1095
1 1096
1 1097
1 1098
1 1099
1 1100
1 1101
1 1102
1 1103
1 1104
1 1105
1 1106
1 1107
1 1108
1 1109
1 1110
1 1111
1 1112
1 1113
1 1114
1 1115
1 1116
1 1117
1 1118
1 1119
1 1120
1 1121
1 1122
1 1123
1 1124
1 1125
1 1126
1 1127
1 1128
1 1129
1 1130
1 1131
1 1132
1 1133
1 1134
1 1135
1 1136
1 1137
1 1138
1 1139
1 1140
1 1141
1 1142
1 1143
1 1144
1 1145
1 1146
1 1147
1 1148
1 1149
1 1150
1 1151
1 1152
1 1153
1 1154
1 1155
1 1156
1 1157
1 1158
1 1159
1 1160
1 1161
1 1162
1 1163
1 1164
1 1165
1 1166
1 1167
1 1168
1 1169
1 1170
1 1171
1 1172
1 1173
1 1174
1 1175
1 1176
1 1177
1 1178
1 1179
1 1180
1 1181
1 1182
1 1183
1 1184
1 1185
1 1186
1 1187
1 1188
1 1189
1 1190
1 1191
1 1192
1 1193
1 1194
1 1195
1 1196
1 1197
1 1198
1 1199
1 1200
1 1201
1 1202
1 1203
1 1204
1 1205
1 1206
1 1207
1 1208
1 1209
1 1210
1 1211
1 1212
1 1213
1 1214
1 1215
1 1216
1 1217
1 1218
1 1219
1 1220
1 1221
1 1222
1 1223
1 1224
1 1225
1 1226
1 1227
1 1228
1 1229
1 1230
1 1231
1 1232
1 1233
1 1234
1 1235
1 1236
1 1237
1 1238
1 1239
1 1240
1 1241
1 1242
1 1243
1 1244
1 1245
1 1246
1 1247
1 1248
1 1249
1 1250
1 1251
1 1252
1 1253
1 1254
1 1255
1 1256
1 1257
1 1258
1 1259
1 1260
1 1261
1 1262
1 1263
1 1264
1 1265
1 1266
1 1267
1 1268
1 1269
1 1270
1 1271
1 1272
1 1273
1 1274
1 1275
1 1276
1 1277
1 1278
1 1279
1 1280
1 1281
1 1282
1 1283
1 1284
1 1285
1 1286
1 1287
1 1288
1 1289
1 1290
1 1291
1 1292
1 1293
1 1294
1 1295
1 1296
1 1297
1 1298
1 1299
1 1300
1 1301
1 1302
1 1303
1 1304
1 1305
1 1306
1 1307
1 1308
1 1309
1 1310
1 1311
1 1312
1 1313
1 1314
1 1315
1 1316
1 1317
1 1318
1 1319
1 1320
1 1321
1 1322
1 1323
1 1324
1 1325
1 1326
1 1327
1 1328
1 1329
1 1330
1 1331
1 1332
1 1333
1 1334
1 1335
1 1336
1 1337
1 1338
1 1339
1 1340
1 1341
1 1342
1 1343
1 1344
1 1345
1 1346
1 1347
1 1348
1 1349
1 1350
1 1351
1 1352
1 1353
1 1354
1 1355
1 1356
1 1357
1 1358
1 1359
1 1360
1 1361
1 1362
1 1363
1 1364
1 1365
1 1366
1 1367
1 1368
1 1369
1 1370
1 1371
1 1372
1 1373
1 1374
1 1375
1 1376
1 1377
1 1378
1 1379
1 1380
1 1381
1 1382
1 1383
1 1384
1 1385
1 1386
1 1387
1 1388
1 1389
1 1390
1 1391
1 1392
1 1393
1 1394
1 1395
1 1396
1 1397
1 1398
1 1399
1 1400
1 1401
1 1402
1 1403
1 1404
1 1405
1 1406
1 1407
1 1408
1 1409
1 1410
1 1411
1 1412
1 1413
1 1414
1 1415
1 1416
1 1417
1 1418
1 1419
1 1420
1 1421
1 1422
1 1423
1 1424
1 1425
1 1426
1 1427
1 1428
1 1429
1 1430
1 1431
1 1432
1 1433
1 1434
1 1435
1 1436
1 1437
1 1438
1 1439
1 1440
1 1441
1 1442
1 1443
1 1444
1 1445
1 1446
1 1447
1 1448
1 1449
1 1450
1 1451
1 1452
1 1453
1 1454
1 1455
1 1456
1 1457
1 1458
1 1459
1 1460
1 1461
1 1462
1 1463
1 1464
1 1465
1 1466
1 1467
1 1468
1 1469
1 1470
1 1471
1 1472
1 1473
1 1474
1 1475
1 1476
1 1477
1 1478
1 1479
1 1480
1 1481
1 1482
1 1483
1 1484
1 1485
1 1486
1 1487
1 1488
1 1489
1 1490
1 1491
1 1492
1 1493
1 1494
1 1495
1 1496
1 1497
1 1498
1 1499
2 3
2 1855
3 4
4 5
5 6
6 7
7 8
8 9
9 10
10 11
10 1919
11 12
12 13
13 14
13 1718
14 15
15 16
16 17
16 1671
17 18
18 19
19 20
20 21
21 22
22 23
23 24
24 25
25 26
26 27
27 28
28 29
28 1745
28 1838
29 30
30 31
31 32
32 33
33 34
34 35
35 36
35 1835
36 37
37 38
38 39
39 40
39 1795
39 1996
40 41
40 1554
41 42
42 43
43 44
44 45
45 46
45 1555
46 47
46 1548
47 48
48 49
49 50
50 51
50 1921
51 52
52 53
53 54
54 55
54 1690
55 56
56 57
57 58
58 59
59 60
59 1979
60 61
60 1562
61 62
62 63
62 1609
63 64
63 1898
64 65
65 66
66 67
67 68
68 69
68 1893
68 1911
69 70
70 71
71 72
72 73
73 74
74 75
75 76
76 77
76 1712
77 78
78 79
78 1509
79 80
80 81
81 82
82 83
83 84
84 85
84 1613
84 1638
85 86
85 1784
86 87
87 88
88 89
89 90
90 91
91 92
91 1508
91 1780
91 1910
92 93
93 94
94 95
95 96
96 97
97 98
97 1833
98 99
99 100
100 101
101 102
101 1565
101 1626
102 103
103 104
104 105
104 1980
105 106
106 107
107 108
107 1937
108 109
109 110
110 111
111 112
112 113
113 114
114 115
115 116
116 117
117 118
118 119
119 120
120 121
121 122
122 123
122 1892
123 124
124 125
125 126
126 127
127 128
127 1789
128 129
128 1757
129 130
130 131
131 132
132 133
133 134
134 135
134 1500
135 136
136 137
136 1977
137 138
138 139
139 140
140 141
141 142
142 143
143 144
144 145
145 146
146 147
147 148
148 149
149 150
150 151
151 152
151 1883
152 153
153 154
154 155
154 1742
155 156
155 1903
156 157
157 158
157 1923
158 159
158 1578
159 160
159 1657
160 161
161 162
161 1636
162 163
163 164
164 165
164 1689
165 166
166 167
167 168
167 1507
168 169
169 170
170 171
171 172
172 173
173 174
174 175
175 176
176 177
177 178
178 179
179 180
180 181
180 1549
180 1775
180 1864
181 182
182 183
183 184
184 185
185 186
185 1685
186 187
186 1649
187 188
187 1940
188 189
188 1684
189 190
190 191
191 192
192 193
193 194
193 1927
194 195
194 1822
195 196
195 1522
196 197
196 1518
197 198
197 1907
198 199
199 200
199 1596
200 201
201 202
201 1642
202 203
203 204
204 205
205 206
206 207
206 1908
207 208
208 209
209 210
210 211
211 212
212 213
213 214
214 215
215 216
216 217
216 1739
217 218
218 219
219 220
219 1774
220 221
221 222
222 223
223 224
224 225
225 226
226 227
226 1550
227 228
228 229
229 230
230 231
231 232
231 1577
232 233
232 1575
233 234
234 235
235 236
236 237
236 1588
237 238
237 1662
238 239
239 240
240 241
241 242
242 243
243 244
244 245
244 1611
244 1672
245 246
246 247
246 1635
247 248
247 1874
248 249
249 250
250 251
250 1783
251 252
252 253
253 254
253 1604
254 255
255 256
255 1558
256 257
257 258
258 259
259 260
260 261
261 262
262 263
263 264
263 1876
264 265
265 266
266 267
267 268
268 269
269 270
270 271
271 272
272 273
273 274
274 275
275 276
276 277
276 1899
277 278
278 279
279 280
280 281
281 282
282 283
283 284
283 1964
284 285
285 286
285 1967
286 287
287 288
288 289
288 1848
289 290
290 291
291 292
291 1969
292 293
292 1612
293 294
294 295
295 296
296 297
297 298
298 299
299 300
300 301
301 302
301 1502
301 1997
302 303
303 304
304 305
304 1722
305 306
306 307
306 1982
307 308
308 309
308 1601
309 310
310 311
311 312
312 313
313 314
313 1884
314 315
315 316
315 1517
316 317
317 318
318 319
319 320
320 321
321 322
322 323
323 324
324 325
324 1567
325 326
326 327
327 328
328 329
329 330
329 1931
329 1976
330 331
331 332
332 333
333 334
334 335
335 336
335 1960
336 337
337 338
338 339
338 1633
339 340
340 341
341 342
342 343
343 344
344 345
345 346
346 347
346 1716
347 348
348 349
349 350
350 351
351 352
352 353
353 354
353 1523
353 1677
354 355
355 356
356 357
356 1537
356 1836
357 358
357 1637
358 359
359 360
359 1524
360 361
361 362
361 1625
361 1853
362 363
363 364
364 365
365 366
366 367
367 368
368 369
369 370
370 371
371 372
372 373
373 374
374 375
375 376
376 377
377 378
378 379
379 380
380 381
381 382
382 383
383 384
384 385
385 386
386 387
387 388
388 389
389 390
390 391
390 1646
390 1743
391 392
392 393
393 394
394 395
394 1510
395 396
396 397
397 398
398 399
399 400
400 401
401 402
402 403
403 404
404 405
405 406
405 1799
406 407
407 408
408 409
409 410
410 411
411 412
412 413
413 414
414 415
415 416
416 417
417 418
418 419
419 420
420 421
421 422
421 1535
421 1591
422 423
423 424
424 425
425 426
426 427
427 428
427 1888
428 429
429 430
430 431
431 432
432 433
433 434
434 435
435 436
435 1587
435 1991
436 437
437 438
438 439
439 440
440 441
441 442
442 443
443 444
444 445
445 446
446 447
447 448
448 449
449 450
450 451
451 452
452 453
452 1650
452 1681
452 1989
453 454
453 1632
454 455
454 1787
455 456
456 457
457 458
458 459
459 460
459 1896
460 461
460 1576
461 462
462 463
463 464
464 465
464 1841
465 466
466 467
467 468
468 469
468 1776
469 470
470 471
471 472
472 473
473 474
474 475
474 1930
475 476
475 1732
476 477
476 1906
477 478
478 479
479 480
480 481
480 1771
481 482
482 483
483 484
483 1532
484 485
485 486
485 1621
486 487
487 488
487 1674
488 489
488 1607
489 490
490 491
490 1856
491 492
492 493
492 1603
493 494
493 1962
494 495
495 496
495 1744
496 497
497 498
498 499
499 500
500 501
501 502
502 503
503 504
503 1768
504 505
505 506
506 507
507 508
508 509
509 510
509 1791
509 1793
509 1796
510 511
511 512
511 1881
512 513
513 514
514 515
514 1737
514 1809
515 516
516 517
517 518
517 1981
518 519
519 520
520 521
520 1882
521 522
522 523
522 1531
523 524
524 525
525 526
525 1826
526 527
527 528
528 529
529 530
530 531
531 532
532 533
533 534
534 535
534 1566
535 536
536 537
537 538
538 539
538 1850
539 540
539 1863
540 541
541 542
542 543
543 544
544 545
545 546
546 547
546 1758
546 1801
547 548
547 1667
547 1860
548 549
549 550
550 551
550 1714
550 1925
551 552
552 553
552 1868
553 554
553 1526
553 1584
554 555
554 1700
555 556
556 557
557 558
558 559
559 560
559 1594
559 1895
560 561
560 1511
561 562
562 563
563 564
564 565
565 566
566 567
567 568
568 569
568 1754
569 570
569 1762
570 571
570 1945
571 572
572 573
573 574
574 575
575 576
575 1661
576 577
577 578
578 579
579 580
580 581
581 582
582 583
583 584
584 585
585 586
586 587
587 588
588 589
589 590
590 591
591 592
592 593
593 594
594 595
595 596
595 1552
596 597
597 598
598 599
599 600
600 601
600 1503
600 1947
601 602
602 603
602 1736
603 604
604 605
604 1770
605 606
606 607
607 608
608 609
609 610
610 611
611 612
612 613
613 614
613 1536
613 1729
614 615
615 616
616 617
617 618
618 619
619 620
620 621
621 622
621 1617
622 623
623 624
624 625
624 1726
625 626
626 627
627 628
628 629
629 630
629 1975
630 631
631 632
632 633
633 634
633 1571
633 1866
634 635
635 636
635 1781
635 1918
636 637
637 638
638 639
638 1751
639 640
640 641
641 642
641 1651
642 643
643 644
643 1952
644 645
645 646
646 647
646 1871
647 648
648 649
649 650
650 651
650 1520
651 652
652 653
653 654
654 655
655 656
656 657
657 658
657 1810
658 659
659 660
660 661
661 662
661 1750
662 663
662 1538
663 664
664 665
665 666
666 667
666 1553
667 668
667 1701
668 669
668 1897
669 670
670 671
671 672
672 673
673 674
674 675
675 676
676 677
677 678
677 1541
678 679
679 680
680 681
680 1683
681 682
682 683
683 684
684 685
685 686
686 687
687 688
687 1525
688 689
689 690
690 691
690 1556
691 692
691 1568
692 693
693 694
693 1693
694 695
695 696
696 697
696 1938
697 698
698 699
699 700
700 701
701 702
702 703
702 1713
703 704
703 1602
704 705
705 706
706 707
707 708
707 1658
708 709
709 710
709 1788
710 711
711 712
712 713
713 714
714 715
714 1530
714 1839
715 716
716 717
717 718
718 719
719 720
719 1761
720 721
721 722
722 723
723 724
724 725
725 726
725 1854
726 727
727 728
728 729
729 730
730 731
731 732
732 733
733 734
734 735
735 736
736 737
737 738
737 1987
738 739
738 1832
739 740
739 1560
739 1986
740 741
740 1616
741 742
742 743
743 744
743 1586
744 745
744 1639
745 746
746 747
747 748
748 749
749 750
750 751
751 752
751 1823
752 753
752 1504
753 754
754 755
755 756
756 757
757 758
758 759
758 1730
759 760
760 761
761 762
762 763
762 1769
763 764
764 765
764 1631
765 766
766 767
767 768
768 769
769 770
770 771
771 772
772 773
772 1610
773 774
774 775
775 776
776 777
776 1529
776 1719
777 778
777 1760
778 779
778 1630
779 780
780 781
781 782
782 783
783 784
783 1579
784 785
784 1573
785 786
786 787
787 788
788 789
789 790
790 791
791 792
792 793
793 794
793 1902
794 795
795 796
796 797
797 798
798 799
799 800
801 1618
801 1889
805 1703
811 1669
812 1620
814 1501
814 1740
814 1764
817 1735
818 1900
820 1668
828 1540
830 1880
832 1845
833 1547
834 1990
839 1521
839 1748
839 1857
840 1878
840 1920
841 1641
841 1808
850 1561
875 1551
876 1851
882 1595
899 1513
908 1698
908 1948
909 1574
909 1597
910 1846
913 1664
915 1752
917 1600
917 1692
919 1818
925 1559
926 1514
926 1564
926 1865
926 1933
927 1723
928 1821
931 1749
931 1950
933 1843
938 1872
946 1589
958 1852
964 1904
966 1992
967 1534
971 1648
972 1756
972 1792
973 1622
974 1815
974 1961
977 1614
983 1912
987 1709
989 1580
992 1834
1000 1767
1000 1798
1003 1759
1005 1873
1010 1924
1016 1645
1022 1695
1027 1953
1031 1699
1031 1916
1032 1647
1034 1811
1035 1656
1040 1766
1040 1831
1044 1936
1045 1958
1051 1528
1054 1545
1057 1687
1058 1724
1058 1728
1066 1581
1074 1515
1078 1913
1082 1623
1082 1797
1084 1655
1092 1673
1095 1847
1098 1994
1107 1542
1110 1875
1116 1676
1125 1859
1129 1951
1131 1970
1134 1901
1136 1802
1140 1905
1141 1592
1141 1861
1143 1696
1148 1533
1152 1590
1161 1697
1163 1634
1174 1772
1179 1519
1186 1678
1189 1527
1191 1624
1196 1704
1196 1909
1199 1569
1200 1670
1208 1890
1211 1999
1220 1825
1229 1917
1235 1619
1236 1955
1239 1763
1240 1721
1243 1644
1247 1640
1253 1628
1253 1957
1255 1643
1259 1807
1263 1572
1263 1929
1265 1926
1267 1870
1276 1652
1276 1993
1282 1842
1284 1747
1293 1563
1293 1819
1293 1954
1294 1820
1295 1705
1297 1605
1297 1679
1298 1867
1300 1922
1304 1627
1306 1778
1309 1512
1313 1935
1313 1974
1318 1557
1325 1710
1325 1734
1325 1738
1326 1934
1326 1984
1327 1886
1332 1629
1332 1691
1333 1785
1336 1968
1337 1675
1337 1965
1339 1666
1340 1660
1345 1708
1345 1717
1348 1686
1353 1543
1356 1840
1365 1827
1369 1985
1375 1663
1376 1688
1383 1814
1385 1813
1385 1837
1391 1777
1394 1812
1401 1765
1403 1598
1406 1593
1419 1582
1420 1506
1430 1971
1434 1546
1438 1894
1443 1725
1444 1816
1452 1583
1454 1711
1463 1505
1468 1570
1469 1606
1473 1824
1475 1746
1475 1753
1476 1608
1479 1862
1480 1544
1486 1599
1490 1794
1495 1804
1498 1539
1501 1983
1505 1858
1505 1998
1506 1786
1511 1516
1511 1615
1512 1939
1513 1680
1515 1942
1517 1585
1522 1869
1523 1779
1535 1720
1549 1879
1554 1707
1555 1654
1561 1665
1561 1727
1571 1800
1576 1943
1584 1806
1589 1963
1590 1944
1593 1891
1602 1694
1606 1653
1609 1887
1626 1659
1627 1805
1627 1844
1632 1731
1633 1755
1638 1817
1649 1915
1650 1715
1654 1702
1656 1803
1657 1914
1665 1966
1666 1849
1677 1682
1682 1706
1685 1959
1703 1995
1705 1877
1707 1972
1708 1790
1716 1941
1717 1988
1719 1829
1720 1782
1722 1830
1726 1733
1731 1973
1732 1741
1733 1946
1737 1773
1775 1885
1784 1828
1784 1928
1799 1949
1814 1932
1879 1956
1952 1978
