10
928
244 53 827 291 709 678 809 465 320 41 793 774 839 305 778 846 162 376 720 108 708 182 715 101 49 52 753 668 574 69 825 688 836 267 252 847 881 255 840 737 163 121 670 547 480 362 498 843 195 897 89 685 58 56 15 124 113 920 445 159 553 227 852 313 145 415 649 38 88 228 456 209 349 650 160 609 614 653 373 78 453 760 844 682 92 461 813 271 131 812 837 925 788 106 59 619 679 643 661 746 93 458 833 716 889 187 644 216 660 338 566 387 342 123 360 489 71 543 769 549 110 234 156 804 261 120 433 861 211 309 471 214 399 719 173 242 657 103 581 138 763 28 266 584 48 601 331 434 642 258 73 483 459 607 631 717 132 623 418 850 100 50 319 335 894 77 612 918 12 441 748 745 755 805 405 137 98 857 634 519 5 22 463 652 391 779 263 751 740 587 690 152 508 367 734 680 615 262 772 34 516 590 179 37 762 600 718 274 462 856 470 481 36 625 175 419 191 696 507 193 569 919 6 501 776 578 728 733 538 630 913 488 684 469 509 430 273 864 573 117 721 885 333 395 236 511 874 81 603 253 613 585 177 695 90 512 722 672 926 742 11 586 97 554 204 845 375 756 230 855 420 842 664 368 107 76 251 172 766 765 287 531 830 307 602 474 797 436 542 237 749 17 412 61 149 877 308 891 99 232 200 47 817 241 340 798 148 303 229 610 853 596 629 739 562 213 35 608 23 378 497 905 62 157 592 55 704 663 174 181 632 116 429 838 451 617 167 655 444 217 754 25 736 818 161 732 477 86 771 406 876 576 180 455 513 597 203 902 544 880 789 761 893 727 693 357 94 57 374 153 279 494 409 109 281 822 256 669 379 151 910 517 413 192 863 773 698 799 329 460 75 290 622 21 713 51 504 40 301 551 518 593 656 39 20 370 711 794 730 254 199 520 402 558 383 356 410 502 859 700 820 550 196 828 651 129 414 626 457 671 725 448 85 18 353 337 659 923 582 407 921 372 621 158 917 673 178 364 639 555 484 127 482 259 692 841 882 381 44 423 710 424 801 432 647 873 879 823 911 344 636 9 915 416 96 43 422 796 1 111 599 564 143 210 701 142 808 425 666 400 829 912 341 238 166 667 358 744 60 712 240 246 260 122 486 268 699 140 567 522 33 899 411 491 646 563 524 171 105 580 559 485 594 896 194 385 421 14 135 233 790 492 598 189 454 403 752 310 824 557 226 431 575 311 731 176 417 681 118 867 624 102 184 231 791 201 219 871 401 493 780 490 428 366 665 495 467 186 332 675 886 30 13 687 206 777 299 208 74 272 658 475 369 645 292 404 207 529 589 683 764 275 365 141 119 270 352 134 515 355 164 927 3 571 224 835 537 832 916 532 476 521 29 795 447 165 775 735 83 245 289 540 300 487 347 7 334 19 243 363 269 724 702 80 539 821 392 449 24 606 295 628 288 914 738 888 741 887 361 198 249 898 552 479 318 588 438 386 377 638 284 91 54 87 82 298 834 770 133 68 315 221 427 781 535 676 380 729 317 726 393 620 723 816 802 314 306 190 875 225 282 343 472 568 346 205 336 42 215 510 304 686 323 878 390 848 903 95 694 450 276 257 904 865 197 922 506 618 302 545 351 560 63 787 803 577 312 247 527 169 691 322 382 496 548 435 408 637 223 439 814 126 154 707 239 250 870 464 26 534 750 703 316 397 394 125 758 84 505 128 348 277 155 330 264 800 296 616 627 785 806 714 170 641 906 45 872 525 359 285 514 901 697 66 4 503 526 183 222 442 398 500 826 452 605 523 350 591 146 831 297 10 283 648 440 579 150 16 139 792 499 866 384 326 768 556 815 130 115 924 478 604 144 437 64 595 807 747 328 218 354 220 900 654 635 883 8 388 854 611 868 324 784 705 909 466 212 640 286 908 767 892 265 757 248 27 147 325 114 783 928 782 862 327 662 79 104 890 202 706 583 235 321 396 67 528 674 426 168 65 565 743 339 884 468 530 849 389 473 32 533 46 541 136 443 112 860 851 31 633 811 819 689 280 446 786 345 546 371 561 869 293 294 72 907 810 185 895 572 759 536 278 188 570 677 70 858 2
1 2
1 3
1 4
1 5
1 6
1 7
1 8
1 9
1 10
1 11
1 12
1 13
1 14
1 15
1 16
1 17
1 18
1 19
1 20
1 21
1 22
1 23
1 24
1 25
1 26
1 27
1 28
1 29
1 30
1 31
1 32
1 33
1 34
1 35
1 36
1 37
1 38
1 39
1 40
1 41
1 42
1 43
1 44
1 45
1 46
1 47
1 48
1 49
1 50
1 51
1 52
1 53
1 54
1 55
1 56
1 57
1 58
1 59
1 60
1 61
1 62
1 63
1 64
1 65
1 66
1 67
1 68
1 69
1 70
1 71
1 72
1 73
1 74
1 75
1 76
1 77
1 78
1 79
1 80
1 81
1 82
1 83
1 84
1 85
1 86
1 87
1 88
1 89
1 90
1 91
1 92
1 93
1 94
1 95
1 96
1 97
1 98
1 99
1 100
1 101
1 102
1 103
1 104
1 105
1 106
1 107
1 108
1 109
1 110
1 111
1 112
1 113
1 114
1 115
1 116
1 117
1 118
1 119
1 120
1 121
1 122
1 123
1 124
1 125
1 126
1 127
1 128
1 129
1 130
1 131
1 132
1 133
1 134
1 135
1 136
1 137
1 138
1 139
1 140
1 141
1 142
1 143
1 144
1 145
1 146
1 147
1 148
1 149
1 150
1 151
1 152
1 153
1 154
1 155
1 156
1 157
1 158
1 159
1 160
1 161
1 162
1 163
1 164
1 165
1 166
1 167
1 168
1 169
1 170
1 171
1 172
1 173
1 174
1 175
1 176
1 177
1 178
1 179
1 180
1 181
1 182
1 183
1 184
1 185
1 186
1 187
1 188
1 189
1 190
1 191
1 192
1 193
1 194
1 195
1 196
1 197
1 198
1 199
1 200
1 201
1 202
1 203
1 204
1 205
1 206
1 207
1 208
1 209
1 210
1 211
1 212
1 213
1 214
1 215
1 216
1 217
1 218
1 219
1 220
1 221
1 222
1 223
1 224
1 225
1 226
1 227
1 228
1 229
1 230
1 231
1 232
1 233
1 234
1 235
1 236
1 237
1 238
1 239
1 240
1 241
1 242
1 243
1 244
1 245
1 246
1 247
1 248
1 249
1 250
1 251
1 252
1 253
1 254
1 255
1 256
1 257
1 258
1 259
1 260
1 261
1 262
1 263
1 264
1 265
1 266
1 267
1 268
1 269
1 270
1 271
1 272
1 273
1 274
1 275
1 276
1 277
1 278
1 279
1 280
1 281
1 282
1 283
1 284
1 285
1 286
1 287
1 288
1 289
1 290
1 291
1 292
1 293
1 294
1 295
1 296
1 297
1 298
1 299
1 300
1 301
1 302
1 303
1 304
1 305
1 306
1 307
1 308
1 309
1 310
1 311
1 312
1 313
1 314
1 315
1 316
1 317
1 318
1 319
1 320
1 321
1 322
1 323
1 324
1 325
1 326
1 327
1 328
1 329
1 330
1 331
1 332
1 333
1 334
1 335
1 336
1 337
1 338
1 339
1 340
1 341
1 342
1 343
1 344
1 345
1 346
1 347
1 348
1 349
1 350
1 351
1 352
1 353
1 354
1 355
1 356
1 357
1 358
1 359
1 360
1 361
1 362
1 363
1 364
1 365
1 366
1 367
1 368
1 369
1 370
1 371
1 372
1 373
1 374
1 375
1 376
1 377
1 378
1 379
1 380
1 381
1 382
1 383
1 384
1 385
1 386
1 387
1 388
1 389
1 390
1 391
1 392
1 393
1 394
1 395
1 396
1 397
1 398
1 399
1 400
1 401
1 402
1 403
1 404
1 405
1 406
1 407
1 408
1 409
1 410
1 411
1 412
1 413
1 414
1 415
1 416
1 417
1 418
1 419
1 420
1 421
1 422
1 423
1 424
1 425
1 426
1 427
1 428
1 429
1 430
1 431
1 432
1 433
1 434
1 435
1 436
1 437
1 438
1 439
1 440
1 441
1 442
1 443
1 444
1 445
1 446
1 447
1 448
1 449
1 450
1 451
1 452
1 453
1 454
1 455
1 456
1 457
1 458
1 459
1 460
1 461
1 462
1 463
1 464
1 465
1 466
1 467
1 468
1 469
1 470
1 471
1 472
1 473
1 474
1 475
1 476
1 477
1 478
1 479
1 480
1 481
1 482
1 483
1 484
1 485
1 486
1 487
1 488
1 489
1 490
1 491
1 492
1 493
1 494
1 495
1 496
1 497
1 498
1 499
1 500
1 501
1 502
1 503
1 504
1 505
1 506
1 507
1 508
1 509
1 510
1 511
1 512
1 513
1 514
1 515
1 516
1 517
1 518
1 519
1 520
1 521
1 522
1 523
1 524
1 525
1 526
1 527
1 528
1 529
1 530
1 531
1 532
1 533
1 534
1 535
1 536
1 537
1 538
1 539
1 540
1 541
1 542
1 543
1 544
1 545
1 546
1 547
1 548
1 549
1 550
1 551
1 552
1 553
1 554
1 555
1 556
1 557
1 558
1 559
1 560
1 561
1 562
1 563
1 564
1 565
1 566
1 567
1 568
1 569
1 570
1 571
1 572
1 573
1 574
1 575
1 576
1 577
1 578
1 579
1 580
1 581
1 582
1 583
1 584
1 585
1 586
1 587
1 588
1 589
1 590
1 591
1 592
1 593
1 594
1 595
1 596
1 597
1 598
1 599
1 600
1 601
1 602
1 603
1 604
1 605
1 606
1 607
1 608
1 609
1 610
1 611
1 612
1 613
1 614
1 615
1 616
1 617
1 618
1 619
1 620
1 621
1 622
1 623
1 624
1 625
1 626
1 627
1 628
1 629
1 630
1 631
1 632
1 633
1 634
1 635
1 636
1 637
1 638
1 639
1 640
1 641
1 642
1 643
1 644
1 645
1 646
1 647
1 648
1 649
1 650
1 651
1 652
1 653
1 654
1 655
1 656
1 657
1 658
1 659
1 660
1 661
1 662
1 663
1 664
1 665
1 666
1 667
1 668
1 669
1 670
1 671
1 672
1 673
1 674
1 675
1 676
1 677
1 678
1 679
1 680
1 681
1 682
1 683
1 684
1 685
1 686
1 687
1 688
1 689
1 690
1 691
1 692
1 693
1 694
1 695
1 696
1 697
1 698
1 699
1 700
1 701
1 702
1 703
1 704
1 705
1 706
1 707
1 708
1 709
1 710
1 711
1 712
1 713
1 714
1 715
1 716
1 717
1 718
1 719
1 720
1 721
1 722
1 723
1 724
1 725
1 726
1 727
1 728
1 729
1 730
1 731
1 732
1 733
1 734
1 735
1 736
1 737
1 738
1 739
1 740
1 741
1 742
1 743
1 744
1 745
1 746
1 747
1 748
1 749
1 750
1 751
1 752
1 753
1 754
1 755
1 756
1 757
1 758
1 759
1 760
1 761
1 762
1 763
1 764
1 765
1 766
1 767
1 768
1 769
1 770
1 771
1 772
1 773
1 774
1 775
1 776
1 777
1 778
1 779
1 780
1 781
1 782
1 783
1 784
1 785
1 786
1 787
1 788
1 789
1 790
1 791
1 792
1 793
1 794
1 795
1 796
1 797
1 798
1 799
1 800
1 801
1 802
1 803
1 804
1 805
1 806
1 807
1 808
1 809
1 810
1 811
1 812
1 813
1 814
1 815
1 816
1 817
1 818
1 819
1 820
1 821
1 822
1 823
1 824
1 825
1 826
1 827
1 828
1 829
1 830
1 831
1 832
1 833
1 834
1 835
1 836
1 837
1 838
1 839
1 840
1 841
1 842
1 843
1 844
1 845
1 846
1 847
1 848
1 849
1 850
1 851
1 852
1 853
1 854
1 855
1 856
1 857
1 858
1 859
1 860
1 861
1 862
1 863
1 864
1 865
1 866
1 867
1 868
1 869
1 870
1 871
1 872
1 873
1 874
1 875
1 876
1 877
1 878
1 879
1 880
1 881
1 882
1 883
1 884
1 885
1 886
1 887
1 888
1 889
1 890
1 891
1 892
1 893
1 894
1 895
1 896
1 897
1 898
1 899
1 900
1 901
1 902
1 903
1 904
1 905
1 906
1 907
1 908
1 909
1 910
1 911
1 912
1 913
1 914
1 915
1 916
1 917
1 918
1 919
1 920
1 921
1 922
1 923
1 924
1 925
1 926
1 927
1 928
981
796 611 826 633 255 979 297 544 729 409 330 912 530 79 515 549 631 38 677 91 24 680 248 398 779 307 817 641 342 226 758 825 780 854 445 195 926 142 693 561 430 405 805 897 423 193 92 392 914 552 865 77 7 947 934 47 137 124 580 111 559 635 954 129 400 194 669 700 917 146 604 967 128 872 364 916 130 488 804 294 806 765 937 672 679 467 541 18 659 959 287 349 197 373 521 842 879 686 145 800 277 328 173 878 176 750 186 264 494 862 931 786 326 718 457 475 472 812 681 148 310 797 425 831 45 230 382 602 599 2 899 520 524 688 638 188 441 896 634 496 952 573 618 841 584 421 265 341 640 167 429 671 489 578 824 354 562 11 668 387 434 753 369 346 222 721 203 332 833 964 221 190 629 437 589 110 403 568 907 278 840 941 360 241 749 760 446 275 620 877 49 738 829 259 420 242 84 766 717 10 732 790 314 846 65 493 4 889 21 378 459 789 215 321 481 509 86 133 106 695 876 399 861 682 505 138 960 232 508 435 870 660 593 626 470 847 673 778 814 782 742 370 23 272 581 548 757 785 416 771 244 43 503 755 361 882 857 543 386 191 810 497 710 285 630 556 951 772 447 807 98 20 948 980 563 542 971 704 486 836 150 55 802 751 886 615 340 170 363 217 407 690 212 935 377 526 451 539 254 904 302 968 216 491 974 619 388 973 66 553 466 89 600 177 560 574 698 723 208 258 627 165 662 219 598 206 714 676 331 26 152 372 709 788 174 28 955 42 158 715 648 325 424 252 368 724 844 674 149 588 279 22 511 204 431 468 61 163 644 418 455 485 270 367 30 894 913 41 117 34 154 522 238 295 273 756 565 684 636 50 249 125 122 832 830 621 746 465 924 269 809 181 643 720 500 113 268 827 908 315 205 902 393 741 624 411 920 351 390 356 246 685 462 875 784 147 874 517 140 884 353 352 102 218 240 628 498 813 40 236 731 737 763 245 438 309 609 658 415 647 448 333 523 646 70 260 31 63 3 319 566 921 120 569 151 60 645 201 296 950 579 159 632 622 104 976 323 572 706 71 182 347 359 901 892 283 583 864 271 506 664 432 371 803 103 972 427 225 48 946 582 126 196 305 94 891 858 143 256 116 794 155 665 263 678 554 87 683 135 476 228 395 601 266 401 413 773 823 781 969 932 653 871 670 743 909 419 893 336 202 890 132 220 525 262 185 107 652 866 46 227 57 516 768 610 767 792 276 198 299 250 83 233 747 527 313 650 689 461 213 300 15 308 754 199 752 885 345 474 396 76 762 172 54 712 44 134 473 919 383 267 699 9 344 895 37 385 843 257 80 764 888 705 603 433 109 798 940 289 183 811 404 529 82 867 286 381 214 477 623 927 587 327 178 161 442 322 596 617 101 822 575 815 412 358 702 936 166 207 799 417 329 528 538 456 118 6 966 131 787 661 119 540 81 209 535 1 585 162 961 490 616 655 487 121 298 687 453 703 938 480 414 224 637 713 175 783 795 910 64 58 734 663 820 444 100 14 512 13 513 337 801 510 922 501 839 504 320 95 463 776 592 484 338 514 853 52 868 237 69 852 376 114 59 545 32 532 410 348 519 439 139 366 397 243 303 301 642 860 391 180 791 708 981 612 8 157 848 873 239 464 851 701 408 99 292 605 284 777 502 733 656 78 590 887 450 27 105 577 905 483 740 880 850 775 958 443 25 17 614 168 694 324 849 730 649 736 211 845 96 834 108 586 426 73 900 531 402 930 536 711 727 234 576 963 282 613 911 499 251 956 56 770 978 696 816 253 280 869 697 261 375 591 925 141 856 970 127 942 547 460 74 335 546 316 821 458 495 19 595 223 317 898 651 550 112 90 374 726 171 949 428 607 944 735 343 692 355 156 838 187 12 793 350 469 863 339 53 855 365 281 39 929 306 597 654 291 564 312 719 362 975 200 774 555 722 189 88 625 962 144 748 210 311 72 761 136 567 739 394 422 728 594 606 883 164 436 229 51 691 837 318 479 153 380 169 235 357 939 957 945 93 667 33 482 518 639 808 389 97 818 231 769 406 835 558 471 192 716 478 384 953 68 675 881 551 449 928 657 115 247 184 507 759 274 744 62 35 288 725 440 179 828 666 745 75 67 379 707 533 859 608 943 290 557 334 819 16 304 571 915 29 570 452 977 492 5 85 36 160 537 923 454 903 965 918 906 534 933 123 293
1 2
1 3
1 4
1 5
1 6
1 7
1 8
1 9
1 10
1 11
1 12
1 13
1 14
1 15
1 16
1 17
1 18
1 19
1 20
1 21
1 22
1 23
1 24
1 25
1 26
1 27
1 28
1 29
1 30
1 31
1 32
1 33
1 34
1 35
1 36
1 37
1 38
1 39
1 40
1 41
1 42
1 43
1 44
1 45
1 46
1 47
1 48
1 49
1 50
1 51
1 52
1 53
1 54
1 55
1 56
1 57
1 58
1 59
1 60
1 61
1 62
1 63
1 64
1 65
1 66
1 67
1 68
1 69
1 70
1 71
1 72
1 73
1 74
1 75
1 76
1 77
1 78
1 79
1 80
1 81
1 82
1 83
1 84
1 85
1 86
1 87
1 88
1 89
1 90
1 91
1 92
1 93
1 94
1 95
1 96
1 97
1 98
1 99
1 100
1 101
1 102
1 103
1 104
1 105
1 106
1 107
1 108
1 109
1 110
1 111
1 112
1 113
1 114
1 115
1 116
1 117
1 118
1 119
1 120
1 121
1 122
1 123
1 124
1 125
1 126
1 127
1 128
1 129
1 130
1 131
1 132
1 133
1 134
1 135
1 136
1 137
1 138
1 139
1 140
1 141
1 142
1 143
1 144
1 145
1 146
1 147
1 148
1 149
1 150
1 151
1 152
1 153
1 154
1 155
1 156
1 157
1 158
1 159
1 160
1 161
1 162
1 163
1 164
1 165
1 166
1 167
1 168
1 169
1 170
1 171
1 172
1 173
1 174
1 175
1 176
1 177
1 178
1 179
1 180
1 181
1 182
1 183
1 184
1 185
1 186
1 187
1 188
1 189
1 190
1 191
1 192
1 193
1 194
1 195
1 196
1 197
1 198
1 199
1 200
1 201
1 202
1 203
1 204
1 205
1 206
1 207
1 208
1 209
1 210
1 211
1 212
1 213
1 214
1 215
1 216
1 217
1 218
1 219
1 220
1 221
1 222
1 223
1 224
1 225
1 226
1 227
1 228
1 229
1 230
1 231
1 232
1 233
1 234
1 235
1 236
1 237
1 238
1 239
1 240
1 241
1 242
1 243
1 244
1 245
1 246
1 247
1 248
1 249
1 250
1 251
1 252
1 253
1 254
1 255
1 256
1 257
1 258
1 259
1 260
1 261
1 262
1 263
1 264
1 265
1 266
1 267
1 268
1 269
1 270
1 271
1 272
1 273
1 274
1 275
1 276
1 277
1 278
1 279
1 280
1 281
1 282
1 283
1 284
1 285
1 286
1 287
1 288
1 289
1 290
1 291
1 292
1 293
1 294
1 295
1 296
1 297
1 298
1 299
1 300
1 301
1 302
1 303
1 304
1 305
1 306
1 307
1 308
1 309
1 310
1 311
1 312
1 313
1 314
1 315
1 316
1 317
1 318
1 319
1 320
1 321
1 322
1 323
1 324
1 325
1 326
1 327
1 328
1 329
1 330
1 331
1 332
1 333
1 334
1 335
1 336
1 337
1 338
1 339
1 340
1 341
1 342
1 343
1 344
1 345
1 346
1 347
1 348
1 349
1 350
1 351
1 352
1 353
1 354
1 355
1 356
1 357
1 358
1 359
1 360
1 361
1 362
1 363
1 364
1 365
1 366
1 367
1 368
1 369
1 370
1 371
1 372
1 373
1 374
1 375
1 376
1 377
1 378
1 379
1 380
1 381
1 382
1 383
1 384
1 385
1 386
1 387
1 388
1 389
1 390
1 391
1 392
1 393
1 394
1 395
1 396
1 397
1 398
1 399
1 400
1 401
1 402
1 403
1 404
1 405
1 406
1 407
1 408
1 409
1 410
1 411
1 412
1 413
1 414
1 415
1 416
1 417
1 418
1 419
1 420
1 421
1 422
1 423
1 424
1 425
1 426
1 427
1 428
1 429
1 430
1 431
1 432
1 433
1 434
1 435
1 436
1 437
1 438
1 439
1 440
1 441
1 442
1 443
1 444
1 445
1 446
1 447
1 448
1 449
1 450
1 451
1 452
1 453
1 454
1 455
1 456
1 457
1 458
1 459
1 460
1 461
1 462
1 463
1 464
1 465
1 466
1 467
1 468
1 469
1 470
1 471
1 472
1 473
1 474
1 475
1 476
1 477
1 478
1 479
1 480
1 481
1 482
1 483
1 484
1 485
1 486
1 487
1 488
1 489
1 490
1 491
1 492
1 493
1 494
1 495
1 496
1 497
1 498
1 499
1 500
1 501
1 502
1 503
1 504
1 505
1 506
1 507
1 508
1 509
1 510
1 511
1 512
1 513
1 514
1 515
1 516
1 517
1 518
1 519
1 520
1 521
1 522
1 523
1 524
1 525
1 526
1 527
1 528
1 529
1 530
1 531
1 532
1 533
1 534
1 535
1 536
1 537
1 538
1 539
1 540
1 541
1 542
1 543
1 544
1 545
1 546
1 547
1 548
1 549
1 550
1 551
1 552
1 553
1 554
1 555
1 556
1 557
1 558
1 559
1 560
1 561
1 562
1 563
1 564
1 565
1 566
1 567
1 568
1 569
1 570
1 571
1 572
1 573
1 574
1 575
1 576
1 577
1 578
1 579
1 580
1 581
1 582
1 583
1 584
1 585
1 586
1 587
1 588
1 589
1 590
1 591
1 592
1 593
1 594
1 595
1 596
1 597
1 598
1 599
1 600
1 601
1 602
1 603
1 604
1 605
1 606
1 607
1 608
1 609
1 610
1 611
1 612
1 613
1 614
1 615
1 616
1 617
1 618
1 619
1 620
1 621
1 622
1 623
1 624
1 625
1 626
1 627
1 628
1 629
1 630
1 631
1 632
1 633
1 634
1 635
1 636
1 637
1 638
1 639
1 640
1 641
1 642
1 643
1 644
1 645
1 646
1 647
1 648
1 649
1 650
1 651
1 652
1 653
1 654
1 655
1 656
1 657
1 658
1 659
1 660
1 661
1 662
1 663
1 664
1 665
1 666
1 667
1 668
1 669
1 670
1 671
1 672
1 673
1 674
1 675
1 676
1 677
1 678
1 679
1 680
1 681
1 682
1 683
1 684
1 685
1 686
1 687
1 688
1 689
1 690
1 691
1 692
1 693
1 694
1 695
1 696
1 697
1 698
1 699
1 700
1 701
1 702
1 703
1 704
1 705
1 706
1 707
1 708
1 709
1 710
1 711
1 712
1 713
1 714
1 715
1 716
1 717
1 718
1 719
1 720
1 721
1 722
1 723
1 724
1 725
1 726
1 727
1 728
1 729
1 730
1 731
1 732
1 733
1 734
1 735
1 736
1 737
1 738
1 739
1 740
1 741
1 742
1 743
1 744
1 745
1 746
1 747
1 748
1 749
1 750
1 751
1 752
1 753
1 754
1 755
1 756
1 757
1 758
1 759
1 760
1 761
1 762
1 763
1 764
1 765
1 766
1 767
1 768
1 769
1 770
1 771
1 772
1 773
1 774
1 775
1 776
1 777
1 778
1 779
1 780
1 781
1 782
1 783
1 784
1 785
1 786
1 787
1 788
1 789
1 790
1 791
1 792
1 793
1 794
1 795
1 796
1 797
1 798
1 799
1 800
1 801
1 802
1 803
1 804
1 805
1 806
1 807
1 808
1 809
1 810
1 811
1 812
1 813
1 814
1 815
1 816
1 817
1 818
1 819
1 820
1 821
1 822
1 823
1 824
1 825
1 826
1 827
1 828
1 829
1 830
1 831
1 832
1 833
1 834
1 835
1 836
1 837
1 838
1 839
1 840
1 841
1 842
1 843
1 844
1 845
1 846
1 847
1 848
1 849
1 850
1 851
1 852
1 853
1 854
1 855
1 856
1 857
1 858
1 859
1 860
1 861
1 862
1 863
1 864
1 865
1 866
1 867
1 868
1 869
1 870
1 871
1 872
1 873
1 874
1 875
1 876
1 877
1 878
1 879
1 880
1 881
1 882
1 883
1 884
1 885
1 886
1 887
1 888
1 889
1 890
1 891
1 892
1 893
1 894
1 895
1 896
1 897
1 898
1 899
1 900
1 901
1 902
1 903
1 904
1 905
1 906
1 907
1 908
1 909
1 910
1 911
1 912
1 913
1 914
1 915
1 916
1 917
1 918
1 919
1 920
1 921
1 922
1 923
1 924
1 925
1 926
1 927
1 928
1 929
1 930
1 931
1 932
1 933
1 934
1 935
1 936
1 937
1 938
1 939
1 940
1 941
1 942
1 943
1 944
1 945
1 946
1 947
1 948
1 949
1 950
1 951
1 952
1 953
1 954
1 955
1 956
1 957
1 958
1 959
1 960
1 961
1 962
1 963
1 964
1 965
1 966
1 967
1 968
1 969
1 970
1 971
1 972
1 973
1 974
1 975
1 976
1 977
1 978
1 979
1 980
1 981
955
29 892 948 474 74 306 320 327 361 137 895 536 281 443 690 339 430 397 564 520 91 365 560 93 681 221 771 285 702 880 312 484 142 665 401 551 362 951 872 13 419 657 375 235 546 768 76 240 749 532 315 182 833 59 286 903 888 792 326 150 343 188 325 950 677 535 907 815 71 113 167 230 25 457 545 558 645 468 404 627 885 555 569 877 1 165 15 35 799 367 790 242 224 291 156 846 641 585 33 925 774 923 38 410 173 548 773 99 46 528 201 319 66 390 459 22 656 463 82 863 822 478 607 442 181 330 86 719 169 275 229 413 592 519 393 151 476 539 594 490 716 215 304 904 722 550 479 947 616 630 651 504 135 953 264 721 899 543 849 402 669 557 449 819 451 28 79 890 164 654 314 94 322 485 460 637 856 783 506 17 465 672 329 809 50 766 758 111 934 868 900 541 598 534 80 611 456 837 248 448 629 353 67 559 158 95 202 847 423 21 813 802 663 2 727 711 23 926 552 400 41 720 363 303 228 796 816 31 243 700 387 196 851 708 118 162 214 492 464 432 324 805 238 879 878 507 406 643 360 941 279 210 53 743 408 260 157 580 447 251 671 753 146 170 263 425 458 254 728 128 311 388 740 583 124 177 902 160 913 51 918 192 88 697 655 757 358 725 16 213 127 261 40 489 30 256 853 20 389 54 841 12 858 618 258 482 524 383 642 602 797 355 549 581 109 396 487 689 223 259 787 253 289 887 518 834 417 296 840 386 200 667 491 6 222 562 604 640 90 437 429 57 81 586 193 694 287 96 673 418 138 349 384 538 122 525 409 649 572 679 738 886 220 893 829 249 357 814 553 7 133 422 785 696 163 826 486 709 566 670 494 901 61 265 290 335 800 945 867 944 896 250 514 739 876 614 521 561 152 293 912 179 674 842 916 748 68 350 266 3 855 526 623 954 590 662 650 234 174 587 247 801 889 107 628 939 85 924 726 625 554 72 599 462 660 403 911 313 186 686 154 211 336 704 252 440 688 97 469 527 597 921 10 568 730 273 34 624 132 338 467 620 477 495 391 48 373 136 588 112 203 455 789 226 55 832 869 184 424 209 380 798 712 145 377 644 533 762 392 803 354 639 770 908 219 359 808 871 522 341 378 340 317 372 574 444 180 675 932 125 778 56 8 439 922 47 283 295 332 865 517 483 241 513 472 328 652 121 755 500 531 875 376 729 943 510 915 621 919 278 110 58 141 305 131 212 98 453 646 724 733 605 547 827 345 333 715 441 114 910 78 337 421 537 508 276 864 914 750 747 498 185 382 938 940 804 60 596 64 898 310 414 635 734 83 845 11 823 379 830 176 216 271 661 683 791 857 687 578 206 571 405 736 9 148 937 147 246 415 600 781 563 63 776 89 591 183 208 115 843 368 544 102 92 197 416 205 613 100 542 692 18 653 777 844 466 262 582 648 272 14 428 806 817 187 502 352 297 668 454 746 706 191 763 346 87 891 288 130 828 194 825 744 52 818 62 411 298 731 946 707 723 659 398 497 399 117 471 529 737 567 426 850 509 742 245 488 820 579 795 881 69 516 36 143 347 257 685 666 269 207 155 356 703 836 190 920 218 280 149 470 952 676 603 936 199 503 732 883 431 26 909 882 4 631 166 452 140 134 769 838 751 318 530 344 323 450 577 159 636 331 698 129 735 420 874 301 684 24 348 821 955 760 395 647 870 949 43 175 718 461 619 37 446 576 427 610 608 835 779 691 860 108 556 231 664 351 407 19 633 906 511 761 65 84 565 848 693 371 316 172 575 515 101 617 232 589 5 70 601 294 270 103 139 897 884 927 523 300 839 385 198 370 710 364 366 570 334 481 435 237 438 302 75 225 473 105 189 584 505 852 714 741 369 308 699 236 861 501 873 765 394 788 831 381 445 309 42 764 168 622 933 39 615 282 104 573 267 244 233 935 931 321 126 499 680 793 342 606 894 73 268 45 284 475 171 144 713 299 859 705 496 780 695 767 786 436 239 678 77 930 123 775 772 634 928 512 759 609 752 374 593 217 782 612 638 595 153 807 854 810 307 917 756 434 626 255 717 794 658 433 195 412 161 44 929 745 32 274 540 824 480 49 227 106 178 119 277 632 866 784 811 292 905 27 942 754 493 701 116 812 204 120 862 682
1 2
1 3
1 4
1 5
1 6
1 7
1 8
1 9
1 10
1 11
1 12
1 13
1 14
1 15
1 16
1 17
1 18
1 19
1 20
1 21
1 22
1 23
1 24
1 25
1 26
1 27
1 28
1 29
1 30
1 31
1 32
1 33
1 34
1 35
1 36
1 37
1 38
1 39
1 40
1 41
1 42
1 43
1 44
1 45
1 46
1 47
1 48
1 49
1 50
1 51
1 52
1 53
1 54
1 55
1 56
1 57
1 58
1 59
1 60
1 61
1 62
1 63
1 64
1 65
1 66
1 67
1 68
1 69
1 70
1 71
1 72
1 73
1 74
1 75
1 76
1 77
1 78
1 79
1 80
1 81
1 82
1 83
1 84
1 85
1 86
1 87
1 88
1 89
1 90
1 91
1 92
1 93
1 94
1 95
1 96
1 97
1 98
1 99
1 100
1 101
1 102
1 103
1 104
1 105
1 106
1 107
1 108
1 109
1 110
1 111
1 112
1 113
1 114
1 115
1 116
1 117
1 118
1 119
1 120
1 121
1 122
1 123
1 124
1 125
1 126
1 127
1 128
1 129
1 130
1 131
1 132
1 133
1 134
1 135
1 136
1 137
1 138
1 139
1 140
1 141
1 142
1 143
1 144
1 145
1 146
1 147
1 148
1 149
1 150
1 151
1 152
1 153
1 154
1 155
1 156
1 157
1 158
1 159
1 160
1 161
1 162
1 163
1 164
1 165
1 166
1 167
1 168
1 169
1 170
1 171
1 172
1 173
1 174
1 175
1 176
1 177
1 178
1 179
1 180
1 181
1 182
1 183
1 184
1 185
1 186
1 187
1 188
1 189
1 190
1 191
1 192
1 193
1 194
1 195
1 196
1 197
1 198
1 199
1 200
1 201
1 202
1 203
1 204
1 205
1 206
1 207
1 208
1 209
1 210
1 211
1 212
1 213
1 214
1 215
1 216
1 217
1 218
1 219
1 220
1 221
1 222
1 223
1 224
1 225
1 226
1 227
1 228
1 229
1 230
1 231
1 232
1 233
1 234
1 235
1 236
1 237
1 238
1 239
1 240
1 241
1 242
1 243
1 244
1 245
1 246
1 247
1 248
1 249
1 250
1 251
1 252
1 253
1 254
1 255
1 256
1 257
1 258
1 259
1 260
1 261
1 262
1 263
1 264
1 265
1 266
1 267
1 268
1 269
1 270
1 271
1 272
1 273
1 274
1 275
1 276
1 277
1 278
1 279
1 280
1 281
1 282
1 283
1 284
1 285
1 286
1 287
1 288
1 289
1 290
1 291
1 292
1 293
1 294
1 295
1 296
1 297
1 298
1 299
1 300
1 301
1 302
1 303
1 304
1 305
1 306
1 307
1 308
1 309
1 310
1 311
1 312
1 313
1 314
1 315
1 316
1 317
1 318
1 319
1 320
1 321
1 322
1 323
1 324
1 325
1 326
1 327
1 328
1 329
1 330
1 331
1 332
1 333
1 334
1 335
1 336
1 337
1 338
1 339
1 340
1 341
1 342
1 343
1 344
1 345
1 346
1 347
1 348
1 349
1 350
1 351
1 352
1 353
1 354
1 355
1 356
1 357
1 358
1 359
1 360
1 361
1 362
1 363
1 364
1 365
1 366
1 367
1 368
1 369
1 370
1 371
1 372
1 373
1 374
1 375
1 376
1 377
1 378
1 379
1 380
1 381
1 382
1 383
1 384
1 385
1 386
1 387
1 388
1 389
1 390
1 391
1 392
1 393
1 394
1 395
1 396
1 397
1 398
1 399
1 400
1 401
1 402
1 403
1 404
1 405
1 406
1 407
1 408
1 409
1 410
1 411
1 412
1 413
1 414
1 415
1 416
1 417
1 418
1 419
1 420
1 421
1 422
1 423
1 424
1 425
1 426
1 427
1 428
1 429
1 430
1 431
1 432
1 433
1 434
1 435
1 436
1 437
1 438
1 439
1 440
1 441
1 442
1 443
1 444
1 445
1 446
1 447
1 448
1 449
1 450
1 451
1 452
1 453
1 454
1 455
1 456
1 457
1 458
1 459
1 460
1 461
1 462
1 463
1 464
1 465
1 466
1 467
1 468
1 469
1 470
1 471
1 472
1 473
1 474
1 475
1 476
1 477
1 478
1 479
1 480
1 481
1 482
1 483
1 484
1 485
1 486
1 487
1 488
1 489
1 490
1 491
1 492
1 493
1 494
1 495
1 496
1 497
1 498
1 499
1 500
1 501
1 502
1 503
1 504
1 505
1 506
1 507
1 508
1 509
1 510
1 511
1 512
1 513
1 514
1 515
1 516
1 517
1 518
1 519
1 520
1 521
1 522
1 523
1 524
1 525
1 526
1 527
1 528
1 529
1 530
1 531
1 532
1 533
1 534
1 535
1 536
1 537
1 538
1 539
1 540
1 541
1 542
1 543
1 544
1 545
1 546
1 547
1 548
1 549
1 550
1 551
1 552
1 553
1 554
1 555
1 556
1 557
1 558
1 559
1 560
1 561
1 562
1 563
1 564
1 565
1 566
1 567
1 568
1 569
1 570
1 571
1 572
1 573
1 574
1 575
1 576
1 577
1 578
1 579
1 580
1 581
1 582
1 583
1 584
1 585
1 586
1 587
1 588
1 589
1 590
1 591
1 592
1 593
1 594
1 595
1 596
1 597
1 598
1 599
1 600
1 601
1 602
1 603
1 604
1 605
1 606
1 607
1 608
1 609
1 610
1 611
1 612
1 613
1 614
1 615
1 616
1 617
1 618
1 619
1 620
1 621
1 622
1 623
1 624
1 625
1 626
1 627
1 628
1 629
1 630
1 631
1 632
1 633
1 634
1 635
1 636
1 637
1 638
1 639
1 640
1 641
1 642
1 643
1 644
1 645
1 646
1 647
1 648
1 649
1 650
1 651
1 652
1 653
1 654
1 655
1 656
1 657
1 658
1 659
1 660
1 661
1 662
1 663
1 664
1 665
1 666
1 667
1 668
1 669
1 670
1 671
1 672
1 673
1 674
1 675
1 676
1 677
1 678
1 679
1 680
1 681
1 682
1 683
1 684
1 685
1 686
1 687
1 688
1 689
1 690
1 691
1 692
1 693
1 694
1 695
1 696
1 697
1 698
1 699
1 700
1 701
1 702
1 703
1 704
1 705
1 706
1 707
1 708
1 709
1 710
1 711
1 712
1 713
1 714
1 715
1 716
1 717
1 718
1 719
1 720
1 721
1 722
1 723
1 724
1 725
1 726
1 727
1 728
1 729
1 730
1 731
1 732
1 733
1 734
1 735
1 736
1 737
1 738
1 739
1 740
1 741
1 742
1 743
1 744
1 745
1 746
1 747
1 748
1 749
1 750
1 751
1 752
1 753
1 754
1 755
1 756
1 757
1 758
1 759
1 760
1 761
1 762
1 763
1 764
1 765
1 766
1 767
1 768
1 769
1 770
1 771
1 772
1 773
1 774
1 775
1 776
1 777
1 778
1 779
1 780
1 781
1 782
1 783
1 784
1 785
1 786
1 787
1 788
1 789
1 790
1 791
1 792
1 793
1 794
1 795
1 796
1 797
1 798
1 799
1 800
1 801
1 802
1 803
1 804
1 805
1 806
1 807
1 808
1 809
1 810
1 811
1 812
1 813
1 814
1 815
1 816
1 817
1 818
1 819
1 820
1 821
1 822
1 823
1 824
1 825
1 826
1 827
1 828
1 829
1 830
1 831
1 832
1 833
1 834
1 835
1 836
1 837
1 838
1 839
1 840
1 841
1 842
1 843
1 844
1 845
1 846
1 847
1 848
1 849
1 850
1 851
1 852
1 853
1 854
1 855
1 856
1 857
1 858
1 859
1 860
1 861
1 862
1 863
1 864
1 865
1 866
1 867
1 868
1 869
1 870
1 871
1 872
1 873
1 874
1 875
1 876
1 877
1 878
1 879
1 880
1 881
1 882
1 883
1 884
1 885
1 886
1 887
1 888
1 889
1 890
1 891
1 892
1 893
1 894
1 895
1 896
1 897
1 898
1 899
1 900
1 901
1 902
1 903
1 904
1 905
1 906
1 907
1 908
1 909
1 910
1 911
1 912
1 913
1 914
1 915
1 916
1 917
1 918
1 919
1 920
1 921
1 922
1 923
1 924
1 925
1 926
1 927
1 928
1 929
1 930
1 931
1 932
1 933
1 934
1 935
1 936
1 937
1 938
1 939
1 940
1 941
1 942
1 943
1 944
1 945
1 946
1 947
1 948
1 949
1 950
1 951
1 952
1 953
1 954
1 955
951
777 769 140 410 241 105 175 685 284 379 617 374 435 208 798 182 378 235 87 276 40 246 320 358 736 373 945 214 826 463 855 439 369 271 103 785 552 720 664 198 250 139 18 706 812 836 838 57 249 673 687 384 882 275 688 319 420 557 133 41 594 349 570 809 20 303 885 876 641 273 695 701 98 774 196 519 448 382 335 700 662 146 433 867 844 941 123 748 528 937 194 38 676 255 739 537 318 734 469 576 502 361 85 468 199 804 455 628 880 920 507 472 930 839 177 554 225 571 201 71 434 847 874 332 127 582 337 24 579 83 859 890 11 770 181 4 784 451 166 126 54 905 494 6 286 840 727 723 793 799 442 513 377 106 311 259 811 342 339 921 566 523 329 356 317 762 884 642 747 527 588 265 818 325 752 117 932 916 753 735 254 643 652 942 100 264 725 504 193 873 210 677 274 76 833 909 62 766 149 778 620 315 370 946 951 161 789 283 154 864 489 132 536 131 157 671 125 790 904 261 141 396 499 668 136 272 16 187 948 93 292 114 221 427 757 925 732 792 488 15 659 697 853 477 355 939 288 301 52 710 134 464 218 654 219 849 401 524 829 437 97 682 34 837 438 832 923 551 388 362 898 866 328 10 722 59 857 120 330 591 334 797 783 56 510 684 405 590 197 918 696 605 746 601 485 773 170 45 393 731 711 416 539 112 607 58 206 350 397 715 195 780 615 290 883 559 191 256 821 247 192 107 521 426 860 5 550 269 312 556 29 638 162 9 2 655 530 37 266 532 760 651 156 808 667 381 441 305 919 44 158 167 497 176 679 102 741 347 224 46 707 878 716 900 678 525 693 908 726 807 60 91 73 404 354 730 94 545 674 592 544 30 130 462 690 61 119 183 631 825 1 699 138 169 482 603 326 718 764 627 728 160 423 505 626 665 171 457 719 240 152 800 202 359 26 7 913 875 584 36 389 578 309 564 634 387 858 216 296 220 454 151 796 430 824 19 443 816 411 637 178 63 165 633 917 751 724 69 287 522 877 299 99 431 78 484 417 686 212 613 475 540 886 184 310 51 407 729 75 772 327 96 888 39 12 115 302 258 830 113 943 801 938 894 172 104 763 82 560 843 632 124 572 709 506 174 490 644 619 306 814 118 854 64 740 398 368 253 211 670 512 348 511 376 518 827 372 446 331 25 238 852 775 159 70 459 653 694 137 625 608 232 721 542 447 563 881 767 458 28 585 144 779 755 703 495 863 750 493 672 180 383 558 470 233 663 810 781 129 300 944 418 478 568 776 602 122 244 820 440 293 583 666 371 842 771 910 421 49 950 487 691 926 658 786 515 593 229 415 33 217 185 899 765 278 316 179 230 845 795 846 856 649 153 243 498 363 788 912 803 357 228 43 200 231 109 598 111 234 295 862 341 742 714 933 600 611 47 934 848 449 465 927 32 135 574 480 173 263 733 609 891 429 597 897 452 466 270 868 50 704 282 650 207 949 906 189 516 879 456 281 573 761 618 787 346 471 534 577 491 548 604 226 236 768 692 163 8 227 813 806 657 385 614 297 55 352 436 65 758 929 81 242 461 624 661 147 338 333 267 399 717 586 277 531 68 681 501 395 561 204 698 756 89 95 237 895 304 503 629 533 412 902 737 481 589 901 794 402 903 861 400 479 450 520 935 546 343 823 689 887 547 298 911 835 121 345 86 474 947 555 203 565 543 467 851 529 896 553 931 413 850 308 428 621 599 365 386 834 403 639 424 444 509 569 22 394 294 646 90 616 252 42 892 743 445 116 549 188 23 257 260 13 635 483 645 705 79 251 213 155 738 893 336 92 392 636 84 680 708 712 148 872 322 17 623 414 508 606 595 865 460 364 841 802 580 390 535 313 749 14 279 514 669 922 581 205 72 610 321 143 340 245 622 408 476 517 375 940 596 432 936 567 88 675 492 291 422 285 164 819 500 35 562 924 791 870 67 80 915 541 367 215 142 744 262 648 822 101 409 640 380 486 815 66 186 110 391 406 31 27 289 702 745 168 77 869 150 344 223 496 280 575 538 713 48 209 3 21 683 656 630 128 754 907 831 307 660 889 647 782 871 817 759 53 473 190 353 145 360 366 314 805 928 74 453 268 419 239 526 612 425 351 324 108 323 248 587 222 828 914
1 2
1 3
1 4
1 5
1 6
1 7
1 8
1 9
1 10
1 11
1 12
1 13
1 14
1 15
1 16
1 17
1 18
1 19
1 20
1 21
1 22
1 23
1 24
1 25
1 26
1 27
1 28
1 29
1 30
1 31
1 32
1 33
1 34
1 35
1 36
1 37
1 38
1 39
1 40
1 41
1 42
1 43
1 44
1 45
1 46
1 47
1 48
1 49
1 50
1 51
1 52
1 53
1 54
1 55
1 56
1 57
1 58
1 59
1 60
1 61
1 62
1 63
1 64
1 65
1 66
1 67
1 68
1 69
1 70
1 71
1 72
1 73
1 74
1 75
1 76
1 77
1 78
1 79
1 80
1 81
1 82
1 83
1 84
1 85
1 86
1 87
1 88
1 89
1 90
1 91
1 92
1 93
1 94
1 95
1 96
1 97
1 98
1 99
1 100
1 101
1 102
1 103
1 104
1 105
1 106
1 107
1 108
1 109
1 110
1 111
1 112
1 113
1 114
1 115
1 116
1 117
1 118
1 119
1 120
1 121
1 122
1 123
1 124
1 125
1 126
1 127
1 128
1 129
1 130
1 131
1 132
1 133
1 134
1 135
1 136
1 137
1 138
1 139
1 140
1 141
1 142
1 143
1 144
1 145
1 146
1 147
1 148
1 149
1 150
1 151
1 152
1 153
1 154
1 155
1 156
1 157
1 158
1 159
1 160
1 161
1 162
1 163
1 164
1 165
1 166
1 167
1 168
1 169
1 170
1 171
1 172
1 173
1 174
1 175
1 176
1 177
1 178
1 179
1 180
1 181
1 182
1 183
1 184
1 185
1 186
1 187
1 188
1 189
1 190
1 191
1 192
1 193
1 194
1 195
1 196
1 197
1 198
1 199
1 200
1 201
1 202
1 203
1 204
1 205
1 206
1 207
1 208
1 209
1 210
1 211
1 212
1 213
1 214
1 215
1 216
1 217
1 218
1 219
1 220
1 221
1 222
1 223
1 224
1 225
1 226
1 227
1 228
1 229
1 230
1 231
1 232
1 233
1 234
1 235
1 236
1 237
1 238
1 239
1 240
1 241
1 242
1 243
1 244
1 245
1 246
1 247
1 248
1 249
1 250
1 251
1 252
1 253
1 254
1 255
1 256
1 257
1 258
1 259
1 260
1 261
1 262
1 263
1 264
1 265
1 266
1 267
1 268
1 269
1 270
1 271
1 272
1 273
1 274
1 275
1 276
1 277
1 278
1 279
1 280
1 281
1 282
1 283
1 284
1 285
1 286
1 287
1 288
1 289
1 290
1 291
1 292
1 293
1 294
1 295
1 296
1 297
1 298
1 299
1 300
1 301
1 302
1 303
1 304
1 305
1 306
1 307
1 308
1 309
1 310
1 311
1 312
1 313
1 314
1 315
1 316
1 317
1 318
1 319
1 320
1 321
1 322
1 323
1 324
1 325
1 326
1 327
1 328
1 329
1 330
1 331
1 332
1 333
1 334
1 335
1 336
1 337
1 338
1 339
1 340
1 341
1 342
1 343
1 344
1 345
1 346
1 347
1 348
1 349
1 350
1 351
1 352
1 353
1 354
1 355
1 356
1 357
1 358
1 359
1 360
1 361
1 362
1 363
1 364
1 365
1 366
1 367
1 368
1 369
1 370
1 371
1 372
1 373
1 374
1 375
1 376
1 377
1 378
1 379
1 380
1 381
1 382
1 383
1 384
1 385
1 386
1 387
1 388
1 389
1 390
1 391
1 392
1 393
1 394
1 395
1 396
1 397
1 398
1 399
1 400
1 401
1 402
1 403
1 404
1 405
1 406
1 407
1 408
1 409
1 410
1 411
1 412
1 413
1 414
1 415
1 416
1 417
1 418
1 419
1 420
1 421
1 422
1 423
1 424
1 425
1 426
1 427
1 428
1 429
1 430
1 431
1 432
1 433
1 434
1 435
1 436
1 437
1 438
1 439
1 440
1 441
1 442
1 443
1 444
1 445
1 446
1 447
1 448
1 449
1 450
1 451
1 452
1 453
1 454
1 455
1 456
1 457
1 458
1 459
1 460
1 461
1 462
1 463
1 464
1 465
1 466
1 467
1 468
1 469
1 470
1 471
1 472
1 473
1 474
1 475
1 476
1 477
1 478
1 479
1 480
1 481
1 482
1 483
1 484
1 485
1 486
1 487
1 488
1 489
1 490
1 491
1 492
1 493
1 494
1 495
1 496
1 497
1 498
1 499
1 500
1 501
1 502
1 503
1 504
1 505
1 506
1 507
1 508
1 509
1 510
1 511
1 512
1 513
1 514
1 515
1 516
1 517
1 518
1 519
1 520
1 521
1 522
1 523
1 524
1 525
1 526
1 527
1 528
1 529
1 530
1 531
1 532
1 533
1 534
1 535
1 536
1 537
1 538
1 539
1 540
1 541
1 542
1 543
1 544
1 545
1 546
1 547
1 548
1 549
1 550
1 551
1 552
1 553
1 554
1 555
1 556
1 557
1 558
1 559
1 560
1 561
1 562
1 563
1 564
1 565
1 566
1 567
1 568
1 569
1 570
1 571
1 572
1 573
1 574
1 575
1 576
1 577
1 578
1 579
1 580
1 581
1 582
1 583
1 584
1 585
1 586
1 587
1 588
1 589
1 590
1 591
1 592
1 593
1 594
1 595
1 596
1 597
1 598
1 599
1 600
1 601
1 602
1 603
1 604
1 605
1 606
1 607
1 608
1 609
1 610
1 611
1 612
1 613
1 614
1 615
1 616
1 617
1 618
1 619
1 620
1 621
1 622
1 623
1 624
1 625
1 626
1 627
1 628
1 629
1 630
1 631
1 632
1 633
1 634
1 635
1 636
1 637
1 638
1 639
1 640
1 641
1 642
1 643
1 644
1 645
1 646
1 647
1 648
1 649
1 650
1 651
1 652
1 653
1 654
1 655
1 656
1 657
1 658
1 659
1 660
1 661
1 662
1 663
1 664
1 665
1 666
1 667
1 668
1 669
1 670
1 671
1 672
1 673
1 674
1 675
1 676
1 677
1 678
1 679
1 680
1 681
1 682
1 683
1 684
1 685
1 686
1 687
1 688
1 689
1 690
1 691
1 692
1 693
1 694
1 695
1 696
1 697
1 698
1 699
1 700
1 701
1 702
1 703
1 704
1 705
1 706
1 707
1 708
1 709
1 710
1 711
1 712
1 713
1 714
1 715
1 716
1 717
1 718
1 719
1 720
1 721
1 722
1 723
1 724
1 725
1 726
1 727
1 728
1 729
1 730
1 731
1 732
1 733
1 734
1 735
1 736
1 737
1 738
1 739
1 740
1 741
1 742
1 743
1 744
1 745
1 746
1 747
1 748
1 749
1 750
1 751
1 752
1 753
1 754
1 755
1 756
1 757
1 758
1 759
1 760
1 761
1 762
1 763
1 764
1 765
1 766
1 767
1 768
1 769
1 770
1 771
1 772
1 773
1 774
1 775
1 776
1 777
1 778
1 779
1 780
1 781
1 782
1 783
1 784
1 785
1 786
1 787
1 788
1 789
1 790
1 791
1 792
1 793
1 794
1 795
1 796
1 797
1 798
1 799
1 800
1 801
1 802
1 803
1 804
1 805
1 806
1 807
1 808
1 809
1 810
1 811
1 812
1 813
1 814
1 815
1 816
1 817
1 818
1 819
1 820
1 821
1 822
1 823
1 824
1 825
1 826
1 827
1 828
1 829
1 830
1 831
1 832
1 833
1 834
1 835
1 836
1 837
1 838
1 839
1 840
1 841
1 842
1 843
1 844
1 845
1 846
1 847
1 848
1 849
1 850
1 851
1 852
1 853
1 854
1 855
1 856
1 857
1 858
1 859
1 860
1 861
1 862
1 863
1 864
1 865
1 866
1 867
1 868
1 869
1 870
1 871
1 872
1 873
1 874
1 875
1 876
1 877
1 878
1 879
1 880
1 881
1 882
1 883
1 884
1 885
1 886
1 887
1 888
1 889
1 890
1 891
1 892
1 893
1 894
1 895
1 896
1 897
1 898
1 899
1 900
1 901
1 902
1 903
1 904
1 905
1 906
1 907
1 908
1 909
1 910
1 911
1 912
1 913
1 914
1 915
1 916
1 917
1 918
1 919
1 920
1 921
1 922
1 923
1 924
1 925
1 926
1 927
1 928
1 929
1 930
1 931
1 932
1 933
1 934
1 935
1 936
1 937
1 938
1 939
1 940
1 941
1 942
1 943
1 944
1 945
1 946
1 947
1 948
1 949
1 950
1 951
948
311 477 246 216 231 819 48 890 300 355 785 373 643 105 412 341 497 135 98 681 145 27 119 32 631 791 452 700 944 723 432 79 185 925 53 829 219 574 230 54 264 565 655 814 610 526 666 203 884 506 333 170 340 887 237 529 945 456 881 63 566 448 256 465 587 356 117 139 281 877 224 142 579 636 196 287 713 736 738 766 898 549 599 709 849 366 878 382 808 934 329 897 556 614 193 761 678 288 521 635 41 907 512 87 701 923 414 870 651 81 234 405 718 3 322 49 262 225 758 586 178 294 235 912 630 280 434 210 51 665 922 424 502 911 253 124 667 569 148 303 479 350 362 436 914 189 663 813 748 588 702 561 96 942 778 567 207 112 746 360 84 762 562 926 56 197 637 472 184 401 328 523 438 106 570 86 241 89 792 618 482 885 621 136 292 435 740 458 198 815 787 25 704 26 938 941 840 317 900 812 917 38 291 481 55 687 252 342 177 834 397 168 388 615 126 227 378 695 361 593 194 358 769 471 404 490 576 24 138 182 161 260 83 476 920 789 536 904 439 8 188 658 851 289 604 180 431 591 597 474 407 449 937 389 175 801 279 540 788 45 623 40 697 372 598 469 122 314 454 611 107 202 286 888 628 191 827 255 946 677 889 722 394 321 238 274 822 675 694 478 551 603 236 544 800 929 440 790 861 95 206 573 326 411 363 473 680 248 94 239 590 715 383 423 632 503 444 806 233 66 74 46 29 749 899 724 858 420 121 73 816 217 442 500 510 443 786 421 539 729 302 214 37 710 854 835 624 595 190 796 705 82 468 323 353 240 774 728 391 779 131 531 553 10 867 874 50 903 127 820 169 906 220 154 511 811 99 891 924 172 735 312 244 12 515 36 716 76 258 460 200 114 464 249 793 594 868 880 647 162 417 652 659 807 605 134 600 767 703 756 284 18 568 706 450 201 545 602 186 418 522 845 823 664 65 777 275 896 205 629 334 737 151 160 283 68 44 318 6 894 640 187 626 552 863 215 9 229 156 760 93 886 1 415 584 370 654 832 52 668 642 493 371 30 455 720 133 798 770 165 384 550 850 846 699 726 419 402 368 228 622 61 331 797 727 466 498 64 821 430 266 505 39 90 679 365 908 484 359 247 364 619 33 627 416 862 42 204 209 535 657 7 869 62 223 268 528 682 179 88 155 153 16 712 60 425 163 844 166 717 409 85 357 837 393 763 429 592 596 781 267 690 243 144 208 633 351 577 931 496 673 836 343 559 872 113 70 141 14 475 776 4 103 871 601 804 875 110 693 842 174 354 571 901 410 269 92 919 755 745 607 507 23 299 513 441 843 751 485 530 295 489 620 192 939 129 5 195 213 69 316 852 47 564 337 860 784 612 645 646 747 518 72 771 22 805 282 396 714 149 427 13 613 296 212 457 265 345 928 548 132 676 451 558 422 487 80 28 698 780 152 222 461 719 437 470 775 120 305 173 817 400 833 909 116 183 504 930 176 259 688 75 733 276 403 349 757 525 150 803 367 533 692 20 330 408 892 609 413 77 608 97 541 641 509 147 857 111 617 520 459 313 462 879 927 772 660 426 918 831 514 943 157 115 386 707 34 17 380 167 847 732 19 838 913 488 708 739 319 159 492 332 348 824 517 352 67 742 324 731 158 347 199 752 933 278 809 137 140 290 257 616 480 263 650 211 508 853 446 516 883 381 35 656 483 582 583 669 685 254 818 864 696 232 547 606 43 670 128 104 270 467 721 754 181 123 585 285 905 118 315 130 537 638 689 882 447 841 21 810 876 273 538 486 309 560 741 661 344 320 392 826 143 495 308 242 218 848 750 783 491 338 433 101 100 71 398 575 377 376 501 91 250 856 948 940 672 293 625 325 57 554 271 855 78 306 782 557 773 581 711 639 743 399 251 298 2 589 102 327 653 346 534 764 301 799 304 406 385 125 542 31 221 671 339 524 369 546 335 395 866 947 634 644 494 379 730 683 578 649 734 171 108 11 686 527 543 662 580 725 15 555 164 936 572 915 935 648 859 307 825 932 375 768 910 245 795 563 336 895 765 921 445 916 272 277 374 109 865 226 310 146 753 802 674 387 893 59 463 261 691 744 794 839 428 297 453 828 519 532 684 873 902 759 390 58 499 830
1 2
1 3
1 4
1 5
1 6
1 7
1 8
1 9
1 10
1 11
1 12
1 13
1 14
1 15
1 16
1 17
1 18
1 19
1 20
1 21
1 22
1 23
1 24
1 25
1 26
1 27
1 28
1 29
1 30
1 31
1 32
1 33
1 34
1 35
1 36
1 37
1 38
1 39
1 40
1 41
1 42
1 43
1 44
1 45
1 46
1 47
1 48
1 49
1 50
1 51
1 52
1 53
1 54
1 55
1 56
1 57
1 58
1 59
1 60
1 61
1 62
1 63
1 64
1 65
1 66
1 67
1 68
1 69
1 70
1 71
1 72
1 73
1 74
1 75
1 76
1 77
1 78
1 79
1 80
1 81
1 82
1 83
1 84
1 85
1 86
1 87
1 88
1 89
1 90
1 91
1 92
1 93
1 94
1 95
1 96
1 97
1 98
1 99
1 100
1 101
1 102
1 103
1 104
1 105
1 106
1 107
1 108
1 109
1 110
1 111
1 112
1 113
1 114
1 115
1 116
1 117
1 118
1 119
1 120
1 121
1 122
1 123
1 124
1 125
1 126
1 127
1 128
1 129
1 130
1 131
1 132
1 133
1 134
1 135
1 136
1 137
1 138
1 139
1 140
1 141
1 142
1 143
1 144
1 145
1 146
1 147
1 148
1 149
1 150
1 151
1 152
1 153
1 154
1 155
1 156
1 157
1 158
1 159
1 160
1 161
1 162
1 163
1 164
1 165
1 166
1 167
1 168
1 169
1 170
1 171
1 172
1 173
1 174
1 175
1 176
1 177
1 178
1 179
1 180
1 181
1 182
1 183
1 184
1 185
1 186
1 187
1 188
1 189
1 190
1 191
1 192
1 193
1 194
1 195
1 196
1 197
1 198
1 199
1 200
1 201
1 202
1 203
1 204
1 205
1 206
1 207
1 208
1 209
1 210
1 211
1 212
1 213
1 214
1 215
1 216
1 217
1 218
1 219
1 220
1 221
1 222
1 223
1 224
1 225
1 226
1 227
1 228
1 229
1 230
1 231
1 232
1 233
1 234
1 235
1 236
1 237
1 238
1 239
1 240
1 241
1 242
1 243
1 244
1 245
1 246
1 247
1 248
1 249
1 250
1 251
1 252
1 253
1 254
1 255
1 256
1 257
1 258
1 259
1 260
1 261
1 262
1 263
1 264
1 265
1 266
1 267
1 268
1 269
1 270
1 271
1 272
1 273
1 274
1 275
1 276
1 277
1 278
1 279
1 280
1 281
1 282
1 283
1 284
1 285
1 286
1 287
1 288
1 289
1 290
1 291
1 292
1 293
1 294
1 295
1 296
1 297
1 298
1 299
1 300
1 301
1 302
1 303
1 304
1 305
1 306
1 307
1 308
1 309
1 310
1 311
1 312
1 313
1 314
1 315
1 316
1 317
1 318
1 319
1 320
1 321
1 322
1 323
1 324
1 325
1 326
1 327
1 328
1 329
1 330
1 331
1 332
1 333
1 334
1 335
1 336
1 337
1 338
1 339
1 340
1 341
1 342
1 343
1 344
1 345
1 346
1 347
1 348
1 349
1 350
1 351
1 352
1 353
1 354
1 355
1 356
1 357
1 358
1 359
1 360
1 361
1 362
1 363
1 364
1 365
1 366
1 367
1 368
1 369
1 370
1 371
1 372
1 373
1 374
1 375
1 376
1 377
1 378
1 379
1 380
1 381
1 382
1 383
1 384
1 385
1 386
1 387
1 388
1 389
1 390
1 391
1 392
1 393
1 394
1 395
1 396
1 397
1 398
1 399
1 400
1 401
1 402
1 403
1 404
1 405
1 406
1 407
1 408
1 409
1 410
1 411
1 412
1 413
1 414
1 415
1 416
1 417
1 418
1 419
1 420
1 421
1 422
1 423
1 424
1 425
1 426
1 427
1 428
1 429
1 430
1 431
1 432
1 433
1 434
1 435
1 436
1 437
1 438
1 439
1 440
1 441
1 442
1 443
1 444
1 445
1 446
1 447
1 448
1 449
1 450
1 451
1 452
1 453
1 454
1 455
1 456
1 457
1 458
1 459
1 460
1 461
1 462
1 463
1 464
1 465
1 466
1 467
1 468
1 469
1 470
1 471
1 472
1 473
1 474
1 475
1 476
1 477
1 478
1 479
1 480
1 481
1 482
1 483
1 484
1 485
1 486
1 487
1 488
1 489
1 490
1 491
1 492
1 493
1 494
1 495
1 496
1 497
1 498
1 499
1 500
1 501
1 502
1 503
1 504
1 505
1 506
1 507
1 508
1 509
1 510
1 511
1 512
1 513
1 514
1 515
1 516
1 517
1 518
1 519
1 520
1 521
1 522
1 523
1 524
1 525
1 526
1 527
1 528
1 529
1 530
1 531
1 532
1 533
1 534
1 535
1 536
1 537
1 538
1 539
1 540
1 541
1 542
1 543
1 544
1 545
1 546
1 547
1 548
1 549
1 550
1 551
1 552
1 553
1 554
1 555
1 556
1 557
1 558
1 559
1 560
1 561
1 562
1 563
1 564
1 565
1 566
1 567
1 568
1 569
1 570
1 571
1 572
1 573
1 574
1 575
1 576
1 577
1 578
1 579
1 580
1 581
1 582
1 583
1 584
1 585
1 586
1 587
1 588
1 589
1 590
1 591
1 592
1 593
1 594
1 595
1 596
1 597
1 598
1 599
1 600
1 601
1 602
1 603
1 604
1 605
1 606
1 607
1 608
1 609
1 610
1 611
1 612
1 613
1 614
1 615
1 616
1 617
1 618
1 619
1 620
1 621
1 622
1 623
1 624
1 625
1 626
1 627
1 628
1 629
1 630
1 631
1 632
1 633
1 634
1 635
1 636
1 637
1 638
1 639
1 640
1 641
1 642
1 643
1 644
1 645
1 646
1 647
1 648
1 649
1 650
1 651
1 652
1 653
1 654
1 655
1 656
1 657
1 658
1 659
1 660
1 661
1 662
1 663
1 664
1 665
1 666
1 667
1 668
1 669
1 670
1 671
1 672
1 673
1 674
1 675
1 676
1 677
1 678
1 679
1 680
1 681
1 682
1 683
1 684
1 685
1 686
1 687
1 688
1 689
1 690
1 691
1 692
1 693
1 694
1 695
1 696
1 697
1 698
1 699
1 700
1 701
1 702
1 703
1 704
1 705
1 706
1 707
1 708
1 709
1 710
1 711
1 712
1 713
1 714
1 715
1 716
1 717
1 718
1 719
1 720
1 721
1 722
1 723
1 724
1 725
1 726
1 727
1 728
1 729
1 730
1 731
1 732
1 733
1 734
1 735
1 736
1 737
1 738
1 739
1 740
1 741
1 742
1 743
1 744
1 745
1 746
1 747
1 748
1 749
1 750
1 751
1 752
1 753
1 754
1 755
1 756
1 757
1 758
1 759
1 760
1 761
1 762
1 763
1 764
1 765
1 766
1 767
1 768
1 769
1 770
1 771
1 772
1 773
1 774
1 775
1 776
1 777
1 778
1 779
1 780
1 781
1 782
1 783
1 784
1 785
1 786
1 787
1 788
1 789
1 790
1 791
1 792
1 793
1 794
1 795
1 796
1 797
1 798
1 799
1 800
1 801
1 802
1 803
1 804
1 805
1 806
1 807
1 808
1 809
1 810
1 811
1 812
1 813
1 814
1 815
1 816
1 817
1 818
1 819
1 820
1 821
1 822
1 823
1 824
1 825
1 826
1 827
1 828
1 829
1 830
1 831
1 832
1 833
1 834
1 835
1 836
1 837
1 838
1 839
1 840
1 841
1 842
1 843
1 844
1 845
1 846
1 847
1 848
1 849
1 850
1 851
1 852
1 853
1 854
1 855
1 856
1 857
1 858
1 859
1 860
1 861
1 862
1 863
1 864
1 865
1 866
1 867
1 868
1 869
1 870
1 871
1 872
1 873
1 874
1 875
1 876
1 877
1 878
1 879
1 880
1 881
1 882
1 883
1 884
1 885
1 886
1 887
1 888
1 889
1 890
1 891
1 892
1 893
1 894
1 895
1 896
1 897
1 898
1 899
1 900
1 901
1 902
1 903
1 904
1 905
1 906
1 907
1 908
1 909
1 910
1 911
1 912
1 913
1 914
1 915
1 916
1 917
1 918
1 919
1 920
1 921
1 922
1 923
1 924
1 925
1 926
1 927
1 928
1 929
1 930
1 931
1 932
1 933
1 934
1 935
1 936
1 937
1 938
1 939
1 940
1 941
1 942
1 943
1 944
1 945
1 946
1 947
1 948
932
443 843 882 838 281 850 307 282 95 139 627 388 257 348 645 371 910 58 74 508 791 468 741 583 750 845 619 789 522 346 544 183 701 41 220 451 914 208 923 814 174 793 736 305 86 140 185 361 412 344 623 394 722 547 303 61 529 278 757 487 563 658 590 1 146 196 445 454 135 892 395 56 393 660 71 223 777 100 133 587 680 321 677 301 437 542 904 204 749 655 463 537 776 764 327 565 920 145 539 259 615 147 823 50 249 894 23 265 798 848 124 909 501 68 534 114 637 721 226 499 854 594 399 339 490 917 89 924 518 217 219 72 22 822 802 497 555 24 589 245 378 878 390 123 886 502 693 404 557 9 292 478 345 873 218 151 17 877 279 283 289 436 356 401 340 533 493 290 205 298 442 207 48 347 449 52 859 494 679 743 186 271 312 709 83 230 280 199 5 712 554 546 294 73 46 365 868 264 175 31 659 505 666 489 268 12 398 70 556 696 708 14 368 809 256 431 315 138 711 739 644 128 650 574 687 562 745 622 580 903 927 77 225 102 234 865 804 867 126 853 485 355 432 87 429 625 571 15 247 905 470 64 762 486 93 851 728 656 447 172 559 582 246 815 598 629 724 419 835 662 922 150 180 609 471 122 785 816 125 49 570 63 608 479 441 316 504 28 235 576 328 507 43 901 375 519 670 885 707 426 714 524 29 689 75 455 244 752 632 663 827 69 452 614 159 782 481 824 453 224 491 103 852 228 270 513 691 182 382 367 686 926 558 84 229 657 783 810 171 233 465 20 158 227 506 472 480 747 525 374 647 232 99 141 248 665 237 575 108 144 325 765 377 313 515 351 772 652 169 818 105 392 330 661 541 221 381 81 297 411 482 569 704 425 78 111 258 269 162 866 597 817 684 733 640 713 276 309 66 767 740 387 456 720 825 832 343 251 190 781 253 703 888 754 285 119 266 450 474 710 801 521 406 611 812 296 774 784 420 875 543 112 57 706 462 336 362 45 616 700 634 775 676 880 675 98 131 409 421 238 295 304 210 530 605 535 461 732 869 323 839 723 495 192 846 376 682 261 897 97 260 178 117 538 134 380 729 612 160 667 101 331 483 284 363 911 591 847 844 322 457 613 352 697 106 840 631 862 932 79 532 82 475 424 719 759 65 263 586 293 737 385 766 916 201 26 173 408 384 107 799 288 85 788 725 342 773 561 626 621 912 216 215 531 664 13 337 929 40 500 324 357 630 317 410 118 188 427 168 618 300 416 842 195 11 921 142 692 510 695 391 604 311 136 3 738 338 473 572 808 669 790 415 396 641 516 187 636 156 62 690 320 763 27 603 633 236 369 314 698 928 771 581 820 821 386 523 154 47 202 213 402 579 770 806 860 92 651 883 170 459 811 252 116 807 635 414 907 167 214 88 302 890 649 149 428 896 503 38 222 787 566 132 705 121 779 372 231 383 439 51 291 273 110 577 36 418 769 919 8 552 448 831 129 152 751 864 6 335 239 593 359 181 796 467 778 849 37 484 458 477 165 592 578 155 900 786 702 753 33 262 438 549 678 189 240 512 423 53 91 731 32 855 209 803 688 540 166 716 148 908 389 163 514 511 94 203 440 104 648 800 925 176 671 400 127 498 44 254 795 435 366 642 434 488 826 819 836 694 509 370 780 341 526 551 879 797 699 718 588 109 326 913 433 857 599 887 360 536 54 830 602 143 353 881 329 354 628 212 856 639 466 681 277 35 872 584 730 464 496 653 761 874 80 931 527 275 333 735 364 67 828 601 460 446 585 318 319 673 643 863 768 492 564 884 528 674 373 606 620 177 646 200 833 250 405 403 469 548 60 683 19 861 792 430 25 607 624 34 115 299 794 837 727 568 193 308 902 550 379 545 287 891 413 130 194 184 274 397 306 113 573 161 211 243 715 610 350 267 889 179 476 841 834 42 157 746 726 858 21 895 10 310 55 638 668 600 153 553 871 829 206 685 59 96 756 617 191 2 813 520 760 76 90 7 286 18 30 39 349 16 255 742 120 358 899 898 567 758 595 930 915 918 164 755 654 717 422 893 596 748 197 407 906 560 417 672 876 137 517 734 332 744 805 272 4 334 870 198 444 241 242
1 2
1 3
1 4
1 5
1 6
1 7
1 8
1 9
1 10
1 11
1 12
1 13
1 14
1 15
1 16
1 17
1 18
1 19
1 20
1 21
1 22
1 23
1 24
1 25
1 26
1 27
1 28
1 29
1 30
1 31
1 32
1 33
1 34
1 35
1 36
1 37
1 38
1 39
1 40
1 41
1 42
1 43
1 44
1 45
1 46
1 47
1 48
1 49
1 50
1 51
1 52
1 53
1 54
1 55
1 56
1 57
1 58
1 59
1 60
1 61
1 62
1 63
1 64
1 65
1 66
1 67
1 68
1 69
1 70
1 71
1 72
1 73
1 74
1 75
1 76
1 77
1 78
1 79
1 80
1 81
1 82
1 83
1 84
1 85
1 86
1 87
1 88
1 89
1 90
1 91
1 92
1 93
1 94
1 95
1 96
1 97
1 98
1 99
1 100
1 101
1 102
1 103
1 104
1 105
1 106
1 107
1 108
1 109
1 110
1 111
1 112
1 113
1 114
1 115
1 116
1 117
1 118
1 119
1 120
1 121
1 122
1 123
1 124
1 125
1 126
1 127
1 128
1 129
1 130
1 131
1 132
1 133
1 134
1 135
1 136
1 137
1 138
1 139
1 140
1 141
1 142
1 143
1 144
1 145
1 146
1 147
1 148
1 149
1 150
1 151
1 152
1 153
1 154
1 155
1 156
1 157
1 158
1 159
1 160
1 161
1 162
1 163
1 164
1 165
1 166
1 167
1 168
1 169
1 170
1 171
1 172
1 173
1 174
1 175
1 176
1 177
1 178
1 179
1 180
1 181
1 182
1 183
1 184
1 185
1 186
1 187
1 188
1 189
1 190
1 191
1 192
1 193
1 194
1 195
1 196
1 197
1 198
1 199
1 200
1 201
1 202
1 203
1 204
1 205
1 206
1 207
1 208
1 209
1 210
1 211
1 212
1 213
1 214
1 215
1 216
1 217
1 218
1 219
1 220
1 221
1 222
1 223
1 224
1 225
1 226
1 227
1 228
1 229
1 230
1 231
1 232
1 233
1 234
1 235
1 236
1 237
1 238
1 239
1 240
1 241
1 242
1 243
1 244
1 245
1 246
1 247
1 248
1 249
1 250
1 251
1 252
1 253
1 254
1 255
1 256
1 257
1 258
1 259
1 260
1 261
1 262
1 263
1 264
1 265
1 266
1 267
1 268
1 269
1 270
1 271
1 272
1 273
1 274
1 275
1 276
1 277
1 278
1 279
1 280
1 281
1 282
1 283
1 284
1 285
1 286
1 287
1 288
1 289
1 290
1 291
1 292
1 293
1 294
1 295
1 296
1 297
1 298
1 299
1 300
1 301
1 302
1 303
1 304
1 305
1 306
1 307
1 308
1 309
1 310
1 311
1 312
1 313
1 314
1 315
1 316
1 317
1 318
1 319
1 320
1 321
1 322
1 323
1 324
1 325
1 326
1 327
1 328
1 329
1 330
1 331
1 332
1 333
1 334
1 335
1 336
1 337
1 338
1 339
1 340
1 341
1 342
1 343
1 344
1 345
1 346
1 347
1 348
1 349
1 350
1 351
1 352
1 353
1 354
1 355
1 356
1 357
1 358
1 359
1 360
1 361
1 362
1 363
1 364
1 365
1 366
1 367
1 368
1 369
1 370
1 371
1 372
1 373
1 374
1 375
1 376
1 377
1 378
1 379
1 380
1 381
1 382
1 383
1 384
1 385
1 386
1 387
1 388
1 389
1 390
1 391
1 392
1 393
1 394
1 395
1 396
1 397
1 398
1 399
1 400
1 401
1 402
1 403
1 404
1 405
1 406
1 407
1 408
1 409
1 410
1 411
1 412
1 413
1 414
1 415
1 416
1 417
1 418
1 419
1 420
1 421
1 422
1 423
1 424
1 425
1 426
1 427
1 428
1 429
1 430
1 431
1 432
1 433
1 434
1 435
1 436
1 437
1 438
1 439
1 440
1 441
1 442
1 443
1 444
1 445
1 446
1 447
1 448
1 449
1 450
1 451
1 452
1 453
1 454
1 455
1 456
1 457
1 458
1 459
1 460
1 461
1 462
1 463
1 464
1 465
1 466
1 467
1 468
1 469
1 470
1 471
1 472
1 473
1 474
1 475
1 476
1 477
1 478
1 479
1 480
1 481
1 482
1 483
1 484
1 485
1 486
1 487
1 488
1 489
1 490
1 491
1 492
1 493
1 494
1 495
1 496
1 497
1 498
1 499
1 500
1 501
1 502
1 503
1 504
1 505
1 506
1 507
1 508
1 509
1 510
1 511
1 512
1 513
1 514
1 515
1 516
1 517
1 518
1 519
1 520
1 521
1 522
1 523
1 524
1 525
1 526
1 527
1 528
1 529
1 530
1 531
1 532
1 533
1 534
1 535
1 536
1 537
1 538
1 539
1 540
1 541
1 542
1 543
1 544
1 545
1 546
1 547
1 548
1 549
1 550
1 551
1 552
1 553
1 554
1 555
1 556
1 557
1 558
1 559
1 560
1 561
1 562
1 563
1 564
1 565
1 566
1 567
1 568
1 569
1 570
1 571
1 572
1 573
1 574
1 575
1 576
1 577
1 578
1 579
1 580
1 581
1 582
1 583
1 584
1 585
1 586
1 587
1 588
1 589
1 590
1 591
1 592
1 593
1 594
1 595
1 596
1 597
1 598
1 599
1 600
1 601
1 602
1 603
1 604
1 605
1 606
1 607
1 608
1 609
1 610
1 611
1 612
1 613
1 614
1 615
1 616
1 617
1 618
1 619
1 620
1 621
1 622
1 623
1 624
1 625
1 626
1 627
1 628
1 629
1 630
1 631
1 632
1 633
1 634
1 635
1 636
1 637
1 638
1 639
1 640
1 641
1 642
1 643
1 644
1 645
1 646
1 647
1 648
1 649
1 650
1 651
1 652
1 653
1 654
1 655
1 656
1 657
1 658
1 659
1 660
1 661
1 662
1 663
1 664
1 665
1 666
1 667
1 668
1 669
1 670
1 671
1 672
1 673
1 674
1 675
1 676
1 677
1 678
1 679
1 680
1 681
1 682
1 683
1 684
1 685
1 686
1 687
1 688
1 689
1 690
1 691
1 692
1 693
1 694
1 695
1 696
1 697
1 698
1 699
1 700
1 701
1 702
1 703
1 704
1 705
1 706
1 707
1 708
1 709
1 710
1 711
1 712
1 713
1 714
1 715
1 716
1 717
1 718
1 719
1 720
1 721
1 722
1 723
1 724
1 725
1 726
1 727
1 728
1 729
1 730
1 731
1 732
1 733
1 734
1 735
1 736
1 737
1 738
1 739
1 740
1 741
1 742
1 743
1 744
1 745
1 746
1 747
1 748
1 749
1 750
1 751
1 752
1 753
1 754
1 755
1 756
1 757
1 758
1 759
1 760
1 761
1 762
1 763
1 764
1 765
1 766
1 767
1 768
1 769
1 770
1 771
1 772
1 773
1 774
1 775
1 776
1 777
1 778
1 779
1 780
1 781
1 782
1 783
1 784
1 785
1 786
1 787
1 788
1 789
1 790
1 791
1 792
1 793
1 794
1 795
1 796
1 797
1 798
1 799
1 800
1 801
1 802
1 803
1 804
1 805
1 806
1 807
1 808
1 809
1 810
1 811
1 812
1 813
1 814
1 815
1 816
1 817
1 818
1 819
1 820
1 821
1 822
1 823
1 824
1 825
1 826
1 827
1 828
1 829
1 830
1 831
1 832
1 833
1 834
1 835
1 836
1 837
1 838
1 839
1 840
1 841
1 842
1 843
1 844
1 845
1 846
1 847
1 848
1 849
1 850
1 851
1 852
1 853
1 854
1 855
1 856
1 857
1 858
1 859
1 860
1 861
1 862
1 863
1 864
1 865
1 866
1 867
1 868
1 869
1 870
1 871
1 872
1 873
1 874
1 875
1 876
1 877
1 878
1 879
1 880
1 881
1 882
1 883
1 884
1 885
1 886
1 887
1 888
1 889
1 890
1 891
1 892
1 893
1 894
1 895
1 896
1 897
1 898
1 899
1 900
1 901
1 902
1 903
1 904
1 905
1 906
1 907
1 908
1 909
1 910
1 911
1 912
1 913
1 914
1 915
1 916
1 917
1 918
1 919
1 920
1 921
1 922
1 923
1 924
1 925
1 926
1 927
1 928
1 929
1 930
1 931
1 932
989
709 754 215 25 437 5 573 837 555 388 311 622 512 708 92 619 110 713 972 715 154 324 297 841 218 442 323 734 608 916 551 659 643 616 115 417 981 271 730 421 136 266 30 79 807 901 827 217 857 801 425 195 146 291 735 53 276 985 933 13 563 194 766 277 61 748 596 944 920 883 472 852 547 888 48 752 828 399 795 337 66 739 690 656 957 698 261 760 819 32 145 986 87 566 950 611 321 897 934 170 674 219 290 426 374 178 315 381 520 434 52 379 387 753 629 262 267 500 539 899 680 383 372 691 745 793 540 775 969 856 347 302 17 446 483 942 284 59 498 613 338 392 647 693 223 707 70 166 948 467 848 239 908 554 672 279 532 6 11 457 174 65 400 292 637 126 340 737 190 408 980 74 333 702 744 682 396 8 36 288 366 859 502 407 783 103 741 941 83 473 491 600 728 423 464 318 834 64 300 310 718 684 534 141 721 550 529 553 791 106 428 62 562 1 578 71 902 961 463 884 299 343 10 545 595 949 23 354 797 111 222 368 513 973 163 210 641 39 658 477 854 278 570 679 503 802 424 183 497 209 729 224 234 699 601 891 422 455 171 133 863 840 405 172 177 925 212 197 663 767 18 301 988 717 943 320 919 898 758 81 585 526 384 335 983 632 826 953 466 402 193 307 91 394 813 84 866 478 506 971 522 263 787 304 51 131 872 646 429 527 155 173 878 317 592 309 397 790 572 662 661 772 549 692 688 831 46 599 593 528 823 610 114 675 533 241 824 676 462 175 822 956 594 296 360 786 521 122 378 701 411 954 294 165 642 782 28 905 226 535 273 977 880 329 413 755 391 164 885 716 968 829 248 844 589 932 229 77 86 603 485 771 917 447 732 788 322 900 140 43 47 7 564 385 184 488 54 469 341 984 909 371 912 976 460 26 947 853 904 89 409 519 9 44 450 476 479 49 298 720 915 868 633 418 247 274 495 586 606 559 625 764 78 480 530 710 254 149 143 746 628 468 4 751 576 543 731 895 475 169 90 804 85 243 789 439 626 365 93 192 714 270 31 810 339 179 398 886 289 404 762 742 869 208 414 286 860 959 867 681 487 355 256 525 336 928 330 185 353 524 612 963 964 211 558 634 470 389 415 587 548 199 845 591 327 73 14 319 228 33 499 119 940 233 510 34 412 206 846 295 930 245 200 504 346 560 907 68 906 580 514 198 41 15 780 652 811 835 144 724 689 142 24 785 293 76 876 187 285 357 736 794 94 635 873 877 410 581 918 623 182 892 935 101 541 138 855 833 678 432 851 761 107 264 359 759 225 152 974 257 112 722 484 910 342 150 167 98 69 936 725 882 147 966 232 58 765 364 82 929 40 306 507 272 617 621 308 584 757 376 903 160 615 97 123 363 653 670 2 781 433 565 609 109 120 351 134 448 403 770 946 733 937 216 249 312 836 861 683 280 449 124 660 345 830 839 80 380 205 362 881 747 416 958 574 945 180 386 207 35 72 38 369 531 344 796 162 57 96 696 914 630 569 913 750 542 890 657 67 579 773 22 704 377 546 951 712 42 490 865 557 129 456 181 427 128 75 645 607 805 667 331 29 189 505 926 911 27 373 486 597 159 242 258 812 784 401 251 832 561 220 889 927 236 820 221 148 518 821 778 314 740 454 430 445 800 135 669 650 203 451 965 638 191 639 20 125 50 348 850 201 137 695 640 108 627 552 960 95 727 259 117 756 494 798 864 577 544 743 283 260 37 230 809 763 517 769 921 127 202 493 726 582 440 269 879 749 305 816 151 60 63 471 671 537 325 665 153 56 213 706 255 511 664 568 598 970 313 768 235 158 644 987 687 677 604 231 776 367 777 922 139 618 989 250 847 393 419 815 438 967 161 252 982 481 390 361 583 441 99 818 636 420 858 303 282 214 843 19 567 962 461 55 779 352 694 334 240 666 332 465 792 453 631 686 538 814 244 3 838 697 870 719 489 444 132 328 275 711 571 849 668 168 893 575 12 492 246 375 955 874 938 924 116 738 349 356 435 978 803 281 458 326 104 186 459 808 703 509 436 952 395 496 648 887 516 406 121 842 651 238 862 605 16 501 176 156 443 130 939 100 614 157 268 370 237 825 350 118 602 673 871 654 799 45 806 523 817 515 358 452 196 705 894 923 21 287 536 105 685 88 931 227 588 624 620 896 774 102 204 316 723 253 975 188 979 649 382 113 655 556 508 474 875 700 431 265 482 590
1 2
1 3
1 4
1 5
1 6
1 7
1 8
1 9
1 10
1 11
1 12
1 13
1 14
1 15
1 16
1 17
1 18
1 19
1 20
1 21
1 22
1 23
1 24
1 25
1 26
1 27
1 28
1 29
1 30
1 31
1 32
1 33
1 34
1 35
1 36
1 37
1 38
1 39
1 40
1 41
1 42
1 43
1 44
1 45
1 46
1 47
1 48
1 49
1 50
1 51
1 52
1 53
1 54
1 55
1 56
1 57
1 58
1 59
1 60
1 61
1 62
1 63
1 64
1 65
1 66
1 67
1 68
1 69
1 70
1 71
1 72
1 73
1 74
1 75
1 76
1 77
1 78
1 79
1 80
1 81
1 82
1 83
1 84
1 85
1 86
1 87
1 88
1 89
1 90
1 91
1 92
1 93
1 94
1 95
1 96
1 97
1 98
1 99
1 100
1 101
1 102
1 103
1 104
1 105
1 106
1 107
1 108
1 109
1 110
1 111
1 112
1 113
1 114
1 115
1 116
1 117
1 118
1 119
1 120
1 121
1 122
1 123
1 124
1 125
1 126
1 127
1 128
1 129
1 130
1 131
1 132
1 133
1 134
1 135
1 136
1 137
1 138
1 139
1 140
1 141
1 142
1 143
1 144
1 145
1 146
1 147
1 148
1 149
1 150
1 151
1 152
1 153
1 154
1 155
1 156
1 157
1 158
1 159
1 160
1 161
1 162
1 163
1 164
1 165
1 166
1 167
1 168
1 169
1 170
1 171
1 172
1 173
1 174
1 175
1 176
1 177
1 178
1 179
1 180
1 181
1 182
1 183
1 184
1 185
1 186
1 187
1 188
1 189
1 190
1 191
1 192
1 193
1 194
1 195
1 196
1 197
1 198
1 199
1 200
1 201
1 202
1 203
1 204
1 205
1 206
1 207
1 208
1 209
1 210
1 211
1 212
1 213
1 214
1 215
1 216
1 217
1 218
1 219
1 220
1 221
1 222
1 223
1 224
1 225
1 226
1 227
1 228
1 229
1 230
1 231
1 232
1 233
1 234
1 235
1 236
1 237
1 238
1 239
1 240
1 241
1 242
1 243
1 244
1 245
1 246
1 247
1 248
1 249
1 250
1 251
1 252
1 253
1 254
1 255
1 256
1 257
1 258
1 259
1 260
1 261
1 262
1 263
1 264
1 265
1 266
1 267
1 268
1 269
1 270
1 271
1 272
1 273
1 274
1 275
1 276
1 277
1 278
1 279
1 280
1 281
1 282
1 283
1 284
1 285
1 286
1 287
1 288
1 289
1 290
1 291
1 292
1 293
1 294
1 295
1 296
1 297
1 298
1 299
1 300
1 301
1 302
1 303
1 304
1 305
1 306
1 307
1 308
1 309
1 310
1 311
1 312
1 313
1 314
1 315
1 316
1 317
1 318
1 319
1 320
1 321
1 322
1 323
1 324
1 325
1 326
1 327
1 328
1 329
1 330
1 331
1 332
1 333
1 334
1 335
1 336
1 337
1 338
1 339
1 340
1 341
1 342
1 343
1 344
1 345
1 346
1 347
1 348
1 349
1 350
1 351
1 352
1 353
1 354
1 355
1 356
1 357
1 358
1 359
1 360
1 361
1 362
1 363
1 364
1 365
1 366
1 367
1 368
1 369
1 370
1 371
1 372
1 373
1 374
1 375
1 376
1 377
1 378
1 379
1 380
1 381
1 382
1 383
1 384
1 385
1 386
1 387
1 388
1 389
1 390
1 391
1 392
1 393
1 394
1 395
1 396
1 397
1 398
1 399
1 400
1 401
1 402
1 403
1 404
1 405
1 406
1 407
1 408
1 409
1 410
1 411
1 412
1 413
1 414
1 415
1 416
1 417
1 418
1 419
1 420
1 421
1 422
1 423
1 424
1 425
1 426
1 427
1 428
1 429
1 430
1 431
1 432
1 433
1 434
1 435
1 436
1 437
1 438
1 439
1 440
1 441
1 442
1 443
1 444
1 445
1 446
1 447
1 448
1 449
1 450
1 451
1 452
1 453
1 454
1 455
1 456
1 457
1 458
1 459
1 460
1 461
1 462
1 463
1 464
1 465
1 466
1 467
1 468
1 469
1 470
1 471
1 472
1 473
1 474
1 475
1 476
1 477
1 478
1 479
1 480
1 481
1 482
1 483
1 484
1 485
1 486
1 487
1 488
1 489
1 490
1 491
1 492
1 493
1 494
1 495
1 496
1 497
1 498
1 499
1 500
1 501
1 502
1 503
1 504
1 505
1 506
1 507
1 508
1 509
1 510
1 511
1 512
1 513
1 514
1 515
1 516
1 517
1 518
1 519
1 520
1 521
1 522
1 523
1 524
1 525
1 526
1 527
1 528
1 529
1 530
1 531
1 532
1 533
1 534
1 535
1 536
1 537
1 538
1 539
1 540
1 541
1 542
1 543
1 544
1 545
1 546
1 547
1 548
1 549
1 550
1 551
1 552
1 553
1 554
1 555
1 556
1 557
1 558
1 559
1 560
1 561
1 562
1 563
1 564
1 565
1 566
1 567
1 568
1 569
1 570
1 571
1 572
1 573
1 574
1 575
1 576
1 577
1 578
1 579
1 580
1 581
1 582
1 583
1 584
1 585
1 586
1 587
1 588
1 589
1 590
1 591
1 592
1 593
1 594
1 595
1 596
1 597
1 598
1 599
1 600
1 601
1 602
1 603
1 604
1 605
1 606
1 607
1 608
1 609
1 610
1 611
1 612
1 613
1 614
1 615
1 616
1 617
1 618
1 619
1 620
1 621
1 622
1 623
1 624
1 625
1 626
1 627
1 628
1 629
1 630
1 631
1 632
1 633
1 634
1 635
1 636
1 637
1 638
1 639
1 640
1 641
1 642
1 643
1 644
1 645
1 646
1 647
1 648
1 649
1 650
1 651
1 652
1 653
1 654
1 655
1 656
1 657
1 658
1 659
1 660
1 661
1 662
1 663
1 664
1 665
1 666
1 667
1 668
1 669
1 670
1 671
1 672
1 673
1 674
1 675
1 676
1 677
1 678
1 679
1 680
1 681
1 682
1 683
1 684
1 685
1 686
1 687
1 688
1 689
1 690
1 691
1 692
1 693
1 694
1 695
1 696
1 697
1 698
1 699
1 700
1 701
1 702
1 703
1 704
1 705
1 706
1 707
1 708
1 709
1 710
1 711
1 712
1 713
1 714
1 715
1 716
1 717
1 718
1 719
1 720
1 721
1 722
1 723
1 724
1 725
1 726
1 727
1 728
1 729
1 730
1 731
1 732
1 733
1 734
1 735
1 736
1 737
1 738
1 739
1 740
1 741
1 742
1 743
1 744
1 745
1 746
1 747
1 748
1 749
1 750
1 751
1 752
1 753
1 754
1 755
1 756
1 757
1 758
1 759
1 760
1 761
1 762
1 763
1 764
1 765
1 766
1 767
1 768
1 769
1 770
1 771
1 772
1 773
1 774
1 775
1 776
1 777
1 778
1 779
1 780
1 781
1 782
1 783
1 784
1 785
1 786
1 787
1 788
1 789
1 790
1 791
1 792
1 793
1 794
1 795
1 796
1 797
1 798
1 799
1 800
1 801
1 802
1 803
1 804
1 805
1 806
1 807
1 808
1 809
1 810
1 811
1 812
1 813
1 814
1 815
1 816
1 817
1 818
1 819
1 820
1 821
1 822
1 823
1 824
1 825
1 826
1 827
1 828
1 829
1 830
1 831
1 832
1 833
1 834
1 835
1 836
1 837
1 838
1 839
1 840
1 841
1 842
1 843
1 844
1 845
1 846
1 847
1 848
1 849
1 850
1 851
1 852
1 853
1 854
1 855
1 856
1 857
1 858
1 859
1 860
1 861
1 862
1 863
1 864
1 865
1 866
1 867
1 868
1 869
1 870
1 871
1 872
1 873
1 874
1 875
1 876
1 877
1 878
1 879
1 880
1 881
1 882
1 883
1 884
1 885
1 886
1 887
1 888
1 889
1 890
1 891
1 892
1 893
1 894
1 895
1 896
1 897
1 898
1 899
1 900
1 901
1 902
1 903
1 904
1 905
1 906
1 907
1 908
1 909
1 910
1 911
1 912
1 913
1 914
1 915
1 916
1 917
1 918
1 919
1 920
1 921
1 922
1 923
1 924
1 925
1 926
1 927
1 928
1 929
1 930
1 931
1 932
1 933
1 934
1 935
1 936
1 937
1 938
1 939
1 940
1 941
1 942
1 943
1 944
1 945
1 946
1 947
1 948
1 949
1 950
1 951
1 952
1 953
1 954
1 955
1 956
1 957
1 958
1 959
1 960
1 961
1 962
1 963
1 964
1 965
1 966
1 967
1 968
1 969
1 970
1 971
1 972
1 973
1 974
1 975
1 976
1 977
1 978
1 979
1 980
1 981
1 982
1 983
1 984
1 985
1 986
1 987
1 988
1 989
942
900 181 50 202 538 884 785 620 513 90 696 325 802 682 732 890 64 421 576 535 275 252 184 917 436 934 907 157 410 866 350 187 722 736 677 402 478 940 779 377 568 56 183 156 897 129 107 371 906 583 109 534 877 248 237 669 76 103 851 460 660 523 733 366 473 515 205 745 239 492 254 879 705 710 903 564 158 338 110 525 100 139 781 858 649 41 912 188 754 270 349 247 852 872 822 611 426 644 625 337 438 685 618 798 681 432 213 93 881 208 830 207 603 876 197 23 281 841 678 71 141 243 287 541 817 85 175 289 446 77 346 775 201 94 413 548 11 784 655 424 700 828 899 672 731 783 560 737 453 496 382 524 161 67 462 82 581 606 901 871 650 430 51 25 712 394 829 598 464 482 634 316 387 743 29 314 937 61 639 648 131 857 159 333 651 465 905 533 363 144 296 102 122 10 668 570 133 767 558 797 336 91 536 724 693 764 821 824 236 657 911 412 86 622 729 389 758 542 679 431 60 707 528 663 471 908 260 666 280 120 892 250 510 138 554 612 796 787 439 422 646 826 405 626 231 31 121 194 166 714 404 633 514 456 445 433 909 408 276 343 317 547 546 263 209 132 556 418 115 307 466 6 215 921 867 105 385 477 914 619 878 14 99 268 898 778 417 827 521 318 484 401 774 203 357 217 656 378 96 803 21 234 245 509 267 127 717 726 403 290 37 790 301 845 886 893 788 74 140 24 153 330 78 652 910 849 212 9 368 846 715 423 54 335 760 632 170 883 506 855 42 379 435 211 306 806 768 873 765 676 531 931 551 770 687 691 505 659 295 913 567 486 748 189 761 744 57 397 695 331 2 233 419 642 155 688 771 566 347 440 360 72 388 811 735 488 522 190 520 262 196 367 673 887 469 339 794 399 766 864 321 186 487 615 470 920 87 309 324 36 75 73 647 114 889 836 328 776 580 747 702 172 341 690 104 376 259 258 930 938 383 407 308 800 586 497 52 178 136 348 584 177 689 362 919 780 475 242 269 358 935 629 929 461 896 472 519 214 721 80 831 241 355 244 517 135 862 27 605 459 894 918 504 257 230 400 594 16 819 441 577 751 595 406 757 833 391 98 162 832 266 571 856 624 415 251 253 636 635 697 437 375 491 499 327 143 674 654 621 868 479 711 297 719 840 277 160 574 880 283 530 272 226 206 565 20 463 516 168 916 562 923 683 543 481 256 292 145 720 518 502 902 602 740 738 92 553 200 511 372 480 167 137 393 313 590 808 386 118 22 706 772 540 198 111 671 838 32 623 537 853 310 420 498 904 97 600 451 13 458 799 345 53 185 249 285 152 326 675 425 361 228 443 837 221 653 305 235 795 468 922 3 850 716 544 55 512 526 225 442 429 195 246 219 182 352 589 493 599 810 303 725 870 755 573 95 392 319 374 282 43 278 763 686 340 928 495 532 759 926 298 88 28 293 869 588 587 218 645 124 150 933 805 229 134 550 450 875 508 555 311 176 859 279 191 575 148 66 489 483 300 684 643 373 557 485 398 216 284 756 116 501 813 454 848 815 46 863 351 874 452 739 500 65 773 529 941 79 457 342 174 762 631 447 354 294 164 449 585 381 128 147 273 891 264 616 444 617 223 476 365 48 559 288 192 793 939 723 69 825 782 240 718 204 474 101 322 173 130 210 607 146 641 561 62 814 26 163 699 507 18 113 727 334 84 369 47 123 19 843 125 384 734 396 888 730 323 108 12 232 708 261 801 854 601 39 861 661 58 370 628 304 165 769 807 792 59 658 302 455 698 169 329 539 227 882 68 569 789 1 753 265 106 915 126 604 220 637 704 630 83 640 353 667 274 467 777 847 613 33 835 839 713 552 925 804 380 299 596 742 709 692 238 149 860 834 315 741 670 592 494 70 38 936 549 89 179 17 224 749 614 8 255 703 885 416 171 752 291 809 448 5 364 665 545 490 791 750 49 608 664 15 193 427 154 35 271 45 356 694 344 151 812 627 680 728 924 112 820 119 786 390 823 320 816 527 610 117 40 44 409 563 142 411 895 844 286 591 395 701 927 359 428 34 4 222 81 7 746 942 503 597 582 180 662 638 414 818 593 842 434 609 572 199 30 578 579 63 312 332 932 865
1 2
1 3
1 4
1 5
1 6
1 7
1 8
1 9
1 10
1 11
1 12
1 13
1 14
1 15
1 16
1 17
1 18
1 19
1 20
1 21
1 22
1 23
1 24
1 25
1 26
1 27
1 28
1 29
1 30
1 31
1 32
1 33
1 34
1 35
1 36
1 37
1 38
1 39
1 40
1 41
1 42
1 43
1 44
1 45
1 46
1 47
1 48
1 49
1 50
1 51
1 52
1 53
1 54
1 55
1 56
1 57
1 58
1 59
1 60
1 61
1 62
1 63
1 64
1 65
1 66
1 67
1 68
1 69
1 70
1 71
1 72
1 73
1 74
1 75
1 76
1 77
1 78
1 79
1 80
1 81
1 82
1 83
1 84
1 85
1 86
1 87
1 88
1 89
1 90
1 91
1 92
1 93
1 94
1 95
1 96
1 97
1 98
1 99
1 100
1 101
1 102
1 103
1 104
1 105
1 106
1 107
1 108
1 109
1 110
1 111
1 112
1 113
1 114
1 115
1 116
1 117
1 118
1 119
1 120
1 121
1 122
1 123
1 124
1 125
1 126
1 127
1 128
1 129
1 130
1 131
1 132
1 133
1 134
1 135
1 136
1 137
1 138
1 139
1 140
1 141
1 142
1 143
1 144
1 145
1 146
1 147
1 148
1 149
1 150
1 151
1 152
1 153
1 154
1 155
1 156
1 157
1 158
1 159
1 160
1 161
1 162
1 163
1 164
1 165
1 166
1 167
1 168
1 169
1 170
1 171
1 172
1 173
1 174
1 175
1 176
1 177
1 178
1 179
1 180
1 181
1 182
1 183
1 184
1 185
1 186
1 187
1 188
1 189
1 190
1 191
1 192
1 193
1 194
1 195
1 196
1 197
1 198
1 199
1 200
1 201
1 202
1 203
1 204
1 205
1 206
1 207
1 208
1 209
1 210
1 211
1 212
1 213
1 214
1 215
1 216
1 217
1 218
1 219
1 220
1 221
1 222
1 223
1 224
1 225
1 226
1 227
1 228
1 229
1 230
1 231
1 232
1 233
1 234
1 235
1 236
1 237
1 238
1 239
1 240
1 241
1 242
1 243
1 244
1 245
1 246
1 247
1 248
1 249
1 250
1 251
1 252
1 253
1 254
1 255
1 256
1 257
1 258
1 259
1 260
1 261
1 262
1 263
1 264
1 265
1 266
1 267
1 268
1 269
1 270
1 271
1 272
1 273
1 274
1 275
1 276
1 277
1 278
1 279
1 280
1 281
1 282
1 283
1 284
1 285
1 286
1 287
1 288
1 289
1 290
1 291
1 292
1 293
1 294
1 295
1 296
1 297
1 298
1 299
1 300
1 301
1 302
1 303
1 304
1 305
1 306
1 307
1 308
1 309
1 310
1 311
1 312
1 313
1 314
1 315
1 316
1 317
1 318
1 319
1 320
1 321
1 322
1 323
1 324
1 325
1 326
1 327
1 328
1 329
1 330
1 331
1 332
1 333
1 334
1 335
1 336
1 337
1 338
1 339
1 340
1 341
1 342
1 343
1 344
1 345
1 346
1 347
1 348
1 349
1 350
1 351
1 352
1 353
1 354
1 355
1 356
1 357
1 358
1 359
1 360
1 361
1 362
1 363
1 364
1 365
1 366
1 367
1 368
1 369
1 370
1 371
1 372
1 373
1 374
1 375
1 376
1 377
1 378
1 379
1 380
1 381
1 382
1 383
1 384
1 385
1 386
1 387
1 388
1 389
1 390
1 391
1 392
1 393
1 394
1 395
1 396
1 397
1 398
1 399
1 400
1 401
1 402
1 403
1 404
1 405
1 406
1 407
1 408
1 409
1 410
1 411
1 412
1 413
1 414
1 415
1 416
1 417
1 418
1 419
1 420
1 421
1 422
1 423
1 424
1 425
1 426
1 427
1 428
1 429
1 430
1 431
1 432
1 433
1 434
1 435
1 436
1 437
1 438
1 439
1 440
1 441
1 442
1 443
1 444
1 445
1 446
1 447
1 448
1 449
1 450
1 451
1 452
1 453
1 454
1 455
1 456
1 457
1 458
1 459
1 460
1 461
1 462
1 463
1 464
1 465
1 466
1 467
1 468
1 469
1 470
1 471
1 472
1 473
1 474
1 475
1 476
1 477
1 478
1 479
1 480
1 481
1 482
1 483
1 484
1 485
1 486
1 487
1 488
1 489
1 490
1 491
1 492
1 493
1 494
1 495
1 496
1 497
1 498
1 499
1 500
1 501
1 502
1 503
1 504
1 505
1 506
1 507
1 508
1 509
1 510
1 511
1 512
1 513
1 514
1 515
1 516
1 517
1 518
1 519
1 520
1 521
1 522
1 523
1 524
1 525
1 526
1 527
1 528
1 529
1 530
1 531
1 532
1 533
1 534
1 535
1 536
1 537
1 538
1 539
1 540
1 541
1 542
1 543
1 544
1 545
1 546
1 547
1 548
1 549
1 550
1 551
1 552
1 553
1 554
1 555
1 556
1 557
1 558
1 559
1 560
1 561
1 562
1 563
1 564
1 565
1 566
1 567
1 568
1 569
1 570
1 571
1 572
1 573
1 574
1 575
1 576
1 577
1 578
1 579
1 580
1 581
1 582
1 583
1 584
1 585
1 586
1 587
1 588
1 589
1 590
1 591
1 592
1 593
1 594
1 595
1 596
1 597
1 598
1 599
1 600
1 601
1 602
1 603
1 604
1 605
1 606
1 607
1 608
1 609
1 610
1 611
1 612
1 613
1 614
1 615
1 616
1 617
1 618
1 619
1 620
1 621
1 622
1 623
1 624
1 625
1 626
1 627
1 628
1 629
1 630
1 631
1 632
1 633
1 634
1 635
1 636
1 637
1 638
1 639
1 640
1 641
1 642
1 643
1 644
1 645
1 646
1 647
1 648
1 649
1 650
1 651
1 652
1 653
1 654
1 655
1 656
1 657
1 658
1 659
1 660
1 661
1 662
1 663
1 664
1 665
1 666
1 667
1 668
1 669
1 670
1 671
1 672
1 673
1 674
1 675
1 676
1 677
1 678
1 679
1 680
1 681
1 682
1 683
1 684
1 685
1 686
1 687
1 688
1 689
1 690
1 691
1 692
1 693
1 694
1 695
1 696
1 697
1 698
1 699
1 700
1 701
1 702
1 703
1 704
1 705
1 706
1 707
1 708
1 709
1 710
1 711
1 712
1 713
1 714
1 715
1 716
1 717
1 718
1 719
1 720
1 721
1 722
1 723
1 724
1 725
1 726
1 727
1 728
1 729
1 730
1 731
1 732
1 733
1 734
1 735
1 736
1 737
1 738
1 739
1 740
1 741
1 742
1 743
1 744
1 745
1 746
1 747
1 748
1 749
1 750
1 751
1 752
1 753
1 754
1 755
1 756
1 757
1 758
1 759
1 760
1 761
1 762
1 763
1 764
1 765
1 766
1 767
1 768
1 769
1 770
1 771
1 772
1 773
1 774
1 775
1 776
1 777
1 778
1 779
1 780
1 781
1 782
1 783
1 784
1 785
1 786
1 787
1 788
1 789
1 790
1 791
1 792
1 793
1 794
1 795
1 796
1 797
1 798
1 799
1 800
1 801
1 802
1 803
1 804
1 805
1 806
1 807
1 808
1 809
1 810
1 811
1 812
1 813
1 814
1 815
1 816
1 817
1 818
1 819
1 820
1 821
1 822
1 823
1 824
1 825
1 826
1 827
1 828
1 829
1 830
1 831
1 832
1 833
1 834
1 835
1 836
1 837
1 838
1 839
1 840
1 841
1 842
1 843
1 844
1 845
1 846
1 847
1 848
1 849
1 850
1 851
1 852
1 853
1 854
1 855
1 856
1 857
1 858
1 859
1 860
1 861
1 862
1 863
1 864
1 865
1 866
1 867
1 868
1 869
1 870
1 871
1 872
1 873
1 874
1 875
1 876
1 877
1 878
1 879
1 880
1 881
1 882
1 883
1 884
1 885
1 886
1 887
1 888
1 889
1 890
1 891
1 892
1 893
1 894
1 895
1 896
1 897
1 898
1 899
1 900
1 901
1 902
1 903
1 904
1 905
1 906
1 907
1 908
1 909
1 910
1 911
1 912
1 913
1 914
1 915
1 916
1 917
1 918
1 919
1 920
1 921
1 922
1 923
1 924
1 925
1 926
1 927
1 928
1 929
1 930
1 931
1 932
1 933
1 934
1 935
1 936
1 937
1 938
1 939
1 940
1 941
1 942
908
51 123 253 379 558 435 309 525 226 759 423 884 12 8 38 615 442 458 21 137 725 176 584 62 774 394 719 541 815 741 551 281 661 324 6 474 880 216 510 776 668 886 23 164 1 556 287 568 240 685 132 245 84 782 772 678 618 659 464 653 546 46 543 461 795 167 780 682 859 424 540 855 274 120 251 160 477 676 501 822 577 529 224 405 906 26 144 248 606 415 207 601 220 173 311 617 50 750 250 591 512 467 702 687 493 531 888 875 34 476 202 36 457 660 426 573 206 848 718 748 864 223 599 569 494 258 385 370 686 821 194 440 157 16 364 905 614 67 841 707 767 736 116 481 771 252 328 292 891 225 545 259 100 487 572 338 704 722 807 386 832 627 265 262 19 382 559 721 629 843 533 505 83 715 387 182 613 451 411 698 357 882 817 300 789 321 808 400 244 813 3 588 553 384 404 738 805 257 828 87 894 269 648 406 713 763 466 127 583 563 409 769 455 304 121 175 883 552 522 392 470 616 560 134 801 472 7 91 471 215 302 836 489 450 652 201 241 636 645 496 66 576 907 664 30 149 744 261 624 64 793 243 703 316 513 322 779 14 101 806 542 566 856 829 326 728 870 797 285 889 47 849 872 88 697 714 2 288 669 770 414 150 742 825 791 851 820 598 407 180 39 192 53 597 574 68 840 433 117 530 124 401 429 749 148 295 842 96 798 5 56 712 351 33 229 298 799 867 278 391 878 499 246 403 562 865 289 43 643 397 727 827 486 635 753 887 792 105 276 230 271 500 706 838 372 527 561 129 360 152 155 672 159 670 128 421 896 333 267 187 172 737 95 549 507 852 154 456 126 350 205 199 347 465 488 701 482 528 329 354 657 644 641 15 647 80 308 255 141 162 170 757 504 371 340 902 313 650 547 585 410 335 683 869 688 219 369 495 334 695 589 380 786 389 844 901 853 293 188 734 18 303 301 847 665 151 837 402 200 717 135 681 184 344 264 413 63 555 684 341 92 197 898 692 628 731 671 673 381 178 810 740 478 594 716 282 228 181 877 516 765 417 603 904 677 4 22 751 427 337 315 746 690 611 388 343 638 286 165 680 756 879 222 136 819 446 275 788 861 69 82 119 675 428 592 104 602 720 518 709 122 622 758 640 143 365 473 52 79 434 191 305 899 310 582 564 521 166 726 169 353 729 233 453 109 662 441 449 204 416 130 196 331 213 632 439 468 76 783 777 325 565 280 796 567 112 297 490 139 696 816 367 81 634 418 519 330 185 497 876 378 59 658 625 98 235 523 277 554 839 214 419 733 72 40 833 377 491 868 44 587 612 785 268 366 854 239 452 153 536 619 393 374 158 483 35 37 54 99 814 747 811 860 538 755 249 524 107 78 710 610 318 339 118 711 447 28 764 605 232 58 708 732 873 183 775 633 520 881 444 739 492 266 395 459 342 247 454 609 29 218 735 174 317 691 778 575 705 41 358 327 431 75 11 291 242 420 809 537 694 65 163 231 693 217 730 637 515 895 290 210 296 580 186 502 10 506 320 654 362 13 903 195 642 800 600 146 412 237 845 102 307 314 517 674 803 193 114 260 71 145 443 208 818 479 383 830 608 111 279 432 768 294 586 534 74 596 108 171 511 623 209 762 539 131 897 422 272 94 31 133 463 212 373 700 77 256 312 113 773 161 857 234 352 480 630 834 299 850 203 858 484 437 699 745 211 863 724 781 236 548 590 752 9 93 469 408 349 656 156 723 147 871 784 607 460 86 570 571 578 42 544 106 430 787 319 273 532 790 823 375 846 27 398 359 399 89 103 390 893 356 535 760 689 70 557 802 679 49 306 198 17 60 892 503 824 620 177 794 270 900 32 639 20 743 57 227 498 874 908 110 651 885 168 90 475 508 526 283 85 766 862 812 761 45 448 835 595 626 284 115 221 254 831 24 754 348 579 238 550 667 376 621 396 355 336 55 25 48 655 263 666 61 890 604 509 140 142 346 804 462 363 332 361 125 345 425 581 514 323 866 649 445 436 368 73 189 646 190 826 138 631 179 663 593 485 97 438
1 2
1 3
1 4
1 5
1 6
1 7
1 8
1 9
1 10
1 11
1 12
1 13
1 14
1 15
1 16
1 17
1 18
1 19
1 20
1 21
1 22
1 23
1 24
1 25
1 26
1 27
1 28
1 29
1 30
1 31
1 32
1 33
1 34
1 35
1 36
1 37
1 38
1 39
1 40
1 41
1 42
1 43
1 44
1 45
1 46
1 47
1 48
1 49
1 50
1 51
1 52
1 53
1 54
1 55
1 56
1 57
1 58
1 59
1 60
1 61
1 62
1 63
1 64
1 65
1 66
1 67
1 68
1 69
1 70
1 71
1 72
1 73
1 74
1 75
1 76
1 77
1 78
1 79
1 80
1 81
1 82
1 83
1 84
1 85
1 86
1 87
1 88
1 89
1 90
1 91
1 92
1 93
1 94
1 95
1 96
1 97
1 98
1 99
1 100
1 101
1 102
1 103
1 104
1 105
1 106
1 107
1 108
1 109
1 110
1 111
1 112
1 113
1 114
1 115
1 116
1 117
1 118
1 119
1 120
1 121
1 122
1 123
1 124
1 125
1 126
1 127
1 128
1 129
1 130
1 131
1 132
1 133
1 134
1 135
1 136
1 137
1 138
1 139
1 140
1 141
1 142
1 143
1 144
1 145
1 146
1 147
1 148
1 149
1 150
1 151
1 152
1 153
1 154
1 155
1 156
1 157
1 158
1 159
1 160
1 161
1 162
1 163
1 164
1 165
1 166
1 167
1 168
1 169
1 170
1 171
1 172
1 173
1 174
1 175
1 176
1 177
1 178
1 179
1 180
1 181
1 182
1 183
1 184
1 185
1 186
1 187
1 188
1 189
1 190
1 191
1 192
1 193
1 194
1 195
1 196
1 197
1 198
1 199
1 200
1 201
1 202
1 203
1 204
1 205
1 206
1 207
1 208
1 209
1 210
1 211
1 212
1 213
1 214
1 215
1 216
1 217
1 218
1 219
1 220
1 221
1 222
1 223
1 224
1 225
1 226
1 227
1 228
1 229
1 230
1 231
1 232
1 233
1 234
1 235
1 236
1 237
1 238
1 239
1 240
1 241
1 242
1 243
1 244
1 245
1 246
1 247
1 248
1 249
1 250
1 251
1 252
1 253
1 254
1 255
1 256
1 257
1 258
1 259
1 260
1 261
1 262
1 263
1 264
1 265
1 266
1 267
1 268
1 269
1 270
1 271
1 272
1 273
1 274
1 275
1 276
1 277
1 278
1 279
1 280
1 281
1 282
1 283
1 284
1 285
1 286
1 287
1 288
1 289
1 290
1 291
1 292
1 293
1 294
1 295
1 296
1 297
1 298
1 299
1 300
1 301
1 302
1 303
1 304
1 305
1 306
1 307
1 308
1 309
1 310
1 311
1 312
1 313
1 314
1 315
1 316
1 317
1 318
1 319
1 320
1 321
1 322
1 323
1 324
1 325
1 326
1 327
1 328
1 329
1 330
1 331
1 332
1 333
1 334
1 335
1 336
1 337
1 338
1 339
1 340
1 341
1 342
1 343
1 344
1 345
1 346
1 347
1 348
1 349
1 350
1 351
1 352
1 353
1 354
1 355
1 356
1 357
1 358
1 359
1 360
1 361
1 362
1 363
1 364
1 365
1 366
1 367
1 368
1 369
1 370
1 371
1 372
1 373
1 374
1 375
1 376
1 377
1 378
1 379
1 380
1 381
1 382
1 383
1 384
1 385
1 386
1 387
1 388
1 389
1 390
1 391
1 392
1 393
1 394
1 395
1 396
1 397
1 398
1 399
1 400
1 401
1 402
1 403
1 404
1 405
1 406
1 407
1 408
1 409
1 410
1 411
1 412
1 413
1 414
1 415
1 416
1 417
1 418
1 419
1 420
1 421
1 422
1 423
1 424
1 425
1 426
1 427
1 428
1 429
1 430
1 431
1 432
1 433
1 434
1 435
1 436
1 437
1 438
1 439
1 440
1 441
1 442
1 443
1 444
1 445
1 446
1 447
1 448
1 449
1 450
1 451
1 452
1 453
1 454
1 455
1 456
1 457
1 458
1 459
1 460
1 461
1 462
1 463
1 464
1 465
1 466
1 467
1 468
1 469
1 470
1 471
1 472
1 473
1 474
1 475
1 476
1 477
1 478
1 479
1 480
1 481
1 482
1 483
1 484
1 485
1 486
1 487
1 488
1 489
1 490
1 491
1 492
1 493
1 494
1 495
1 496
1 497
1 498
1 499
1 500
1 501
1 502
1 503
1 504
1 505
1 506
1 507
1 508
1 509
1 510
1 511
1 512
1 513
1 514
1 515
1 516
1 517
1 518
1 519
1 520
1 521
1 522
1 523
1 524
1 525
1 526
1 527
1 528
1 529
1 530
1 531
1 532
1 533
1 534
1 535
1 536
1 537
1 538
1 539
1 540
1 541
1 542
1 543
1 544
1 545
1 546
1 547
1 548
1 549
1 550
1 551
1 552
1 553
1 554
1 555
1 556
1 557
1 558
1 559
1 560
1 561
1 562
1 563
1 564
1 565
1 566
1 567
1 568
1 569
1 570
1 571
1 572
1 573
1 574
1 575
1 576
1 577
1 578
1 579
1 580
1 581
1 582
1 583
1 584
1 585
1 586
1 587
1 588
1 589
1 590
1 591
1 592
1 593
1 594
1 595
1 596
1 597
1 598
1 599
1 600
1 601
1 602
1 603
1 604
1 605
1 606
1 607
1 608
1 609
1 610
1 611
1 612
1 613
1 614
1 615
1 616
1 617
1 618
1 619
1 620
1 621
1 622
1 623
1 624
1 625
1 626
1 627
1 628
1 629
1 630
1 631
1 632
1 633
1 634
1 635
1 636
1 637
1 638
1 639
1 640
1 641
1 642
1 643
1 644
1 645
1 646
1 647
1 648
1 649
1 650
1 651
1 652
1 653
1 654
1 655
1 656
1 657
1 658
1 659
1 660
1 661
1 662
1 663
1 664
1 665
1 666
1 667
1 668
1 669
1 670
1 671
1 672
1 673
1 674
1 675
1 676
1 677
1 678
1 679
1 680
1 681
1 682
1 683
1 684
1 685
1 686
1 687
1 688
1 689
1 690
1 691
1 692
1 693
1 694
1 695
1 696
1 697
1 698
1 699
1 700
1 701
1 702
1 703
1 704
1 705
1 706
1 707
1 708
1 709
1 710
1 711
1 712
1 713
1 714
1 715
1 716
1 717
1 718
1 719
1 720
1 721
1 722
1 723
1 724
1 725
1 726
1 727
1 728
1 729
1 730
1 731
1 732
1 733
1 734
1 735
1 736
1 737
1 738
1 739
1 740
1 741
1 742
1 743
1 744
1 745
1 746
1 747
1 748
1 749
1 750
1 751
1 752
1 753
1 754
1 755
1 756
1 757
1 758
1 759
1 760
1 761
1 762
1 763
1 764
1 765
1 766
1 767
1 768
1 769
1 770
1 771
1 772
1 773
1 774
1 775
1 776
1 777
1 778
1 779
1 780
1 781
1 782
1 783
1 784
1 785
1 786
1 787
1 788
1 789
1 790
1 791
1 792
1 793
1 794
1 795
1 796
1 797
1 798
1 799
1 800
1 801
1 802
1 803
1 804
1 805
1 806
1 807
1 808
1 809
1 810
1 811
1 812
1 813
1 814
1 815
1 816
1 817
1 818
1 819
1 820
1 821
1 822
1 823
1 824
1 825
1 826
1 827
1 828
1 829
1 830
1 831
1 832
1 833
1 834
1 835
1 836
1 837
1 838
1 839
1 840
1 841
1 842
1 843
1 844
1 845
1 846
1 847
1 848
1 849
1 850
1 851
1 852
1 853
1 854
1 855
1 856
1 857
1 858
1 859
1 860
1 861
1 862
1 863
1 864
1 865
1 866
1 867
1 868
1 869
1 870
1 871
1 872
1 873
1 874
1 875
1 876
1 877
1 878
1 879
1 880
1 881
1 882
1 883
1 884
1 885
1 886
1 887
1 888
1 889
1 890
1 891
1 892
1 893
1 894
1 895
1 896
1 897
1 898
1 899
1 900
1 901
1 902
1 903
1 904
1 905
1 906
1 907
1 908
910
378 686 647 473 303 110 847 814 82 386 369 593 691 299 193 778 650 262 569 837 122 366 26 336 524 53 521 451 853 789 199 732 446 312 115 128 334 458 733 68 813 324 454 821 483 722 2 112 514 546 170 219 480 558 614 94 76 542 404 861 285 597 67 632 659 153 102 251 468 396 564 80 260 175 255 8 510 181 875 680 654 628 335 909 201 627 131 748 863 209 824 166 245 443 644 111 340 866 307 6 447 870 738 820 857 200 531 637 641 436 308 780 427 535 879 687 640 44 553 243 39 361 509 618 382 140 388 869 276 831 142 106 329 701 367 653 305 487 712 656 103 411 660 851 155 704 457 502 121 66 757 145 195 208 177 661 206 160 864 400 315 460 12 885 714 63 229 617 415 392 850 812 620 70 693 470 296 69 132 517 645 768 725 662 467 459 117 651 215 104 675 213 327 596 13 888 263 876 43 365 364 14 250 823 313 325 372 113 355 227 811 256 532 881 84 74 158 591 424 689 124 533 271 320 563 907 135 566 554 389 83 717 191 589 506 326 745 538 211 357 24 508 422 220 544 257 817 393 819 715 734 174 291 414 609 540 281 581 718 537 97 664 562 434 212 495 846 45 604 623 284 529 230 242 501 452 15 60 52 708 795 85 522 698 769 240 430 51 185 497 143 578 528 237 478 198 420 728 486 629 432 331 854 144 359 836 842 440 465 321 818 333 78 96 598 482 54 822 492 816 20 594 387 380 126 584 339 702 417 764 350 826 756 829 55 670 867 511 903 118 19 676 805 234 203 247 461 239 754 192 672 496 765 5 605 794 788 621 42 772 724 525 290 505 34 35 101 405 314 750 721 47 781 138 643 606 752 258 523 841 399 236 154 179 300 40 843 499 655 310 376 840 119 280 437 31 409 706 624 304 416 760 705 188 555 519 57 403 25 283 608 560 697 767 753 368 657 370 884 22 23 413 127 515 224 373 464 774 306 205 830 709 736 341 802 445 99 775 269 512 504 241 865 64 407 585 761 743 105 669 346 298 410 882 30 50 156 809 762 293 274 588 441 455 133 48 207 139 744 49 790 147 287 806 786 167 550 800 9 73 163 165 503 261 343 141 619 152 692 36 580 577 858 784 226 279 739 871 223 807 27 225 905 896 776 572 682 159 746 231 270 530 91 129 302 615 425 228 749 197 423 576 526 248 429 574 602 107 700 683 908 601 666 603 494 729 190 89 347 398 648 878 77 475 183 771 684 108 547 295 534 130 381 616 782 779 254 433 286 552 498 235 491 418 330 134 363 100 845 442 804 311 899 536 351 238 328 838 874 354 902 322 202 671 41 766 803 272 695 87 894 500 282 877 412 289 690 890 148 472 161 493 758 688 32 278 360 507 751 668 164 649 173 439 613 136 855 543 61 402 309 710 895 667 356 770 323 453 674 342 1 471 419 180 120 273 587 353 868 204 383 634 344 565 316 852 18 37 194 652 678 450 548 834 462 891 265 345 390 626 438 713 196 719 832 79 796 222 189 264 490 182 358 663 633 11 646 301 880 431 232 374 862 371 46 904 607 3 681 665 294 7 75 95 808 559 92 859 146 184 741 694 377 59 872 72 883 151 541 798 677 246 590 639 735 638 635 573 910 125 21 568 897 474 489 545 62 539 567 109 162 835 658 773 394 742 839 214 889 901 520 561 114 485 727 518 428 716 449 740 759 426 707 723 586 178 720 4 266 267 488 571 137 873 849 711 551 642 444 600 217 435 288 56 856 730 186 292 391 38 893 703 65 168 318 259 783 801 636 549 421 408 349 592 81 612 149 86 595 362 275 171 71 599 886 570 90 583 737 622 210 385 726 685 579 469 28 844 319 477 338 16 731 216 763 395 699 150 157 610 791 448 221 352 332 29 172 787 253 825 476 815 833 793 513 348 673 611 317 516 892 696 860 58 93 906 481 484 456 625 233 900 557 375 828 116 630 268 33 337 797 379 799 17 575 887 88 848 277 218 582 556 187 527 244 792 827 679 169 397 297 631 747 384 401 463 777 123 252 406 10 898 466 479 785 810 755 98 249 176
1 2
1 3
1 4
1 5
1 6
1 7
1 8
1 9
1 10
1 11
1 12
1 13
1 14
1 15
1 16
1 17
1 18
1 19
1 20
1 21
1 22
1 23
1 24
1 25
1 26
1 27
1 28
1 29
1 30
1 31
1 32
1 33
1 34
1 35
1 36
1 37
1 38
1 39
1 40
1 41
1 42
1 43
1 44
1 45
1 46
1 47
1 48
1 49
1 50
1 51
1 52
1 53
1 54
1 55
1 56
1 57
1 58
1 59
1 60
1 61
1 62
1 63
1 64
1 65
1 66
1 67
1 68
1 69
1 70
1 71
1 72
1 73
1 74
1 75
1 76
1 77
1 78
1 79
1 80
1 81
1 82
1 83
1 84
1 85
1 86
1 87
1 88
1 89
1 90
1 91
1 92
1 93
1 94
1 95
1 96
1 97
1 98
1 99
1 100
1 101
1 102
1 103
1 104
1 105
1 106
1 107
1 108
1 109
1 110
1 111
1 112
1 113
1 114
1 115
1 116
1 117
1 118
1 119
1 120
1 121
1 122
1 123
1 124
1 125
1 126
1 127
1 128
1 129
1 130
1 131
1 132
1 133
1 134
1 135
1 136
1 137
1 138
1 139
1 140
1 141
1 142
1 143
1 144
1 145
1 146
1 147
1 148
1 149
1 150
1 151
1 152
1 153
1 154
1 155
1 156
1 157
1 158
1 159
1 160
1 161
1 162
1 163
1 164
1 165
1 166
1 167
1 168
1 169
1 170
1 171
1 172
1 173
1 174
1 175
1 176
1 177
1 178
1 179
1 180
1 181
1 182
1 183
1 184
1 185
1 186
1 187
1 188
1 189
1 190
1 191
1 192
1 193
1 194
1 195
1 196
1 197
1 198
1 199
1 200
1 201
1 202
1 203
1 204
1 205
1 206
1 207
1 208
1 209
1 210
1 211
1 212
1 213
1 214
1 215
1 216
1 217
1 218
1 219
1 220
1 221
1 222
1 223
1 224
1 225
1 226
1 227
1 228
1 229
1 230
1 231
1 232
1 233
1 234
1 235
1 236
1 237
1 238
1 239
1 240
1 241
1 242
1 243
1 244
1 245
1 246
1 247
1 248
1 249
1 250
1 251
1 252
1 253
1 254
1 255
1 256
1 257
1 258
1 259
1 260
1 261
1 262
1 263
1 264
1 265
1 266
1 267
1 268
1 269
1 270
1 271
1 272
1 273
1 274
1 275
1 276
1 277
1 278
1 279
1 280
1 281
1 282
1 283
1 284
1 285
1 286
1 287
1 288
1 289
1 290
1 291
1 292
1 293
1 294
1 295
1 296
1 297
1 298
1 299
1 300
1 301
1 302
1 303
1 304
1 305
1 306
1 307
1 308
1 309
1 310
1 311
1 312
1 313
1 314
1 315
1 316
1 317
1 318
1 319
1 320
1 321
1 322
1 323
1 324
1 325
1 326
1 327
1 328
1 329
1 330
1 331
1 332
1 333
1 334
1 335
1 336
1 337
1 338
1 339
1 340
1 341
1 342
1 343
1 344
1 345
1 346
1 347
1 348
1 349
1 350
1 351
1 352
1 353
1 354
1 355
1 356
1 357
1 358
1 359
1 360
1 361
1 362
1 363
1 364
1 365
1 366
1 367
1 368
1 369
1 370
1 371
1 372
1 373
1 374
1 375
1 376
1 377
1 378
1 379
1 380
1 381
1 382
1 383
1 384
1 385
1 386
1 387
1 388
1 389
1 390
1 391
1 392
1 393
1 394
1 395
1 396
1 397
1 398
1 399
1 400
1 401
1 402
1 403
1 404
1 405
1 406
1 407
1 408
1 409
1 410
1 411
1 412
1 413
1 414
1 415
1 416
1 417
1 418
1 419
1 420
1 421
1 422
1 423
1 424
1 425
1 426
1 427
1 428
1 429
1 430
1 431
1 432
1 433
1 434
1 435
1 436
1 437
1 438
1 439
1 440
1 441
1 442
1 443
1 444
1 445
1 446
1 447
1 448
1 449
1 450
1 451
1 452
1 453
1 454
1 455
1 456
1 457
1 458
1 459
1 460
1 461
1 462
1 463
1 464
1 465
1 466
1 467
1 468
1 469
1 470
1 471
1 472
1 473
1 474
1 475
1 476
1 477
1 478
1 479
1 480
1 481
1 482
1 483
1 484
1 485
1 486
1 487
1 488
1 489
1 490
1 491
1 492
1 493
1 494
1 495
1 496
1 497
1 498
1 499
1 500
1 501
1 502
1 503
1 504
1 505
1 506
1 507
1 508
1 509
1 510
1 511
1 512
1 513
1 514
1 515
1 516
1 517
1 518
1 519
1 520
1 521
1 522
1 523
1 524
1 525
1 526
1 527
1 528
1 529
1 530
1 531
1 532
1 533
1 534
1 535
1 536
1 537
1 538
1 539
1 540
1 541
1 542
1 543
1 544
1 545
1 546
1 547
1 548
1 549
1 550
1 551
1 552
1 553
1 554
1 555
1 556
1 557
1 558
1 559
1 560
1 561
1 562
1 563
1 564
1 565
1 566
1 567
1 568
1 569
1 570
1 571
1 572
1 573
1 574
1 575
1 576
1 577
1 578
1 579
1 580
1 581
1 582
1 583
1 584
1 585
1 586
1 587
1 588
1 589
1 590
1 591
1 592
1 593
1 594
1 595
1 596
1 597
1 598
1 599
1 600
1 601
1 602
1 603
1 604
1 605
1 606
1 607
1 608
1 609
1 610
1 611
1 612
1 613
1 614
1 615
1 616
1 617
1 618
1 619
1 620
1 621
1 622
1 623
1 624
1 625
1 626
1 627
1 628
1 629
1 630
1 631
1 632
1 633
1 634
1 635
1 636
1 637
1 638
1 639
1 640
1 641
1 642
1 643
1 644
1 645
1 646
1 647
1 648
1 649
1 650
1 651
1 652
1 653
1 654
1 655
1 656
1 657
1 658
1 659
1 660
1 661
1 662
1 663
1 664
1 665
1 666
1 667
1 668
1 669
1 670
1 671
1 672
1 673
1 674
1 675
1 676
1 677
1 678
1 679
1 680
1 681
1 682
1 683
1 684
1 685
1 686
1 687
1 688
1 689
1 690
1 691
1 692
1 693
1 694
1 695
1 696
1 697
1 698
1 699
1 700
1 701
1 702
1 703
1 704
1 705
1 706
1 707
1 708
1 709
1 710
1 711
1 712
1 713
1 714
1 715
1 716
1 717
1 718
1 719
1 720
1 721
1 722
1 723
1 724
1 725
1 726
1 727
1 728
1 729
1 730
1 731
1 732
1 733
1 734
1 735
1 736
1 737
1 738
1 739
1 740
1 741
1 742
1 743
1 744
1 745
1 746
1 747
1 748
1 749
1 750
1 751
1 752
1 753
1 754
1 755
1 756
1 757
1 758
1 759
1 760
1 761
1 762
1 763
1 764
1 765
1 766
1 767
1 768
1 769
1 770
1 771
1 772
1 773
1 774
1 775
1 776
1 777
1 778
1 779
1 780
1 781
1 782
1 783
1 784
1 785
1 786
1 787
1 788
1 789
1 790
1 791
1 792
1 793
1 794
1 795
1 796
1 797
1 798
1 799
1 800
1 801
1 802
1 803
1 804
1 805
1 806
1 807
1 808
1 809
1 810
1 811
1 812
1 813
1 814
1 815
1 816
1 817
1 818
1 819
1 820
1 821
1 822
1 823
1 824
1 825
1 826
1 827
1 828
1 829
1 830
1 831
1 832
1 833
1 834
1 835
1 836
1 837
1 838
1 839
1 840
1 841
1 842
1 843
1 844
1 845
1 846
1 847
1 848
1 849
1 850
1 851
1 852
1 853
1 854
1 855
1 856
1 857
1 858
1 859
1 860
1 861
1 862
1 863
1 864
1 865
1 866
1 867
1 868
1 869
1 870
1 871
1 872
1 873
1 874
1 875
1 876
1 877
1 878
1 879
1 880
1 881
1 882
1 883
1 884
1 885
1 886
1 887
1 888
1 889
1 890
1 891
1 892
1 893
1 894
1 895
1 896
1 897
1 898
1 899
1 900
1 901
1 902
1 903
1 904
1 905
1 906
1 907
1 908
1 909
1 910
