10
470
158 231 6 422 206 149 120 167 309 7 228 424 25 384 258 246 220 447 373 70 72 355 223 209 253 21 320 301 322 457 377 300 317 436 418 249 392 234 399 370 164 212 468 95 31 330 140 325 433 152 48 17 112 342 266 50 314 327 168 49 404 359 210 169 363 26 61 413 241 432 277 264 334 292 411 33 416 296 362 40 354 18 366 15 83 417 276 85 403 71 203 137 440 435 434 144 451 60 8 213 396 358 42 379 165 115 294 208 361 88 150 157 20 173 268 463 338 156 36 227 101 339 129 177 65 224 340 77 271 389 64 174 467 275 207 270 344 105 263 222 282 343 306 333 201 242 73 181 291 187 453 159 55 376 398 125 136 371 265 30 303 352 113 441 43 109 89 127 240 383 96 45 443 408 356 99 84 229 390 444 185 302 13 470 305 94 218 47 381 298 304 119 121 401 175 1 341 75 216 142 135 466 437 260 32 141 313 394 35 454 407 39 442 214 104 336 367 143 290 118 372 23 225 256 16 116 67 351 139 126 189 34 248 198 365 267 429 117 346 138 27 196 52 331 107 80 281 9 273 5 166 106 419 324 163 312 92 279 154 385 315 191 261 153 197 63 69 378 2 335 97 446 124 350 59 285 29 128 193 307 316 286 37 414 368 410 251 353 182 308 188 311 400 245 51 238 217 254 439 430 53 382 255 58 91 176 328 239 204 449 235 462 22 348 78 460 66 269 184 68 79 445 295 233 357 409 332 205 146 374 103 232 108 427 465 178 87 428 469 287 347 247 395 38 180 329 86 326 426 262 391 293 179 56 297 122 284 458 257 337 459 250 183 102 186 161 190 236 151 221 310 448 388 243 194 54 155 130 14 147 123 57 321 431 452 274 456 421 450 111 131 134 76 192 110 278 90 162 132 464 12 386 318 319 405 93 28 219 252 98 170 425 46 360 397 412 387 3 24 237 82 380 369 172 375 199 74 195 299 423 345 288 280 272 133 4 289 323 160 41 461 244 81 283 211 114 145 10 171 19 226 148 364 406 202 215 200 349 100 402 393 455 44 230 415 420 259 62 438 11
1 2
1 189
1 190
1 191
1 192
1 193
1 194
1 195
1 196
1 197
1 198
1 199
1 200
1 201
1 202
1 203
1 204
1 205
1 206
1 207
1 208
1 209
1 210
1 211
1 212
1 213
1 214
1 215
1 216
1 217
1 218
1 219
1 220
1 221
1 222
1 223
1 224
1 225
1 226
1 227
1 228
1 229
1 230
1 231
1 232
1 233
1 234
1 235
1 236
1 237
1 238
1 239
1 240
1 241
1 242
1 243
1 244
1 245
1 246
1 247
1 248
1 249
1 250
1 251
1 252
1 253
1 254
1 255
1 256
1 257
1 258
1 259
1 260
1 261
1 262
1 263
1 264
1 265
1 266
1 267
1 268
1 269
1 270
1 271
1 272
1 273
1 274
1 275
1 276
1 277
1 278
1 279
1 280
1 281
1 282
1 283
1 284
1 285
1 286
1 287
1 288
1 289
1 290
1 291
1 292
1 293
1 294
1 295
1 296
1 297
1 298
1 299
1 300
1 301
1 302
1 303
1 304
1 305
1 306
1 307
1 308
1 309
1 310
1 311
1 312
1 313
1 314
1 315
1 316
1 317
1 318
1 319
1 320
1 321
1 322
1 323
1 324
1 325
1 326
1 327
1 328
1 329
1 330
1 331
1 332
1 333
1 334
1 335
1 336
1 337
1 338
1 339
1 340
1 341
1 342
1 343
1 344
1 345
1 346
1 347
1 348
1 349
1 350
1 351
1 352
2 3
3 4
4 5
4 397
5 6
6 7
7 8
8 9
9 10
10 11
10 393
11 12
11 364
12 13
13 14
14 15
15 16
16 17
17 18
18 19
19 20
20 21
20 451
21 22
22 23
23 24
24 25
24 370
25 26
25 396
26 27
27 28
27 362
27 403
28 29
29 30
30 31
30 410
31 32
31 353
31 388
32 33
33 34
34 35
35 36
36 37
37 38
37 421
38 39
39 40
40 41
41 42
42 43
43 44
43 454
44 45
45 46
45 431
46 47
47 48
48 49
49 50
50 51
50 455
51 52
52 53
53 54
54 55
55 56
55 424
56 57
57 58
58 59
59 60
60 61
60 386
61 62
62 63
62 361
62 448
63 64
64 65
65 66
65 399
66 67
67 68
68 69
69 70
69 360
70 71
71 72
72 73
73 74
74 75
75 76
76 77
76 470
77 78
78 79
79 80
80 81
81 82
81 354
82 83
82 357
82 461
83 84
84 85
85 86
86 87
87 88
88 89
89 90
90 91
91 92
91 382
92 93
93 94
93 358
94 95
94 356
95 96
96 97
96 427
97 98
98 99
98 462
99 100
100 101
101 102
102 103
103 104
103 420
104 105
105 106
106 107
107 108
107 463
108 109
108 469
109 110
109 446
110 111
111 112
111 389
112 113
113 114
114 115
114 374
115 116
115 460
116 117
117 118
118 119
119 120
120 121
121 122
122 123
123 124
124 125
125 126
126 127
127 128
128 129
129 130
129 434
130 131
131 132
132 133
133 134
134 135
135 136
136 137
137 138
137 464
138 139
139 140
140 141
141 142
142 143
143 144
144 145
145 146
146 147
146 418
146 459
147 148
148 149
149 150
150 151
151 152
151 436
152 153
152 445
153 154
154 155
154 387
154 433
155 156
156 157
157 158
158 159
159 160
159 404
160 161
161 162
161 398
162 163
163 164
164 165
165 166
166 167
167 168
168 169
169 170
170 171
170 439
171 172
172 173
173 174
174 175
174 378
175 176
176 177
177 178
178 179
179 180
180 181
181 182
182 183
183 184
183 383
184 185
184 384
184 391
185 186
186 187
187 188
187 390
192 438
195 371
197 369
197 373
203 405
205 375
208 365
208 415
215 435
217 392
220 442
228 367
228 443
232 355
241 413
243 429
244 468
253 407
253 411
257 368
258 366
275 408
275 456
278 381
279 440
288 441
295 425
298 379
298 412
300 457
305 363
309 432
311 423
316 400
320 422
324 409
325 426
330 419
330 449
334 416
335 406
336 450
340 380
343 359
344 385
347 372
347 437
354 453
356 376
359 458
360 402
364 417
368 377
368 401
375 394
379 395
379 428
382 430
386 414
397 444
397 467
403 465
405 447
421 452
448 466
496
139 29 315 307 148 194 485 115 329 442 103 58 380 260 121 89 374 198 102 339 68 402 45 462 445 47 240 429 466 9 163 368 21 323 439 331 264 67 40 188 122 12 111 456 472 351 173 234 235 440 320 391 134 446 135 271 154 304 357 278 475 93 184 493 355 468 347 342 470 107 199 130 287 321 262 49 261 164 276 230 78 52 232 283 237 205 177 382 263 352 166 344 299 209 200 301 437 353 43 155 338 90 448 169 488 157 55 366 44 286 171 193 409 220 393 219 8 455 363 131 335 395 218 249 336 179 227 185 151 28 18 377 461 158 142 414 467 444 106 288 411 104 51 143 215 325 487 201 33 98 181 180 300 294 119 404 126 178 133 84 273 274 417 386 25 403 359 50 116 7 438 379 280 221 248 372 160 31 247 26 144 110 226 479 189 330 465 77 381 481 322 311 364 277 19 80 388 225 389 340 443 449 367 99 332 252 204 334 87 14 346 120 360 140 53 222 415 239 27 423 91 216 129 94 257 30 229 224 476 259 275 291 484 197 250 306 312 196 42 356 71 62 85 73 113 124 217 265 314 132 441 267 195 152 231 191 454 471 385 459 74 17 477 6 453 56 246 394 349 251 101 10 109 373 305 424 138 266 13 387 175 108 400 95 337 452 469 269 371 242 309 396 223 105 172 460 361 317 211 128 433 258 370 63 478 458 432 282 343 486 79 358 354 70 422 272 369 3 316 208 436 426 245 48 244 83 318 451 431 256 54 214 376 36 416 284 174 236 5 15 390 210 292 186 153 123 324 435 474 149 190 34 182 328 46 413 268 255 290 170 2 150 212 295 412 112 72 310 434 302 296 285 425 146 159 490 228 473 1 428 496 203 362 16 76 88 319 35 491 427 61 397 298 136 187 59 69 176 145 4 64 66 483 464 365 398 419 97 297 82 37 399 254 303 241 24 293 86 348 326 141 418 118 147 23 350 494 57 279 162 482 161 270 463 480 20 183 313 156 233 421 11 341 378 137 41 375 243 327 207 281 114 430 406 100 96 32 127 447 384 289 213 410 489 167 202 75 117 308 392 333 345 450 168 253 165 405 495 192 401 383 92 492 407 408 238 125 420 22 206 457 60 81 65 38 39
1 2
1 200
1 201
1 202
1 203
1 204
1 205
1 206
1 207
1 208
1 209
1 210
1 211
1 212
1 213
1 214
1 215
1 216
1 217
1 218
1 219
1 220
1 221
1 222
1 223
1 224
1 225
1 226
1 227
1 228
1 229
1 230
1 231
1 232
1 233
1 234
1 235
1 236
1 237
1 238
1 239
1 240
1 241
1 242
1 243
1 244
1 245
1 246
1 247
1 248
1 249
1 250
1 251
1 252
1 253
1 254
1 255
1 256
1 257
1 258
1 259
1 260
1 261
1 262
1 263
1 264
1 265
1 266
1 267
1 268
1 269
1 270
1 271
1 272
1 273
1 274
1 275
1 276
1 277
1 278
1 279
1 280
1 281
1 282
1 283
1 284
1 285
1 286
1 287
1 288
1 289
1 290
1 291
1 292
1 293
1 294
1 295
1 296
1 297
1 298
1 299
1 300
1 301
1 302
1 303
1 304
1 305
1 306
1 307
1 308
1 309
1 310
1 311
1 312
1 313
1 314
1 315
1 316
1 317
1 318
1 319
1 320
1 321
1 322
1 323
1 324
1 325
1 326
1 327
1 328
1 329
1 330
1 331
1 332
1 333
1 334
1 335
1 336
1 337
1 338
1 339
1 340
1 341
1 342
1 343
1 344
1 345
1 346
1 347
1 348
1 349
1 350
1 351
1 352
1 353
1 354
1 355
1 356
1 357
1 358
1 359
1 360
1 361
1 362
1 363
1 364
1 365
1 366
1 367
1 368
1 369
1 370
1 371
1 372
2 3
2 373
3 4
4 5
5 6
6 7
7 8
8 9
9 10
10 11
11 12
12 13
12 392
12 395
13 14
14 15
14 393
14 415
15 16
16 17
17 18
18 19
19 20
19 384
20 21
21 22
22 23
23 24
23 410
23 482
24 25
25 26
26 27
27 28
28 29
28 480
29 30
30 31
31 32
32 33
33 34
33 413
34 35
35 36
36 37
37 38
38 39
39 40
39 401
39 483
40 41
41 42
42 43
43 44
43 375
44 45
45 46
46 47
47 48
48 49
49 50
50 51
51 52
51 391
52 53
53 54
54 55
55 56
56 57
57 58
58 59
59 60
60 61
60 463
61 62
61 437
62 63
63 64
64 65
64 379
65 66
66 67
67 68
68 69
68 490
69 70
69 470
70 71
71 72
71 398
72 73
73 74
74 75
75 76
76 77
77 78
78 79
78 464
79 80
80 81
81 82
81 421
82 83
83 84
84 85
85 86
85 430
86 87
87 88
88 89
89 90
89 434
90 91
90 423
91 92
92 93
92 380
92 404
93 94
94 95
95 96
95 486
96 97
97 98
98 99
99 100
99 441
100 101
101 102
102 103
103 104
104 105
104 427
105 106
106 107
106 484
107 108
107 471
108 109
109 110
110 111
111 112
112 113
113 114
113 424
114 115
115 116
115 402
116 117
117 118
117 493
118 119
118 377
118 397
118 435
119 120
119 459
120 121
120 386
121 122
122 123
123 124
124 125
125 126
125 477
126 127
126 475
127 128
128 129
129 130
130 131
130 425
130 432
131 132
132 133
133 134
133 400
134 135
135 136
136 137
137 138
138 139
139 140
140 141
141 142
142 143
142 389
142 455
143 144
144 145
145 146
146 147
147 148
148 149
149 150
149 419
150 151
151 152
152 153
153 154
154 155
155 156
156 157
156 458
157 158
158 159
159 160
159 412
160 161
161 162
162 163
163 164
163 376
164 165
164 416
164 467
165 166
165 405
166 167
167 168
168 169
169 170
169 431
169 443
170 171
171 172
171 378
172 173
173 174
173 420
173 422
174 175
174 426
175 176
176 177
177 178
178 179
178 449
179 180
180 181
181 182
181 491
182 183
182 489
183 184
184 185
185 186
186 187
187 188
188 189
188 446
189 190
190 191
190 444
191 192
191 460
192 193
192 429
193 194
194 195
195 196
195 457
196 197
197 198
197 382
198 199
205 462
210 452
216 454
219 438
226 488
232 445
232 485
235 406
236 418
245 399
248 447
250 495
257 476
264 481
265 473
269 479
271 408
273 390
276 417
281 388
285 383
287 468
290 453
292 456
301 385
307 487
308 394
317 409
317 433
318 442
325 436
327 407
329 411
329 414
329 439
337 461
338 396
351 478
352 440
354 496
358 450
358 451
358 472
360 387
364 492
366 374
371 381
381 403
381 448
384 494
391 465
396 428
431 474
436 469
444 466
478
15 50 191 371 38 73 181 204 452 279 40 95 445 222 287 142 145 472 120 361 32 121 460 55 94 312 71 227 342 118 134 61 102 387 466 193 461 25 136 16 190 333 409 442 239 314 173 20 456 391 267 89 131 352 226 93 60 122 202 454 229 423 26 176 398 163 249 11 147 260 37 269 250 273 219 341 390 418 31 186 389 132 143 459 478 329 117 443 394 212 451 463 347 449 18 84 259 127 385 433 104 110 179 441 113 154 365 195 292 86 331 237 156 206 114 367 88 412 3 36 112 85 464 182 148 364 236 308 309 435 274 98 310 430 4 42 298 444 225 319 404 334 369 47 429 216 344 393 103 303 282 82 335 439 107 280 199 408 244 281 78 100 119 473 161 203 130 470 172 166 278 425 326 41 178 332 189 437 277 223 177 396 144 218 317 294 24 359 62 234 431 372 39 46 327 67 465 245 330 140 43 54 325 92 252 270 353 337 79 215 209 440 428 214 1 247 469 474 264 52 196 476 165 262 266 251 5 205 354 340 288 475 230 51 357 296 83 255 324 242 69 59 235 363 377 320 414 401 137 72 302 228 346 356 455 406 21 63 355 232 453 99 471 438 224 290 210 138 6 305 28 146 407 457 164 188 159 271 174 27 447 149 158 261 2 208 151 180 169 207 419 276 304 70 316 101 111 74 265 128 467 241 420 34 198 248 254 306 366 126 240 45 30 8 468 168 66 108 462 432 416 436 80 360 201 289 286 160 77 284 283 53 87 426 448 386 48 253 358 187 299 141 300 9 297 381 76 153 157 313 167 170 383 293 392 231 220 65 124 328 410 446 185 477 268 246 162 362 49 7 339 380 257 217 64 197 184 421 115 395 263 275 183 413 458 238 175 96 370 68 133 106 152 139 35 291 400 91 155 285 434 336 375 233 315 417 411 424 307 351 373 105 384 402 81 56 13 135 348 125 19 374 415 57 44 12 192 379 29 343 301 427 75 318 22 403 194 322 295 272 376 338 17 345 368 388 350 321 311 90 150 213 378 123 323 349 211 258 200 397 450 129 405 116 399 243 221 58 422 23 10 14 256 171 109 33 97 382
1 2
1 192
1 193
1 194
1 195
1 196
1 197
1 198
1 199
1 200
1 201
1 202
1 203
1 204
1 205
1 206
1 207
1 208
1 209
1 210
1 211
1 212
1 213
1 214
1 215
1 216
1 217
1 218
1 219
1 220
1 221
1 222
1 223
1 224
1 225
1 226
1 227
1 228
1 229
1 230
1 231
1 232
1 233
1 234
1 235
1 236
1 237
1 238
1 239
1 240
1 241
1 242
1 243
1 244
1 245
1 246
1 247
1 248
1 249
1 250
1 251
1 252
1 253
1 254
1 255
1 256
1 257
1 258
1 259
1 260
1 261
1 262
1 263
1 264
1 265
1 266
1 267
1 268
1 269
1 270
1 271
1 272
1 273
1 274
1 275
1 276
1 277
1 278
1 279
1 280
1 281
1 282
1 283
1 284
1 285
1 286
1 287
1 288
1 289
1 290
1 291
1 292
1 293
1 294
1 295
1 296
1 297
1 298
1 299
1 300
1 301
1 302
1 303
1 304
1 305
1 306
1 307
1 308
1 309
1 310
1 311
1 312
1 313
1 314
1 315
1 316
1 317
1 318
1 319
1 320
1 321
1 322
1 323
1 324
1 325
1 326
1 327
1 328
1 329
1 330
1 331
1 332
1 333
1 334
1 335
1 336
1 337
1 338
1 339
1 340
1 341
1 342
1 343
1 344
1 345
1 346
1 347
1 348
1 349
1 350
1 351
1 352
1 353
1 354
1 355
1 356
1 357
1 428
2 3
3 4
3 358
4 5
5 6
5 420
6 7
7 8
8 9
9 10
10 11
11 12
12 13
13 14
14 15
15 16
15 434
16 17
17 18
17 418
18 19
19 20
20 21
21 22
21 427
22 23
23 24
24 25
24 477
25 26
26 27
27 28
28 29
29 30
30 31
31 32
32 33
33 34
34 35
34 409
35 36
36 37
37 38
38 39
39 40
40 41
40 463
41 42
41 456
42 43
43 44
44 45
44 441
45 46
46 47
47 48
48 49
49 50
50 51
51 52
51 360
51 430
52 53
53 54
54 55
55 56
56 57
57 58
58 59
59 60
60 61
60 363
60 396
60 413
61 62
61 469
62 63
63 64
63 415
64 65
65 66
66 67
66 392
67 68
68 69
69 70
70 71
70 453
71 72
72 73
72 419
73 74
73 472
74 75
75 76
76 77
77 78
77 362
78 79
79 80
80 81
80 406
81 82
82 83
83 84
84 85
85 86
85 391
86 87
86 470
87 88
88 89
89 90
90 91
91 92
92 93
93 94
94 95
95 96
96 97
96 375
97 98
97 384
98 99
99 100
100 101
100 403
101 102
102 103
103 104
103 381
104 105
105 106
106 107
107 108
107 412
108 109
109 110
109 464
110 111
111 112
112 113
113 114
114 115
115 116
116 117
117 118
118 119
119 120
120 121
121 122
122 123
122 439
123 124
124 125
125 126
126 127
126 368
127 128
127 387
128 129
129 130
130 131
131 132
132 133
133 134
134 135
135 136
136 137
137 138
138 139
138 461
139 140
140 141
140 438
141 142
142 143
143 144
144 145
145 146
146 147
147 148
148 149
149 150
150 151
151 152
152 153
153 154
154 155
154 444
155 156
155 386
156 157
157 158
158 159
159 160
160 161
161 162
162 163
163 164
163 379
163 404
164 165
165 166
165 378
166 167
167 168
168 169
169 170
170 171
171 172
171 454
172 173
173 174
174 175
174 364
175 176
175 367
175 433
175 466
176 177
176 436
177 178
178 179
179 180
180 181
181 182
181 443
182 183
183 184
184 185
185 186
186 187
187 188
188 189
188 393
188 414
189 190
190 191
190 410
191 371
204 432
205 426
210 385
218 451
222 449
222 455
222 476
225 402
227 431
229 372
231 397
231 421
240 370
243 374
246 467
254 440
256 389
258 382
261 383
265 475
266 366
267 424
269 394
272 365
276 390
277 388
287 471
288 373
290 376
291 369
293 457
301 422
305 423
306 395
307 437
313 473
317 411
325 447
325 478
329 398
329 458
334 359
343 399
352 407
354 408
354 446
355 377
356 416
356 465
360 361
369 474
374 425
375 460
376 400
379 380
380 429
388 462
392 401
394 459
398 405
411 448
412 452
414 417
415 468
426 450
428 435
428 445
433 442
487
475 254 385 368 194 444 480 74 297 127 154 68 135 114 11 99 244 413 59 21 369 367 30 199 473 375 143 70 159 354 376 241 438 137 395 293 197 20 122 249 130 55 160 406 305 382 479 147 250 474 33 360 414 331 178 247 60 326 45 141 113 423 288 477 8 57 195 366 105 157 148 134 138 424 329 136 359 370 179 217 275 125 351 205 63 98 289 271 83 278 429 482 97 192 91 303 377 292 371 231 452 107 153 415 307 161 90 116 10 167 191 386 409 29 362 106 450 51 100 155 402 346 430 46 49 40 5 481 25 448 484 236 387 220 383 27 64 6 416 269 132 26 72 200 36 152 126 238 458 373 18 282 469 2 108 52 28 24 454 405 466 361 403 427 253 453 62 185 183 461 468 202 486 312 198 276 319 421 89 35 73 4 121 341 95 318 311 263 317 333 110 211 173 86 42 69 396 433 431 96 203 299 47 182 79 434 411 188 426 221 12 232 32 401 281 71 265 358 245 391 15 272 443 176 425 294 310 218 235 48 180 162 201 186 460 399 268 208 328 457 87 165 419 470 9 408 257 259 365 158 283 447 410 210 104 233 338 462 340 264 313 252 476 422 381 1 39 3 332 296 378 222 109 214 301 356 175 206 115 190 442 398 262 78 388 129 85 290 316 380 284 92 322 53 118 144 50 151 302 273 446 146 44 177 119 314 320 17 393 13 123 420 467 327 459 451 280 80 228 347 465 330 440 81 101 230 94 300 291 174 227 237 372 172 67 7 88 306 38 325 464 279 243 145 400 223 352 31 225 487 285 389 441 260 256 418 449 404 445 384 103 213 77 139 240 128 209 112 337 471 196 41 124 246 483 261 16 266 76 34 350 436 150 357 189 23 248 437 348 309 54 216 364 304 207 298 168 345 334 156 239 75 171 315 117 394 193 435 184 169 342 270 43 335 255 219 181 82 485 258 472 170 432 131 428 187 308 286 344 14 455 295 277 166 363 93 111 390 353 267 204 224 229 120 66 478 142 56 287 321 456 412 251 163 463 439 374 61 397 379 339 242 133 323 274 140 343 355 19 102 349 58 212 164 336 22 215 84 65 417 407 226 37 149 324 234 392
1 2
1 196
1 197
1 198
1 199
1 200
1 201
1 202
1 203
1 204
1 205
1 206
1 207
1 208
1 209
1 210
1 211
1 212
1 213
1 214
1 215
1 216
1 217
1 218
1 219
1 220
1 221
1 222
1 223
1 224
1 225
1 226
1 227
1 228
1 229
1 230
1 231
1 232
1 233
1 234
1 235
1 236
1 237
1 238
1 239
1 240
1 241
1 242
1 243
1 244
1 245
1 246
1 247
1 248
1 249
1 250
1 251
1 252
1 253
1 254
1 255
1 256
1 257
1 258
1 259
1 260
1 261
1 262
1 263
1 264
1 265
1 266
1 267
1 268
1 269
1 270
1 271
1 272
1 273
1 274
1 275
1 276
1 277
1 278
1 279
1 280
1 281
1 282
1 283
1 284
1 285
1 286
1 287
1 288
1 289
1 290
1 291
1 292
1 293
1 294
1 295
1 296
1 297
1 298
1 299
1 300
1 301
1 302
1 303
1 304
1 305
1 306
1 307
1 308
1 309
1 310
1 311
1 312
1 313
1 314
1 315
1 316
1 317
1 318
1 319
1 320
1 321
1 322
1 323
1 324
1 325
1 326
1 327
1 328
1 329
1 330
1 331
1 332
1 333
1 334
1 335
1 336
1 337
1 338
1 339
1 340
1 341
1 342
1 343
1 344
1 345
1 346
1 347
1 348
1 349
1 350
1 351
1 352
1 353
1 354
1 355
1 356
1 357
1 358
1 359
1 360
1 361
1 362
1 363
1 364
1 365
1 480
2 3
2 401
3 4
4 5
5 6
6 7
6 412
7 8
8 9
9 10
10 11
11 12
12 13
12 451
13 14
14 15
15 16
15 388
16 17
17 18
17 444
18 19
19 20
20 21
21 22
22 23
23 24
24 25
25 26
26 27
27 28
28 29
29 30
30 31
30 404
30 408
31 32
32 33
33 34
34 35
35 36
36 37
36 469
37 38
38 39
39 40
40 41
41 42
42 43
43 44
44 45
45 46
46 47
47 48
47 450
48 49
49 50
50 51
51 52
52 53
53 54
53 383
54 55
54 477
55 56
55 415
56 57
57 58
58 59
58 472
59 60
59 466
60 61
60 484
61 62
62 63
63 64
63 396
64 65
65 66
66 67
67 68
68 69
69 70
70 71
71 72
72 73
72 384
73 74
74 75
75 76
76 77
77 78
77 432
78 79
79 80
79 422
80 81
81 82
81 429
82 83
83 84
83 366
84 85
84 391
85 86
86 87
87 88
88 89
88 462
89 90
90 91
91 92
92 93
92 407
93 94
94 95
94 464
95 96
96 97
97 98
98 99
99 100
100 101
100 434
101 102
102 103
103 104
104 105
105 106
106 107
106 460
107 108
108 109
109 110
109 421
110 111
111 112
112 113
113 114
114 115
115 116
116 117
117 118
118 119
119 120
119 437
120 121
121 122
122 123
123 124
124 125
124 463
125 126
126 127
127 128
128 129
129 130
130 131
131 132
132 133
132 426
133 134
133 467
134 135
135 136
136 137
136 419
137 138
138 139
138 382
139 140
140 141
140 380
140 386
141 142
142 143
143 144
143 430
144 145
145 146
146 147
146 417
147 148
148 149
149 150
150 151
151 152
152 153
152 456
153 154
153 436
154 155
154 381
155 156
155 474
156 157
157 158
157 424
158 159
158 416
158 445
159 160
159 392
160 161
160 372
161 162
162 163
162 441
163 164
164 165
165 166
165 425
166 167
167 168
167 385
168 169
169 170
170 171
170 368
171 172
172 173
172 411
173 174
174 175
175 176
176 177
177 178
178 179
179 180
180 181
181 182
182 183
183 184
184 185
185 186
186 187
187 188
187 393
188 189
189 190
190 191
191 192
192 193
193 194
194 195
196 433
198 373
198 454
208 414
209 369
210 475
214 459
223 377
224 427
225 375
225 452
226 449
229 457
241 435
242 487
250 431
251 409
252 423
256 428
261 447
263 483
266 399
273 374
274 479
275 481
276 389
280 465
285 395
290 387
291 379
291 458
293 402
293 470
294 390
305 367
305 471
307 410
308 482
315 376
315 418
320 370
320 371
323 405
323 439
335 378
338 406
340 443
343 478
344 438
345 403
346 413
346 455
347 461
348 397
358 448
360 473
364 440
370 400
371 394
376 398
379 420
380 446
398 442
404 476
411 485
430 468
432 486
450 453
474
360 230 420 407 23 206 308 195 174 138 254 309 318 354 36 139 55 202 225 263 433 199 160 260 373 29 97 448 7 415 16 191 243 290 436 75 365 101 47 10 67 367 20 466 158 236 297 245 240 471 282 278 32 341 28 432 374 283 398 298 275 131 115 196 250 61 397 46 224 147 392 331 159 310 329 322 149 350 372 31 112 127 90 301 252 313 269 334 357 396 133 456 48 262 86 103 376 371 411 107 108 251 128 59 58 216 387 210 74 69 166 458 227 193 45 445 204 113 438 194 400 173 211 62 221 459 474 349 178 443 51 105 235 96 43 53 408 296 1 81 186 347 395 223 209 3 346 49 132 141 73 391 405 446 361 399 119 291 30 151 434 304 441 77 259 464 440 57 292 164 228 264 246 253 410 239 437 82 92 335 465 181 50 167 56 340 52 423 231 169 120 355 68 364 339 285 307 192 401 351 343 9 279 312 276 418 22 381 26 130 280 270 70 179 4 450 142 78 144 66 281 300 317 306 266 88 39 359 455 268 122 242 168 106 33 121 13 413 380 84 175 473 330 85 217 454 197 356 27 344 5 124 117 136 467 421 377 71 220 403 35 17 42 345 382 64 237 366 272 152 375 284 414 426 146 323 333 99 140 358 15 40 212 118 348 390 207 332 425 369 462 389 319 54 125 316 116 25 384 393 452 38 60 135 324 244 232 321 109 12 83 457 137 439 189 222 218 444 388 265 417 378 177 145 170 65 379 271 234 419 447 87 134 172 337 129 261 289 424 294 320 336 182 80 184 89 427 161 416 201 383 315 153 362 468 248 256 185 314 338 79 8 98 409 203 93 328 461 226 299 111 200 404 104 431 238 154 94 180 143 435 213 21 402 274 233 257 277 451 163 287 429 157 229 110 352 286 422 24 190 353 386 305 311 472 255 91 469 363 171 302 249 325 126 165 326 394 219 72 156 162 37 114 293 385 258 95 19 327 155 267 406 187 148 44 34 430 241 288 41 460 18 208 453 100 76 198 368 215 470 295 214 247 449 442 370 11 14 102 342 412 176 150 205 63 123 463 188 273 183 428 6 2 303
1 2
1 191
1 192
1 193
1 194
1 195
1 196
1 197
1 198
1 199
1 200
1 201
1 202
1 203
1 204
1 205
1 206
1 207
1 208
1 209
1 210
1 211
1 212
1 213
1 214
1 215
1 216
1 217
1 218
1 219
1 220
1 221
1 222
1 223
1 224
1 225
1 226
1 227
1 228
1 229
1 230
1 231
1 232
1 233
1 234
1 235
1 236
1 237
1 238
1 239
1 240
1 241
1 242
1 243
1 244
1 245
1 246
1 247
1 248
1 249
1 250
1 251
1 252
1 253
1 254
1 255
1 256
1 257
1 258
1 259
1 260
1 261
1 262
1 263
1 264
1 265
1 266
1 267
1 268
1 269
1 270
1 271
1 272
1 273
1 274
1 275
1 276
1 277
1 278
1 279
1 280
1 281
1 282
1 283
1 284
1 285
1 286
1 287
1 288
1 289
1 290
1 291
1 292
1 293
1 294
1 295
1 296
1 297
1 298
1 299
1 300
1 301
1 302
1 303
1 304
1 305
1 306
1 307
1 308
1 309
1 310
1 311
1 312
1 313
1 314
1 315
1 316
1 317
1 318
1 319
1 320
1 321
1 322
1 323
1 324
1 325
1 326
1 327
1 328
1 329
1 330
1 331
1 332
1 333
1 334
1 335
1 336
1 337
1 338
1 339
1 340
1 341
1 342
1 343
1 344
1 345
1 346
1 347
1 348
1 349
1 350
1 351
1 352
1 353
1 354
1 355
1 430
2 3
3 4
4 5
5 6
6 7
6 369
7 8
7 421
8 9
8 376
8 445
9 10
10 11
11 12
12 13
13 14
14 15
15 16
16 17
17 18
18 19
18 438
19 20
20 21
21 22
22 23
22 393
23 24
24 25
25 26
26 27
27 28
28 29
28 443
29 30
29 432
30 31
30 392
31 32
32 33
33 34
34 35
35 36
36 37
36 447
37 38
38 39
38 384
39 40
40 41
41 42
42 43
43 44
44 45
45 46
45 442
46 47
46 391
47 48
47 394
47 469
48 49
49 50
50 51
51 52
52 53
53 54
53 468
54 55
55 56
56 57
57 58
58 59
59 60
60 61
61 62
62 63
63 64
64 65
65 66
66 67
66 378
67 68
68 69
69 70
69 379
70 71
71 72
71 377
71 419
72 73
73 74
73 358
73 396
74 75
74 417
75 76
76 77
77 78
78 79
79 80
80 81
81 82
81 446
82 83
82 400
83 84
83 414
84 85
85 86
85 413
86 87
86 454
87 88
88 89
89 90
89 453
90 91
91 92
92 93
93 94
94 95
95 96
95 361
96 97
97 98
98 99
98 459
99 100
99 371
100 101
100 408
101 102
102 103
103 104
104 105
105 106
105 464
106 107
106 381
107 108
107 385
108 109
109 110
110 111
111 112
111 383
112 113
113 114
113 422
114 115
114 415
114 431
115 116
115 425
115 472
116 117
117 118
118 119
119 120
120 121
120 444
121 122
122 123
123 124
124 125
125 126
126 127
127 128
128 129
129 130
130 131
131 132
132 133
133 134
134 135
134 404
135 136
136 137
137 138
138 139
139 140
140 141
140 435
141 142
142 143
143 144
144 145
144 409
145 146
146 147
147 148
148 149
149 150
150 151
151 152
152 153
152 382
153 154
154 155
154 456
155 156
156 157
157 158
158 159
159 160
160 161
160 427
161 162
162 163
163 164
164 165
165 166
166 167
166 458
167 168
168 169
168 373
169 170
169 398
170 171
171 172
171 372
172 173
173 174
173 407
174 175
175 176
175 455
176 177
177 178
177 388
178 179
179 180
180 181
181 182
181 433
182 183
183 184
184 185
185 186
186 187
187 188
188 189
188 412
189 190
189 439
197 437
200 359
203 362
204 411
205 356
213 367
217 450
218 363
224 424
226 365
226 406
228 386
233 470
245 410
247 374
248 364
253 448
253 474
256 451
257 370
259 462
261 368
268 457
272 452
278 397
283 375
290 401
291 441
297 390
300 460
300 463
301 429
303 416
311 389
311 423
314 360
318 461
326 426
330 366
332 399
332 466
341 420
345 418
355 395
356 357
356 380
364 403
368 402
368 428
370 471
373 387
383 440
384 449
386 405
394 473
395 467
409 434
417 436
464 465
476
292 388 417 304 120 208 343 402 294 450 164 48 393 354 161 468 25 287 27 150 14 256 436 81 461 130 42 148 192 319 98 140 112 198 4 275 167 463 286 387 429 79 342 19 404 20 370 282 411 109 170 260 154 223 143 470 181 280 467 305 371 174 285 365 236 151 238 166 315 64 272 456 433 61 205 437 38 58 215 289 8 68 446 121 261 351 34 358 7 96 279 425 248 157 373 253 80 333 226 421 249 434 360 345 45 473 2 449 220 321 123 126 340 412 200 274 91 194 442 191 176 78 178 41 44 420 326 180 385 336 247 339 229 392 9 308 389 207 301 419 12 63 245 462 357 11 179 3 145 314 368 69 267 122 53 331 335 453 327 139 233 269 184 65 244 311 175 283 384 75 173 395 316 152 135 318 21 291 39 346 444 341 430 132 35 465 222 196 40 82 369 416 457 29 189 447 451 103 378 298 329 398 106 356 338 443 32 59 448 156 224 475 26 100 361 57 17 276 129 277 162 471 131 406 46 84 230 391 95 51 101 168 28 386 435 349 87 134 125 300 295 56 399 476 190 212 47 322 232 355 110 337 225 303 213 137 377 31 271 127 160 405 363 15 431 209 163 366 375 464 18 33 317 454 293 439 422 66 22 204 288 278 49 246 469 330 155 210 264 169 90 242 374 424 334 50 251 284 400 55 459 97 413 92 297 146 408 312 410 323 273 227 70 380 113 428 397 328 85 114 118 426 62 74 158 252 409 383 105 116 182 30 348 296 72 86 268 445 117 403 73 401 136 452 214 415 67 52 195 407 427 216 239 394 144 313 234 24 186 266 438 344 188 458 460 376 147 320 153 60 171 254 418 372 133 187 352 237 128 6 259 77 255 396 381 94 235 243 99 102 159 93 203 141 472 54 325 211 309 23 10 423 193 353 250 206 83 36 240 16 201 390 172 231 257 455 290 379 197 165 177 265 71 306 299 324 347 310 115 258 88 185 108 221 37 142 217 414 13 367 241 432 270 5 138 89 1 183 359 441 350 111 440 332 281 43 149 119 382 474 228 307 364 362 104 219 302 124 218 466 76 263 202 107 262 199
1 2
1 192
1 193
1 194
1 195
1 196
1 197
1 198
1 199
1 200
1 201
1 202
1 203
1 204
1 205
1 206
1 207
1 208
1 209
1 210
1 211
1 212
1 213
1 214
1 215
1 216
1 217
1 218
1 219
1 220
1 221
1 222
1 223
1 224
1 225
1 226
1 227
1 228
1 229
1 230
1 231
1 232
1 233
1 234
1 235
1 236
1 237
1 238
1 239
1 240
1 241
1 242
1 243
1 244
1 245
1 246
1 247
1 248
1 249
1 250
1 251
1 252
1 253
1 254
1 255
1 256
1 257
1 258
1 259
1 260
1 261
1 262
1 263
1 264
1 265
1 266
1 267
1 268
1 269
1 270
1 271
1 272
1 273
1 274
1 275
1 276
1 277
1 278
1 279
1 280
1 281
1 282
1 283
1 284
1 285
1 286
1 287
1 288
1 289
1 290
1 291
1 292
1 293
1 294
1 295
1 296
1 297
1 298
1 299
1 300
1 301
1 302
1 303
1 304
1 305
1 306
1 307
1 308
1 309
1 310
1 311
1 312
1 313
1 314
1 315
1 316
1 317
1 318
1 319
1 320
1 321
1 322
1 323
1 324
1 325
1 326
1 327
1 328
1 329
1 330
1 331
1 332
1 333
1 334
1 335
1 336
1 337
1 338
1 339
1 340
1 341
1 342
1 343
1 344
1 345
1 346
1 347
1 348
1 349
1 350
1 351
1 352
1 353
1 354
1 355
1 356
1 357
1 367
1 423
2 3
2 385
2 431
3 4
4 5
4 394
5 6
6 7
6 364
7 8
8 9
9 10
10 11
11 12
12 13
12 363
13 14
14 15
14 460
15 16
16 17
17 18
18 19
19 20
20 21
21 22
22 23
22 429
23 24
24 25
24 439
25 26
26 27
26 392
27 28
28 29
29 30
30 31
31 32
32 33
33 34
34 35
34 455
35 36
35 368
36 37
36 443
37 38
37 373
37 405
38 39
39 40
40 41
41 42
41 410
42 43
42 420
43 44
44 45
45 46
45 469
46 47
47 48
47 417
48 49
49 50
50 51
51 52
51 424
52 53
53 54
53 398
53 447
54 55
55 56
56 57
56 360
57 58
58 59
58 451
59 60
60 61
61 62
62 63
63 64
64 65
65 66
66 67
67 68
68 69
68 450
69 70
70 71
70 445
70 449
71 72
72 73
73 74
74 75
74 464
75 76
76 77
76 393
77 78
78 79
79 80
80 81
81 82
82 83
83 84
83 376
84 85
85 86
85 361
86 87
86 456
87 88
88 89
89 90
90 91
91 92
91 409
92 93
93 94
94 95
95 96
96 97
97 98
98 99
99 100
100 101
101 102
102 103
103 104
104 105
104 454
105 106
106 107
107 108
108 109
108 406
109 110
110 111
111 112
111 375
112 113
113 114
113 384
114 115
115 116
116 117
117 118
117 467
118 119
119 120
119 370
120 121
121 122
122 123
123 124
123 366
123 422
124 125
125 126
126 127
127 128
128 129
128 427
128 470
129 130
129 468
130 131
131 132
132 133
133 134
134 135
135 136
136 137
136 440
137 138
138 139
139 140
140 141
141 142
142 143
142 382
143 144
144 145
145 146
146 147
146 396
147 148
148 149
149 150
149 359
150 151
151 152
152 153
152 372
152 465
153 154
154 155
155 156
156 157
157 158
158 159
159 160
159 369
160 161
160 418
161 162
161 428
162 163
163 164
164 165
165 166
166 167
166 430
167 168
168 169
169 170
170 171
171 172
172 173
172 473
173 174
174 175
175 176
176 177
177 178
178 179
179 180
180 181
180 374
181 182
182 183
183 184
183 435
184 185
185 186
186 187
187 188
188 189
189 190
189 395
190 191
191 371
195 401
203 425
205 362
206 407
207 421
211 414
224 399
229 381
231 358
236 404
239 463
243 365
255 446
256 436
262 416
265 441
271 389
277 438
278 466
279 380
287 403
290 377
291 388
296 432
309 391
310 462
313 400
314 458
315 442
316 444
316 459
325 379
327 402
331 390
339 411
345 387
345 408
346 383
348 433
351 476
353 386
355 474
362 415
362 475
363 448
366 378
371 461
376 397
379 412
385 413
389 434
395 426
397 472
410 453
411 419
425 437
436 471
450 452
454 457
496
258 488 371 201 41 412 183 323 217 91 461 94 396 245 454 89 241 420 151 282 310 437 129 379 470 171 334 248 423 483 411 234 105 212 424 359 36 314 136 413 42 372 147 69 444 425 307 199 200 192 486 46 231 20 478 439 296 414 206 274 482 382 273 117 325 292 278 493 154 112 65 362 228 361 77 327 120 335 490 53 422 285 374 244 354 19 451 265 303 271 280 222 99 157 224 266 365 251 284 72 329 196 342 143 125 450 476 305 211 469 397 459 130 315 426 468 394 313 71 331 392 272 286 391 340 294 115 31 6 131 25 479 339 114 161 227 408 494 364 465 441 88 238 59 159 32 370 27 395 109 448 150 17 263 84 369 103 363 246 82 21 302 78 256 293 57 188 253 259 321 348 155 275 440 384 118 388 160 390 442 218 113 34 492 463 229 54 176 63 344 149 40 8 111 449 473 223 122 304 175 309 312 255 404 400 399 484 417 373 366 235 14 39 385 267 393 297 182 429 455 100 349 247 298 18 356 30 189 475 311 202 38 357 164 3 128 252 378 15 13 383 431 29 43 299 194 487 95 50 406 300 474 232 332 214 419 345 75 456 409 4 326 191 276 453 135 5 458 23 467 377 368 336 10 254 81 242 48 70 93 101 79 338 435 174 180 350 169 110 37 139 156 119 104 220 185 9 55 445 281 418 322 318 471 127 168 137 269 328 204 432 134 306 203 173 472 2 376 133 221 51 443 341 184 421 457 215 153 165 7 187 205 26 416 317 49 76 16 87 106 148 90 405 97 140 262 387 240 343 355 427 132 489 360 123 330 249 44 288 380 208 74 287 353 121 216 219 243 162 301 277 375 60 22 352 358 466 66 295 12 438 145 403 401 410 351 207 64 261 477 96 181 124 107 193 52 172 460 260 346 320 381 167 108 24 56 290 402 496 233 324 389 35 195 197 491 102 170 86 433 316 146 237 152 452 347 462 141 430 337 264 236 480 367 116 28 92 73 166 186 83 319 177 283 436 138 225 386 407 279 485 308 1 58 481 158 270 45 47 178 85 398 33 495 428 333 68 80 464 210 62 257 142 230 163 250 226 209 434 415 144 291 190 126 98 289 67 446 447 179 11 239 213 61 198 268
1 2
1 200
1 201
1 202
1 203
1 204
1 205
1 206
1 207
1 208
1 209
1 210
1 211
1 212
1 213
1 214
1 215
1 216
1 217
1 218
1 219
1 220
1 221
1 222
1 223
1 224
1 225
1 226
1 227
1 228
1 229
1 230
1 231
1 232
1 233
1 234
1 235
1 236
1 237
1 238
1 239
1 240
1 241
1 242
1 243
1 244
1 245
1 246
1 247
1 248
1 249
1 250
1 251
1 252
1 253
1 254
1 255
1 256
1 257
1 258
1 259
1 260
1 261
1 262
1 263
1 264
1 265
1 266
1 267
1 268
1 269
1 270
1 271
1 272
1 273
1 274
1 275
1 276
1 277
1 278
1 279
1 280
1 281
1 282
1 283
1 284
1 285
1 286
1 287
1 288
1 289
1 290
1 291
1 292
1 293
1 294
1 295
1 296
1 297
1 298
1 299
1 300
1 301
1 302
1 303
1 304
1 305
1 306
1 307
1 308
1 309
1 310
1 311
1 312
1 313
1 314
1 315
1 316
1 317
1 318
1 319
1 320
1 321
1 322
1 323
1 324
1 325
1 326
1 327
1 328
1 329
1 330
1 331
1 332
1 333
1 334
1 335
1 336
1 337
1 338
1 339
1 340
1 341
1 342
1 343
1 344
1 345
1 346
1 347
1 348
1 349
1 350
1 351
1 352
1 353
1 354
1 355
1 356
1 357
1 358
1 359
1 360
1 361
1 362
1 363
1 364
1 365
1 366
1 367
1 368
1 369
1 370
1 371
1 372
1 379
2 3
3 4
4 5
4 425
5 6
6 7
7 8
8 9
9 10
10 11
11 12
12 13
13 14
13 470
14 15
15 16
16 17
17 18
17 395
18 19
18 491
19 20
19 473
20 21
20 453
21 22
22 23
23 24
24 25
25 26
26 27
27 28
28 29
29 30
30 31
31 32
32 33
33 34
34 35
35 36
36 37
37 38
37 451
38 39
39 40
39 389
40 41
41 42
42 43
43 44
44 45
44 413
45 46
46 47
47 48
48 49
49 50
49 482
50 51
51 52
52 53
52 419
53 54
54 55
55 56
56 57
57 58
58 59
59 60
60 61
61 62
62 63
63 64
64 65
64 393
65 66
65 383
66 67
66 474
67 68
68 69
69 70
69 463
70 71
71 72
72 73
72 429
73 74
73 431
74 75
75 76
75 415
76 77
76 494
77 78
78 79
78 386
79 80
80 81
81 82
82 83
83 84
84 85
85 86
86 87
87 88
88 89
89 90
90 91
91 92
92 93
93 94
94 95
95 96
96 97
97 98
98 99
98 401
99 100
100 101
101 102
102 103
102 399
103 104
104 105
105 106
106 107
107 108
108 109
108 381
109 110
110 111
110 464
111 112
112 113
113 114
114 115
114 400
115 116
115 407
116 117
117 118
118 119
119 120
120 121
120 430
120 457
121 122
121 433
122 123
122 447
122 469
123 124
124 125
125 126
126 127
127 128
128 129
128 380
128 483
129 130
129 384
130 131
131 132
132 133
133 134
133 427
134 135
135 136
136 137
137 138
138 139
138 441
139 140
140 141
141 142
142 143
143 144
144 145
145 146
145 397
146 147
147 148
148 149
149 150
149 428
150 151
150 405
151 152
152 153
153 154
153 392
153 452
153 455
154 155
155 156
156 157
157 158
158 159
159 160
160 161
161 162
162 163
163 164
164 165
165 166
165 434
165 477
166 167
166 409
166 422
167 168
168 169
169 170
170 171
171 172
172 173
173 174
174 175
175 176
176 177
176 403
177 178
177 454
178 179
178 486
179 180
179 390
180 181
180 489
181 182
182 183
183 184
183 376
184 185
185 186
186 187
186 458
187 188
187 421
188 189
188 438
189 190
190 191
190 442
191 192
192 193
193 194
194 195
194 456
195 196
196 197
197 198
198 199
198 420
202 406
206 448
211 398
214 377
217 466
220 396
222 410
224 460
231 461
235 402
237 416
237 465
238 426
238 471
244 446
245 484
249 388
253 375
253 394
253 443
264 408
267 437
279 435
288 382
290 391
290 488
294 373
297 374
297 414
301 436
304 417
306 404
308 385
313 487
314 467
321 424
322 412
324 439
328 378
334 478
342 440
342 475
344 432
345 459
350 445
351 462
358 496
369 485
372 481
373 411
381 418
382 423
383 387
387 472
391 449
405 468
406 480
415 493
420 490
429 492
430 495
439 444
448 450
448 479
450 476
460
127 34 197 119 437 116 142 350 270 446 387 24 347 83 18 436 438 435 78 386 401 147 33 326 252 238 339 194 256 186 454 305 217 264 176 249 293 23 383 253 26 366 204 411 124 40 286 202 341 10 307 82 432 405 291 397 299 122 363 158 261 384 169 9 232 48 17 356 237 348 85 382 57 409 219 456 67 458 398 60 416 65 433 94 211 244 330 280 412 101 451 323 455 151 120 314 25 159 208 439 417 73 223 302 49 263 276 118 69 360 153 131 381 132 452 271 434 174 150 164 272 388 297 62 181 190 121 154 316 424 430 392 231 195 63 368 1 378 315 234 295 61 413 274 29 429 254 137 279 338 95 320 108 205 450 445 396 325 19 441 294 353 395 4 53 27 13 380 42 36 200 71 75 224 45 93 162 155 408 313 135 167 76 178 54 41 152 275 367 377 227 140 304 303 352 447 191 308 255 361 81 148 123 300 22 298 212 129 166 400 128 182 442 351 277 80 251 342 114 8 246 426 110 160 365 21 318 290 31 273 106 421 288 245 389 267 258 335 193 406 113 196 420 346 11 215 115 210 459 241 90 145 310 229 91 52 355 359 431 278 419 425 99 213 428 289 453 236 6 133 97 221 269 56 322 262 268 358 317 239 192 107 134 209 423 16 296 376 354 407 28 5 448 86 385 96 70 281 259 337 175 206 292 321 265 98 39 74 402 312 306 242 171 185 230 170 369 287 77 179 460 370 220 14 161 38 183 333 374 89 20 404 189 43 168 379 149 222 226 105 109 58 362 139 403 198 44 235 146 391 418 410 180 332 157 257 72 201 444 177 3 373 327 203 141 282 199 324 266 88 250 173 87 172 92 427 240 15 64 216 371 84 30 319 285 117 136 340 283 422 329 415 301 372 443 343 138 394 260 309 66 364 440 184 68 2 51 144 225 35 79 414 102 357 7 59 228 214 375 247 243 390 331 218 344 37 207 103 130 46 47 50 328 156 143 32 345 165 126 457 248 284 112 187 311 100 111 336 55 393 334 399 349 12 163 188 449 125 233 104
1 2
1 185
1 186
1 187
1 188
1 189
1 190
1 191
1 192
1 193
1 194
1 195
1 196
1 197
1 198
1 199
1 200
1 201
1 202
1 203
1 204
1 205
1 206
1 207
1 208
1 209
1 210
1 211
1 212
1 213
1 214
1 215
1 216
1 217
1 218
1 219
1 220
1 221
1 222
1 223
1 224
1 225
1 226
1 227
1 228
1 229
1 230
1 231
1 232
1 233
1 234
1 235
1 236
1 237
1 238
1 239
1 240
1 241
1 242
1 243
1 244
1 245
1 246
1 247
1 248
1 249
1 250
1 251
1 252
1 253
1 254
1 255
1 256
1 257
1 258
1 259
1 260
1 261
1 262
1 263
1 264
1 265
1 266
1 267
1 268
1 269
1 270
1 271
1 272
1 273
1 274
1 275
1 276
1 277
1 278
1 279
1 280
1 281
1 282
1 283
1 284
1 285
1 286
1 287
1 288
1 289
1 290
1 291
1 292
1 293
1 294
1 295
1 296
1 297
1 298
1 299
1 300
1 301
1 302
1 303
1 304
1 305
1 306
1 307
1 308
1 309
1 310
1 311
1 312
1 313
1 314
1 315
1 316
1 317
1 318
1 319
1 320
1 321
1 322
1 323
1 324
1 325
1 326
1 327
1 328
1 329
1 330
1 331
1 332
1 333
1 334
1 335
1 336
1 337
1 338
1 339
1 340
1 341
1 342
1 343
1 344
1 453
2 3
3 4
4 5
5 6
5 409
6 7
7 8
8 9
8 365
9 10
10 11
11 12
12 13
13 14
14 15
14 375
15 16
16 17
17 18
18 19
19 20
20 21
21 22
22 23
22 356
22 386
23 24
24 25
24 352
24 368
24 446
25 26
26 27
26 435
27 28
28 29
29 30
30 31
30 353
31 32
32 33
33 34
34 35
35 36
36 37
36 370
37 38
38 39
38 423
39 40
39 396
40 41
41 42
41 384
41 411
42 43
43 44
44 45
45 46
46 47
46 380
47 48
48 49
49 50
50 51
50 426
51 52
52 53
53 54
54 55
54 377
55 56
56 57
57 58
58 59
58 414
59 60
60 61
60 376
61 62
62 63
63 64
64 65
65 66
66 67
67 68
68 69
69 70
70 71
71 72
72 73
73 74
74 75
74 443
75 76
76 77
77 78
78 79
79 80
80 81
81 82
82 83
82 345
82 430
83 84
83 397
84 85
85 86
86 87
87 88
87 351
88 89
89 90
89 429
90 91
91 92
92 93
93 94
94 95
95 96
96 97
97 98
98 99
99 100
99 452
100 101
101 102
102 103
103 104
104 105
104 355
105 106
106 107
106 455
107 108
108 109
109 110
110 111
111 112
111 421
112 113
113 114
114 115
114 349
114 363
114 366
115 116
115 405
116 117
116 360
117 118
117 381
117 410
118 119
119 120
119 390
119 436
120 121
121 122
122 123
123 124
124 125
125 126
125 454
126 127
127 128
128 129
129 130
130 131
131 132
132 133
132 359
133 134
134 135
135 136
135 361
135 402
136 137
137 138
138 139
138 379
139 140
140 141
141 142
142 143
143 144
144 145
145 146
146 147
147 148
148 149
149 150
150 151
150 372
151 152
152 153
153 154
153 364
154 155
155 156
156 157
156 460
157 158
157 420
158 159
159 160
160 161
161 162
162 163
162 433
163 164
164 165
165 166
166 167
167 168
168 169
168 347
169 170
169 418
170 171
171 172
172 173
173 174
174 175
175 176
176 177
177 178
177 412
177 428
178 179
179 180
180 181
181 182
182 183
183 184
183 416
187 354
217 403
221 439
222 385
222 437
224 448
226 432
232 422
233 392
235 388
235 417
236 374
247 393
253 391
254 373
255 425
260 348
261 350
271 398
273 367
273 400
274 394
274 444
275 371
276 424
286 358
295 395
296 406
299 401
303 449
305 389
308 419
310 438
315 456
318 346
318 450
321 378
321 404
325 357
331 431
337 408
342 399
344 387
345 362
348 413
348 415
356 383
358 451
360 369
363 447
364 407
366 459
367 434
376 382
376 442
386 457
396 458
404 441
409 427
420 440
425 445
485
439 352 15 432 140 405 172 321 469 59 419 446 476 472 234 454 207 167 236 259 62 292 301 208 101 25 86 215 151 278 188 300 263 396 38 186 461 54 190 10 473 447 166 470 271 121 306 325 383 106 235 17 340 213 437 161 358 288 408 88 368 116 247 303 145 69 155 366 309 117 381 359 199 265 12 277 421 453 395 237 320 334 230 182 216 130 356 342 229 37 191 1 141 428 373 317 310 129 328 268 452 63 24 61 350 71 142 176 372 196 132 304 445 332 157 158 3 274 369 200 65 282 146 232 401 143 153 96 295 434 100 70 433 231 443 336 250 239 179 80 349 160 248 262 374 323 343 68 296 285 307 202 22 264 156 444 77 195 49 39 109 441 185 168 448 411 294 174 354 393 241 110 256 180 44 114 133 197 407 64 400 409 272 418 219 84 31 240 29 194 360 105 35 371 245 474 450 361 135 46 58 78 482 134 311 423 2 480 19 205 483 198 355 273 203 171 67 414 23 424 99 426 468 226 93 220 204 102 139 348 420 387 242 223 403 298 162 291 211 218 87 177 379 85 40 113 249 351 97 210 147 260 255 330 128 118 467 390 337 286 267 329 416 144 425 449 312 299 333 398 126 108 479 289 112 125 266 170 384 83 90 459 435 456 339 345 178 347 159 404 382 315 451 364 464 318 18 52 287 392 60 436 335 224 30 201 431 370 45 47 127 270 327 388 484 331 209 123 290 11 76 319 163 322 48 184 305 227 485 413 276 269 279 136 32 189 417 326 9 346 181 75 164 154 95 137 13 243 293 79 455 173 98 252 378 56 6 225 284 43 316 233 42 82 481 120 206 175 152 103 115 308 457 238 214 427 458 244 228 50 386 353 246 107 33 344 74 341 460 26 297 377 16 21 51 415 94 402 254 475 165 399 73 150 217 41 169 389 338 367 253 27 149 131 365 463 314 324 5 92 258 148 4 212 66 104 8 187 275 466 7 281 376 138 91 465 222 124 391 471 257 55 442 221 313 412 28 462 111 192 34 283 14 357 363 119 53 394 57 429 193 36 20 440 422 280 430 362 251 81 385 72 380 375 89 261 122 397 183 410 477 302 438 406 478
1 2
1 195
1 196
1 197
1 198
1 199
1 200
1 201
1 202
1 203
1 204
1 205
1 206
1 207
1 208
1 209
1 210
1 211
1 212
1 213
1 214
1 215
1 216
1 217
1 218
1 219
1 220
1 221
1 222
1 223
1 224
1 225
1 226
1 227
1 228
1 229
1 230
1 231
1 232
1 233
1 234
1 235
1 236
1 237
1 238
1 239
1 240
1 241
1 242
1 243
1 244
1 245
1 246
1 247
1 248
1 249
1 250
1 251
1 252
1 253
1 254
1 255
1 256
1 257
1 258
1 259
1 260
1 261
1 262
1 263
1 264
1 265
1 266
1 267
1 268
1 269
1 270
1 271
1 272
1 273
1 274
1 275
1 276
1 277
1 278
1 279
1 280
1 281
1 282
1 283
1 284
1 285
1 286
1 287
1 288
1 289
1 290
1 291
1 292
1 293
1 294
1 295
1 296
1 297
1 298
1 299
1 300
1 301
1 302
1 303
1 304
1 305
1 306
1 307
1 308
1 309
1 310
1 311
1 312
1 313
1 314
1 315
1 316
1 317
1 318
1 319
1 320
1 321
1 322
1 323
1 324
1 325
1 326
1 327
1 328
1 329
1 330
1 331
1 332
1 333
1 334
1 335
1 336
1 337
1 338
1 339
1 340
1 341
1 342
1 343
1 344
1 345
1 346
1 347
1 348
1 349
1 350
1 351
1 352
1 353
1 354
1 355
1 356
1 357
1 358
1 359
1 360
1 361
1 362
1 363
2 3
3 4
4 5
4 431
5 6
6 7
6 367
6 444
7 8
8 9
9 10
9 441
9 469
10 11
11 12
11 415
12 13
13 14
13 393
14 15
15 16
15 382
16 17
17 18
18 19
19 20
20 21
21 22
21 378
21 398
22 23
23 24
24 25
25 26
26 27
27 28
28 29
29 30
30 31
31 32
31 365
32 33
33 34
34 35
35 36
36 37
37 38
38 39
39 40
40 41
41 42
42 43
43 44
44 45
45 46
46 47
47 48
48 49
49 50
50 51
51 52
51 442
52 53
53 54
54 55
55 56
56 57
56 438
56 477
57 58
58 59
59 60
60 61
61 62
62 63
63 64
63 466
64 65
65 66
65 407
66 67
66 368
66 417
67 68
68 69
69 70
70 71
71 72
71 424
72 73
73 74
73 437
74 75
75 76
75 409
76 77
77 78
78 79
79 80
80 81
81 82
81 468
82 83
83 84
83 390
84 85
85 86
86 87
87 88
88 89
89 90
90 91
91 92
91 451
92 93
93 94
94 95
95 96
96 97
97 98
97 449
98 99
99 100
99 380
100 101
100 440
101 102
102 103
102 396
103 104
103 403
104 105
104 366
104 412
104 414
105 106
105 364
106 107
107 108
108 109
109 110
110 111
111 112
111 410
112 113
113 114
114 115
115 116
115 399
116 117
116 379
117 118
117 395
117 462
118 119
119 120
120 121
121 122
122 123
123 124
124 125
125 126
126 127
127 128
127 406
128 129
129 130
130 131
131 132
131 464
132 133
133 134
133 370
134 135
135 136
135 385
136 137
137 138
137 480
138 139
139 140
139 461
140 141
140 485
141 142
142 143
143 144
144 145
144 452
145 146
146 147
147 148
148 149
149 150
150 151
151 152
152 153
153 154
154 155
155 156
156 157
156 376
157 158
158 159
158 384
159 160
160 161
161 162
162 163
163 164
164 165
165 166
166 167
167 168
168 169
169 170
170 171
171 172
172 173
173 174
174 175
175 176
175 443
176 177
177 178
178 179
178 372
178 408
179 180
179 428
180 181
181 182
182 183
183 184
184 185
185 186
186 187
187 188
187 392
187 472
188 189
188 374
189 190
190 191
191 192
192 193
193 194
193 434
193 448
194 427
197 416
198 405
198 474
203 388
208 455
213 386
213 433
221 473
225 371
225 435
240 383
242 419
245 457
252 450
253 467
259 402
263 447
274 418
275 436
278 481
282 423
296 381
296 394
300 369
300 446
301 426
303 475
304 470
307 401
310 478
311 375
311 397
316 471
322 404
324 391
332 421
332 454
335 456
338 420
338 439
339 465
344 432
350 377
350 389
351 373
354 422
362 429
363 411
366 387
369 479
369 482
372 400
378 458
384 453
389 413
398 445
399 430
403 460
418 425
429 459
429 476
432 463
446 483
469 484
451
107 125 314 19 297 358 324 247 66 321 393 236 325 92 448 90 228 96 406 172 142 434 206 330 371 283 438 154 30 218 82 99 288 307 268 427 362 6 333 151 370 36 414 282 445 205 424 168 262 384 45 308 194 293 58 252 350 63 296 450 139 366 42 54 342 144 271 403 70 91 442 127 160 349 346 183 69 237 59 189 267 199 103 269 312 430 114 150 326 387 229 110 360 204 299 343 320 365 8 222 313 47 102 136 212 108 178 301 198 72 335 392 143 18 179 248 51 240 425 120 277 245 260 3 165 87 17 383 411 413 53 379 322 251 145 79 235 81 56 123 340 415 291 355 22 126 396 416 449 380 153 437 310 175 275 185 231 250 359 369 117 55 192 309 303 115 46 234 77 85 390 279 156 146 75 399 37 112 7 197 344 223 171 129 439 57 435 364 316 300 391 388 290 375 193 420 61 50 32 181 118 433 270 31 1 315 34 89 74 334 215 97 9 405 196 208 227 177 244 167 26 130 191 254 149 428 216 101 339 147 256 78 319 243 133 354 233 440 131 417 447 302 95 422 230 163 121 311 404 332 292 157 80 368 39 71 395 10 410 382 106 140 257 28 132 21 29 353 43 83 285 128 155 373 348 213 337 109 329 176 122 44 394 352 443 317 135 451 331 27 48 62 161 209 67 203 2 214 419 386 11 14 134 336 23 278 446 138 33 385 52 409 49 188 284 266 84 158 187 5 20 184 378 281 272 60 289 327 38 261 225 65 4 200 400 412 232 174 249 441 323 306 436 397 338 241 367 298 24 76 341 100 264 40 347 226 25 169 402 15 64 259 356 421 16 253 377 190 119 294 238 345 408 304 166 286 401 68 98 35 207 170 195 220 113 374 407 372 318 280 164 295 211 104 182 276 94 202 255 13 159 124 186 148 173 224 217 41 141 116 376 273 242 105 180 423 152 444 162 201 328 111 418 432 73 246 137 210 263 258 12 93 357 363 426 431 219 429 88 86 287 351 398 274 305 381 389 265 361 221 239
1 2
1 182
1 183
1 184
1 185
1 186
1 187
1 188
1 189
1 190
1 191
1 192
1 193
1 194
1 195
1 196
1 197
1 198
1 199
1 200
1 201
1 202
1 203
1 204
1 205
1 206
1 207
1 208
1 209
1 210
1 211
1 212
1 213
1 214
1 215
1 216
1 217
1 218
1 219
1 220
1 221
1 222
1 223
1 224
1 225
1 226
1 227
1 228
1 229
1 230
1 231
1 232
1 233
1 234
1 235
1 236
1 237
1 238
1 239
1 240
1 241
1 242
1 243
1 244
1 245
1 246
1 247
1 248
1 249
1 250
1 251
1 252
1 253
1 254
1 255
1 256
1 257
1 258
1 259
1 260
1 261
1 262
1 263
1 264
1 265
1 266
1 267
1 268
1 269
1 270
1 271
1 272
1 273
1 274
1 275
1 276
1 277
1 278
1 279
1 280
1 281
1 282
1 283
1 284
1 285
1 286
1 287
1 288
1 289
1 290
1 291
1 292
1 293
1 294
1 295
1 296
1 297
1 298
1 299
1 300
1 301
1 302
1 303
1 304
1 305
1 306
1 307
1 308
1 309
1 310
1 311
1 312
1 313
1 314
1 315
1 316
1 317
1 318
1 319
1 320
1 321
1 322
1 323
1 324
1 325
1 326
1 327
1 328
1 329
1 330
1 331
1 332
1 333
1 334
1 335
1 336
1 337
1 338
2 3
2 407
3 4
3 373
4 5
5 6
6 7
7 8
8 9
8 449
9 10
9 410
10 11
11 12
11 363
12 13
13 14
14 15
15 16
16 17
17 18
18 19
19 20
20 21
21 22
22 23
23 24
24 25
25 26
26 27
26 443
27 28
28 29
29 30
30 31
31 32
32 33
33 34
34 35
35 36
36 37
37 38
38 39
38 349
39 40
39 358
40 41
41 42
42 43
43 44
44 45
45 46
46 47
47 48
48 49
49 50
50 51
50 434
51 52
51 439
52 53
52 423
53 54
54 55
54 347
55 56
56 57
57 58
57 419
57 437
58 59
59 60
60 61
61 62
62 63
63 64
64 65
64 379
64 414
65 66
66 67
66 398
67 68
68 69
68 418
68 430
69 70
69 441
70 71
70 381
71 72
72 73
73 74
74 75
75 76
76 77
77 78
78 79
78 387
79 80
80 81
81 82
81 440
82 83
82 428
83 84
84 85
85 86
86 87
87 88
88 89
89 90
90 91
91 92
92 93
93 94
94 95
95 96
96 97
97 98
97 351
98 99
99 100
100 101
101 102
101 446
102 103
103 104
104 105
104 342
104 395
105 106
106 107
107 108
108 109
109 110
110 111
111 112
112 113
112 394
113 114
113 367
114 115
115 116
115 397
116 117
116 348
116 356
117 118
118 119
118 450
119 120
120 121
121 122
122 123
123 124
124 125
125 126
126 127
126 420
127 128
128 129
129 130
130 131
131 132
132 133
133 134
133 353
134 135
135 136
136 137
136 426
137 138
137 355
138 139
139 140
139 416
140 141
141 142
142 143
143 144
144 145
145 146
146 147
147 148
148 149
149 150
149 384
150 151
151 152
152 153
153 154
154 155
154 412
155 156
156 157
156 425
157 158
158 159
159 160
160 161
161 162
162 163
163 164
164 165
165 166
165 376
166 167
167 168
168 169
169 170
170 171
171 172
172 173
173 174
174 175
175 176
176 177
177 178
178 179
179 180
179 365
180 181
184 404
187 447
188 354
189 383
191 359
194 343
194 405
198 408
199 341
200 393
204 345
211 403
213 362
214 370
214 415
224 413
224 427
228 402
230 385
231 436
233 372
251 392
253 368
254 432
259 433
260 382
261 339
261 366
268 386
273 360
274 435
275 388
275 391
275 422
281 346
281 380
281 409
282 400
285 378
290 350
298 377
300 352
301 357
302 369
305 371
311 364
317 438
320 374
322 340
322 399
323 417
325 411
325 431
325 444
338 344
351 390
353 361
353 401
357 375
361 442
367 421
371 451
379 389
381 424
389 396
401 406
405 429
414 445
419 448
