10
464
239 349 123 425 434 158 28 87 306 339 369 378 69 386 154 213 105 6 448 335 164 297 228 144 277 328 362 430 352 440 196 317 174 175 361 245 4 62 32 148 273 280 422 229 150 179 54 45 198 221 203 23 204 350 270 193 222 30 410 71 330 332 226 248 176 65 246 314 404 94 140 447 385 456 345 155 26 117 208 322 377 287 300 56 188 371 341 256 125 210 463 90 215 450 55 265 449 387 75 283 412 84 42 458 218 20 209 240 407 260 338 219 124 394 194 146 269 435 131 427 63 81 452 82 21 3 286 411 33 252 147 70 214 429 462 247 316 120 293 197 267 200 289 340 110 336 312 274 266 323 223 31 373 8 1 224 383 207 170 14 420 360 406 19 211 436 305 227 347 445 185 60 321 230 363 106 50 264 326 441 400 299 288 134 190 399 114 202 199 432 139 268 76 358 438 255 191 11 127 320 276 184 172 253 393 156 47 220 48 9 250 396 415 327 35 446 304 303 324 368 384 271 225 95 443 104 232 12 282 254 100 275 212 36 189 401 302 284 138 107 337 13 281 319 145 454 169 2 357 44 414 294 381 77 79 137 98 234 416 206 315 49 80 126 187 10 331 160 159 244 295 102 108 380 53 43 309 354 243 64 262 73 92 249 261 25 152 93 444 37 310 351 353 251 428 91 217 130 272 78 141 143 403 162 370 15 408 292 344 424 7 461 346 257 419 5 343 142 57 241 38 451 121 67 186 365 41 122 372 233 395 72 235 431 52 180 88 325 161 457 99 171 388 119 342 173 231 192 259 132 402 128 115 329 166 389 112 439 421 24 285 348 22 136 58 116 46 103 111 18 151 83 165 109 364 413 40 183 97 391 29 313 355 333 423 291 258 433 426 96 464 66 177 359 168 455 405 311 409 279 163 34 89 68 318 376 442 182 398 205 460 181 27 113 149 39 236 178 216 16 379 157 61 418 308 459 290 195 17 334 382 86 74 453 59 375 367 366 85 238 390 301 167 118 278 296 51 417 392 242 356 101 397 298 307 135 437 133 129 153 201 263 237 374
1 2
1 3
1 4
1 5
1 6
1 7
1 8
1 9
1 10
1 11
1 12
1 13
1 14
1 15
1 16
1 17
1 18
1 19
1 20
1 21
1 22
1 23
1 24
1 25
1 26
1 27
1 28
1 29
1 30
1 31
1 32
1 33
1 34
1 35
1 36
1 37
1 38
1 39
1 40
1 41
1 42
1 43
1 44
1 45
1 46
1 47
1 48
1 49
1 50
1 51
1 52
1 53
1 54
1 55
1 56
1 57
1 58
1 59
1 60
1 61
1 62
1 63
1 64
1 65
1 66
1 67
1 68
1 69
1 70
1 71
1 72
1 73
1 74
1 75
1 76
1 77
1 78
1 79
1 80
1 81
1 82
1 83
1 84
1 85
1 86
1 87
1 88
1 89
1 90
1 91
1 92
1 93
1 94
1 95
1 96
1 97
1 98
1 99
1 100
1 101
1 102
1 103
1 104
1 105
1 106
1 107
1 108
1 109
1 110
1 111
1 112
1 113
1 114
1 115
1 116
1 117
1 118
1 119
1 120
1 121
1 122
1 123
1 124
1 125
1 126
1 127
1 128
1 129
1 130
1 131
1 132
1 133
1 134
1 135
1 136
1 137
1 138
1 139
1 140
1 141
1 142
1 143
1 144
1 145
1 146
1 147
1 148
1 149
1 150
1 151
1 152
1 153
1 154
1 155
1 156
1 157
1 158
1 159
1 160
1 161
1 162
1 163
1 164
1 165
1 166
1 167
1 168
1 169
1 170
1 171
1 172
1 173
1 174
1 175
1 176
1 177
1 178
1 179
1 180
1 181
1 182
1 183
1 184
1 185
1 186
1 187
1 188
1 189
1 190
1 191
1 192
1 193
1 194
1 195
1 196
1 197
1 198
1 199
1 200
1 201
1 202
1 203
1 204
1 205
1 206
1 207
1 208
1 209
1 210
1 211
1 212
1 213
1 214
1 215
1 216
1 217
1 218
1 219
1 220
1 221
1 222
1 223
1 224
1 225
1 226
1 227
1 228
1 229
1 230
1 231
1 232
1 233
1 234
1 235
1 236
1 237
1 238
1 239
1 240
1 241
1 242
1 243
1 244
1 245
1 246
1 247
1 248
1 249
1 250
1 251
1 252
1 253
1 254
1 255
1 256
1 257
1 258
1 259
1 260
1 261
1 262
1 263
1 264
1 265
1 266
1 267
1 268
1 269
1 270
1 271
1 272
1 273
1 274
1 275
1 276
1 277
1 278
1 279
1 280
1 281
1 282
1 283
1 284
1 285
1 286
1 287
1 288
1 289
1 290
1 291
1 292
1 293
1 294
1 295
1 296
1 297
1 298
1 299
1 300
1 301
1 302
1 303
1 304
1 305
1 306
1 307
1 308
1 309
1 310
1 311
1 312
1 313
1 314
1 315
1 316
1 317
1 318
1 319
1 320
1 321
1 322
1 323
1 324
1 325
1 326
1 327
1 328
1 329
1 330
1 331
1 332
1 333
1 334
1 335
1 336
1 337
1 338
1 339
1 340
1 341
1 342
1 343
1 344
1 345
1 346
1 347
1 348
1 349
1 350
1 351
1 352
1 353
1 354
1 355
1 356
1 357
1 358
1 359
1 360
1 361
1 362
1 363
1 364
1 365
1 366
1 367
1 368
1 369
1 370
1 371
1 372
1 373
1 374
1 375
1 376
1 377
1 378
1 379
1 380
1 381
1 382
1 383
1 384
1 385
1 386
1 387
1 388
1 389
1 390
1 391
1 392
1 393
1 394
1 395
1 396
1 397
1 398
1 399
1 400
1 401
1 402
1 403
1 404
1 405
1 406
1 407
1 408
1 409
1 410
1 411
1 412
1 413
1 414
1 415
1 416
1 417
1 418
1 419
1 420
1 421
1 422
1 423
1 424
1 425
1 426
1 427
1 428
1 429
1 430
1 431
1 432
1 433
1 434
1 435
1 436
1 437
1 438
1 439
1 440
1 441
1 442
1 443
1 444
1 445
1 446
1 447
1 448
1 449
1 450
1 451
1 452
1 453
1 454
1 455
1 456
1 457
1 458
1 459
1 460
1 461
1 462
1 463
1 464
464
86 379 157 322 244 302 165 35 49 424 267 452 268 370 213 229 419 78 145 155 65 8 250 32 287 441 459 144 63 271 121 386 247 36 374 393 253 388 278 110 205 345 177 152 191 432 341 346 171 202 277 114 37 59 75 90 153 453 181 64 431 44 212 211 70 169 148 351 149 436 173 451 107 409 134 48 300 45 81 367 172 359 252 62 273 304 384 218 266 91 232 390 392 381 415 68 185 462 364 371 40 280 387 19 310 116 38 182 339 217 22 57 193 401 167 289 397 170 161 344 231 230 296 178 259 99 456 449 382 362 82 94 412 353 291 447 448 355 241 204 358 396 458 183 160 186 105 363 349 221 297 84 42 257 361 421 336 200 180 69 398 163 74 119 295 133 219 162 394 112 255 151 187 179 319 125 303 136 192 320 240 164 14 85 323 127 5 13 400 124 51 198 274 261 47 50 262 226 450 130 318 445 199 131 435 108 31 3 406 369 404 214 24 326 39 6 154 56 33 307 423 366 55 332 222 117 203 122 126 53 258 290 276 76 360 54 175 340 283 446 413 352 224 118 254 7 195 265 405 350 331 196 368 420 464 17 269 334 427 426 414 209 433 342 444 357 425 215 293 239 29 4 194 174 365 18 407 228 377 395 66 88 428 246 311 111 10 454 26 385 299 325 103 46 98 410 89 34 275 141 71 245 437 256 142 216 272 72 417 28 286 58 356 21 429 284 225 129 317 294 270 123 208 100 242 220 330 282 20 305 106 314 43 455 236 197 23 166 442 132 243 235 249 399 210 15 372 237 329 328 80 315 233 309 96 11 30 120 234 408 335 457 158 25 343 41 73 201 223 135 440 83 285 79 140 375 279 301 227 434 306 281 77 347 378 373 248 348 308 337 101 383 12 27 60 238 1 188 338 389 418 52 189 92 147 298 260 184 9 333 391 327 150 354 16 443 430 264 206 324 67 312 143 263 460 176 416 190 403 463 113 251 402 411 380 61 95 2 137 461 97 422 104 115 439 139 207 109 159 376 93 156 128 288 146 87 438 168 316 313 321 138 102 292
1 2
1 3
1 4
1 5
1 6
1 7
1 8
1 9
1 10
1 11
1 12
1 13
1 14
1 15
1 16
1 17
1 18
1 19
1 20
1 21
1 22
1 23
1 24
1 25
1 26
1 27
1 28
1 29
1 30
1 31
1 32
1 33
1 34
1 35
1 36
1 37
1 38
1 39
1 40
1 41
1 42
1 43
1 44
1 45
1 46
1 47
1 48
1 49
1 50
1 51
1 52
1 53
1 54
1 55
1 56
1 57
1 58
1 59
1 60
1 61
1 62
1 63
1 64
1 65
1 66
1 67
1 68
1 69
1 70
1 71
1 72
1 73
1 74
1 75
1 76
1 77
1 78
1 79
1 80
1 81
1 82
1 83
1 84
1 85
1 86
1 87
1 88
1 89
1 90
1 91
1 92
1 93
1 94
1 95
1 96
1 97
1 98
1 99
1 100
1 101
1 102
1 103
1 104
1 105
1 106
1 107
1 108
1 109
1 110
1 111
1 112
1 113
1 114
1 115
1 116
1 117
1 118
1 119
1 120
1 121
1 122
1 123
1 124
1 125
1 126
1 127
1 128
1 129
1 130
1 131
1 132
1 133
1 134
1 135
1 136
1 137
1 138
1 139
1 140
1 141
1 142
1 143
1 144
1 145
1 146
1 147
1 148
1 149
1 150
1 151
1 152
1 153
1 154
1 155
1 156
1 157
1 158
1 159
1 160
1 161
1 162
1 163
1 164
1 165
1 166
1 167
1 168
1 169
1 170
1 171
1 172
1 173
1 174
1 175
1 176
1 177
1 178
1 179
1 180
1 181
1 182
1 183
1 184
1 185
1 186
1 187
1 188
1 189
1 190
1 191
1 192
1 193
1 194
1 195
1 196
1 197
1 198
1 199
1 200
1 201
1 202
1 203
1 204
1 205
1 206
1 207
1 208
1 209
1 210
1 211
1 212
1 213
1 214
1 215
1 216
1 217
1 218
1 219
1 220
1 221
1 222
1 223
1 224
1 225
1 226
1 227
1 228
1 229
1 230
1 231
1 232
1 233
1 234
1 235
1 236
1 237
1 238
1 239
1 240
1 241
1 242
1 243
1 244
1 245
1 246
1 247
1 248
1 249
1 250
1 251
1 252
1 253
1 254
1 255
1 256
1 257
1 258
1 259
1 260
1 261
1 262
1 263
1 264
1 265
1 266
1 267
1 268
1 269
1 270
1 271
1 272
1 273
1 274
1 275
1 276
1 277
1 278
1 279
1 280
1 281
1 282
1 283
1 284
1 285
1 286
1 287
1 288
1 289
1 290
1 291
1 292
1 293
1 294
1 295
1 296
1 297
1 298
1 299
1 300
1 301
1 302
1 303
1 304
1 305
1 306
1 307
1 308
1 309
1 310
1 311
1 312
1 313
1 314
1 315
1 316
1 317
1 318
1 319
1 320
1 321
1 322
1 323
1 324
1 325
1 326
1 327
1 328
1 329
1 330
1 331
1 332
1 333
1 334
1 335
1 336
1 337
1 338
1 339
1 340
1 341
1 342
1 343
1 344
1 345
1 346
1 347
1 348
1 349
1 350
1 351
1 352
1 353
1 354
1 355
1 356
1 357
1 358
1 359
1 360
1 361
1 362
1 363
1 364
1 365
1 366
1 367
1 368
1 369
1 370
1 371
1 372
1 373
1 374
1 375
1 376
1 377
1 378
1 379
1 380
1 381
1 382
1 383
1 384
1 385
1 386
1 387
1 388
1 389
1 390
1 391
1 392
1 393
1 394
1 395
1 396
1 397
1 398
1 399
1 400
1 401
1 402
1 403
1 404
1 405
1 406
1 407
1 408
1 409
1 410
1 411
1 412
1 413
1 414
1 415
1 416
1 417
1 418
1 419
1 420
1 421
1 422
1 423
1 424
1 425
1 426
1 427
1 428
1 429
1 430
1 431
1 432
1 433
1 434
1 435
1 436
1 437
1 438
1 439
1 440
1 441
1 442
1 443
1 444
1 445
1 446
1 447
1 448
1 449
1 450
1 451
1 452
1 453
1 454
1 455
1 456
1 457
1 458
1 459
1 460
1 461
1 462
1 463
1 464
487
18 312 132 106 13 409 269 76 43 1 70 318 422 102 282 308 174 387 57 111 60 8 157 146 118 298 211 136 69 66 145 3 61 448 348 112 231 83 86 450 172 487 74 98 155 168 257 405 97 14 462 446 343 78 184 92 281 338 356 104 161 109 461 467 293 357 433 325 36 208 123 411 385 279 370 96 456 90 151 63 221 328 393 412 166 299 107 99 429 363 6 108 346 31 425 477 471 302 436 473 59 291 19 22 415 351 463 7 5 214 235 379 153 191 41 378 401 481 277 42 48 258 453 455 152 20 288 341 202 186 148 396 283 95 360 189 273 68 301 241 478 224 355 452 245 82 240 369 141 270 237 190 75 464 213 165 2 64 80 238 246 65 228 322 416 485 458 179 331 250 475 206 304 4 140 52 274 284 472 216 307 438 243 483 47 254 332 196 236 469 197 234 439 441 110 474 163 266 218 10 354 407 265 263 143 295 12 454 376 49 233 440 289 252 292 324 62 115 164 253 71 428 128 353 223 406 203 200 154 185 23 297 230 486 131 119 380 171 93 247 39 470 460 275 364 79 207 305 383 137 339 367 170 315 55 344 264 199 430 413 260 160 408 251 321 399 9 40 435 220 125 400 267 377 122 182 239 362 309 449 103 134 195 419 335 358 371 147 389 135 27 445 468 432 176 101 300 390 398 272 226 361 124 114 127 290 129 38 319 388 117 46 34 285 94 347 177 327 410 311 465 476 120 420 35 342 368 194 423 54 91 480 105 30 484 403 88 100 51 89 217 139 340 73 286 381 280 372 192 209 37 345 457 256 162 116 67 159 181 444 158 255 350 24 414 268 314 287 459 334 397 187 28 352 229 149 87 402 451 178 310 53 85 249 447 313 180 337 58 434 395 262 138 326 167 261 77 15 417 133 276 294 375 17 16 121 392 320 482 271 323 259 329 421 142 222 244 150 72 394 303 225 45 418 56 384 205 437 84 424 349 278 11 316 391 215 479 169 227 306 29 25 374 242 193 188 144 373 427 198 44 232 204 33 210 336 201 183 156 333 130 365 431 404 296 81 442 175 382 212 330 466 359 126 26 317 219 386 32 113 366 21 50 173 426 248 443
1 2
1 3
1 4
1 5
1 6
1 7
1 8
1 9
1 10
1 11
1 12
1 13
1 14
1 15
1 16
1 17
1 18
1 19
1 20
1 21
1 22
1 23
1 24
1 25
1 26
1 27
1 28
1 29
1 30
1 31
1 32
1 33
1 34
1 35
1 36
1 37
1 38
1 39
1 40
1 41
1 42
1 43
1 44
1 45
1 46
1 47
1 48
1 49
1 50
1 51
1 52
1 53
1 54
1 55
1 56
1 57
1 58
1 59
1 60
1 61
1 62
1 63
1 64
1 65
1 66
1 67
1 68
1 69
1 70
1 71
1 72
1 73
1 74
1 75
1 76
1 77
1 78
1 79
1 80
1 81
1 82
1 83
1 84
1 85
1 86
1 87
1 88
1 89
1 90
1 91
1 92
1 93
1 94
1 95
1 96
1 97
1 98
1 99
1 100
1 101
1 102
1 103
1 104
1 105
1 106
1 107
1 108
1 109
1 110
1 111
1 112
1 113
1 114
1 115
1 116
1 117
1 118
1 119
1 120
1 121
1 122
1 123
1 124
1 125
1 126
1 127
1 128
1 129
1 130
1 131
1 132
1 133
1 134
1 135
1 136
1 137
1 138
1 139
1 140
1 141
1 142
1 143
1 144
1 145
1 146
1 147
1 148
1 149
1 150
1 151
1 152
1 153
1 154
1 155
1 156
1 157
1 158
1 159
1 160
1 161
1 162
1 163
1 164
1 165
1 166
1 167
1 168
1 169
1 170
1 171
1 172
1 173
1 174
1 175
1 176
1 177
1 178
1 179
1 180
1 181
1 182
1 183
1 184
1 185
1 186
1 187
1 188
1 189
1 190
1 191
1 192
1 193
1 194
1 195
1 196
1 197
1 198
1 199
1 200
1 201
1 202
1 203
1 204
1 205
1 206
1 207
1 208
1 209
1 210
1 211
1 212
1 213
1 214
1 215
1 216
1 217
1 218
1 219
1 220
1 221
1 222
1 223
1 224
1 225
1 226
1 227
1 228
1 229
1 230
1 231
1 232
1 233
1 234
1 235
1 236
1 237
1 238
1 239
1 240
1 241
1 242
1 243
1 244
1 245
1 246
1 247
1 248
1 249
1 250
1 251
1 252
1 253
1 254
1 255
1 256
1 257
1 258
1 259
1 260
1 261
1 262
1 263
1 264
1 265
1 266
1 267
1 268
1 269
1 270
1 271
1 272
1 273
1 274
1 275
1 276
1 277
1 278
1 279
1 280
1 281
1 282
1 283
1 284
1 285
1 286
1 287
1 288
1 289
1 290
1 291
1 292
1 293
1 294
1 295
1 296
1 297
1 298
1 299
1 300
1 301
1 302
1 303
1 304
1 305
1 306
1 307
1 308
1 309
1 310
1 311
1 312
1 313
1 314
1 315
1 316
1 317
1 318
1 319
1 320
1 321
1 322
1 323
1 324
1 325
1 326
1 327
1 328
1 329
1 330
1 331
1 332
1 333
1 334
1 335
1 336
1 337
1 338
1 339
1 340
1 341
1 342
1 343
1 344
1 345
1 346
1 347
1 348
1 349
1 350
1 351
1 352
1 353
1 354
1 355
1 356
1 357
1 358
1 359
1 360
1 361
1 362
1 363
1 364
1 365
1 366
1 367
1 368
1 369
1 370
1 371
1 372
1 373
1 374
1 375
1 376
1 377
1 378
1 379
1 380
1 381
1 382
1 383
1 384
1 385
1 386
1 387
1 388
1 389
1 390
1 391
1 392
1 393
1 394
1 395
1 396
1 397
1 398
1 399
1 400
1 401
1 402
1 403
1 404
1 405
1 406
1 407
1 408
1 409
1 410
1 411
1 412
1 413
1 414
1 415
1 416
1 417
1 418
1 419
1 420
1 421
1 422
1 423
1 424
1 425
1 426
1 427
1 428
1 429
1 430
1 431
1 432
1 433
1 434
1 435
1 436
1 437
1 438
1 439
1 440
1 441
1 442
1 443
1 444
1 445
1 446
1 447
1 448
1 449
1 450
1 451
1 452
1 453
1 454
1 455
1 456
1 457
1 458
1 459
1 460
1 461
1 462
1 463
1 464
1 465
1 466
1 467
1 468
1 469
1 470
1 471
1 472
1 473
1 474
1 475
1 476
1 477
1 478
1 479
1 480
1 481
1 482
1 483
1 484
1 485
1 486
1 487
497
224 463 313 65 310 176 226 144 159 398 304 297 180 364 485 45 185 41 96 136 365 167 124 444 211 222 401 264 386 235 189 260 275 84 268 342 241 32 38 491 16 115 293 388 354 404 353 131 123 490 269 69 248 97 279 13 474 53 324 432 227 462 240 438 493 103 465 233 272 481 359 184 237 451 40 129 472 448 200 10 36 350 190 117 335 236 294 387 347 130 484 206 461 309 142 137 51 95 423 400 177 28 329 120 322 141 274 173 391 376 82 77 208 412 416 430 43 6 467 318 441 277 464 361 303 394 29 2 413 415 418 54 334 64 421 290 108 247 479 119 203 328 25 52 346 210 164 39 395 31 469 431 135 301 358 151 312 23 26 368 93 4 89 475 414 118 311 379 71 399 453 270 72 14 186 179 252 259 99 355 405 478 197 61 157 170 105 257 473 262 396 426 283 94 234 49 327 88 100 193 381 143 183 172 456 116 178 271 251 280 308 429 332 482 85 373 337 278 307 427 389 91 20 154 217 352 47 22 402 42 239 198 1 377 128 238 419 452 299 201 80 121 21 320 196 192 428 258 181 139 109 360 11 434 18 397 496 44 147 104 253 24 101 486 466 330 494 483 169 207 446 276 133 83 497 254 345 5 160 232 390 212 114 76 450 267 110 333 457 34 228 375 348 433 289 300 331 63 182 326 445 163 343 78 246 420 336 73 153 107 57 221 356 281 202 171 362 459 102 12 168 158 55 223 288 458 150 92 27 285 455 374 30 440 58 79 437 219 242 174 282 489 435 205 366 33 74 291 372 470 70 87 357 425 149 146 408 286 75 265 215 495 111 370 447 476 127 383 468 7 316 15 155 460 145 266 367 296 380 191 378 480 37 407 385 138 231 194 371 48 204 113 106 9 46 249 165 443 214 245 384 338 295 218 363 56 255 166 59 298 321 244 66 273 156 152 406 122 454 439 417 98 424 81 161 263 411 112 243 340 349 3 392 213 188 287 35 195 60 62 436 187 229 199 19 305 382 261 225 319 351 339 442 314 175 140 393 449 132 17 409 471 302 325 477 317 134 344 292 162 230 487 341 256 209 410 369 50 86 67 315 492 68 148 284 125 126 306 216 403 323 90 488 8 250 422 220
1 2
1 3
1 4
1 5
1 6
1 7
1 8
1 9
1 10
1 11
1 12
1 13
1 14
1 15
1 16
1 17
1 18
1 19
1 20
1 21
1 22
1 23
1 24
1 25
1 26
1 27
1 28
1 29
1 30
1 31
1 32
1 33
1 34
1 35
1 36
1 37
1 38
1 39
1 40
1 41
1 42
1 43
1 44
1 45
1 46
1 47
1 48
1 49
1 50
1 51
1 52
1 53
1 54
1 55
1 56
1 57
1 58
1 59
1 60
1 61
1 62
1 63
1 64
1 65
1 66
1 67
1 68
1 69
1 70
1 71
1 72
1 73
1 74
1 75
1 76
1 77
1 78
1 79
1 80
1 81
1 82
1 83
1 84
1 85
1 86
1 87
1 88
1 89
1 90
1 91
1 92
1 93
1 94
1 95
1 96
1 97
1 98
1 99
1 100
1 101
1 102
1 103
1 104
1 105
1 106
1 107
1 108
1 109
1 110
1 111
1 112
1 113
1 114
1 115
1 116
1 117
1 118
1 119
1 120
1 121
1 122
1 123
1 124
1 125
1 126
1 127
1 128
1 129
1 130
1 131
1 132
1 133
1 134
1 135
1 136
1 137
1 138
1 139
1 140
1 141
1 142
1 143
1 144
1 145
1 146
1 147
1 148
1 149
1 150
1 151
1 152
1 153
1 154
1 155
1 156
1 157
1 158
1 159
1 160
1 161
1 162
1 163
1 164
1 165
1 166
1 167
1 168
1 169
1 170
1 171
1 172
1 173
1 174
1 175
1 176
1 177
1 178
1 179
1 180
1 181
1 182
1 183
1 184
1 185
1 186
1 187
1 188
1 189
1 190
1 191
1 192
1 193
1 194
1 195
1 196
1 197
1 198
1 199
1 200
1 201
1 202
1 203
1 204
1 205
1 206
1 207
1 208
1 209
1 210
1 211
1 212
1 213
1 214
1 215
1 216
1 217
1 218
1 219
1 220
1 221
1 222
1 223
1 224
1 225
1 226
1 227
1 228
1 229
1 230
1 231
1 232
1 233
1 234
1 235
1 236
1 237
1 238
1 239
1 240
1 241
1 242
1 243
1 244
1 245
1 246
1 247
1 248
1 249
1 250
1 251
1 252
1 253
1 254
1 255
1 256
1 257
1 258
1 259
1 260
1 261
1 262
1 263
1 264
1 265
1 266
1 267
1 268
1 269
1 270
1 271
1 272
1 273
1 274
1 275
1 276
1 277
1 278
1 279
1 280
1 281
1 282
1 283
1 284
1 285
1 286
1 287
1 288
1 289
1 290
1 291
1 292
1 293
1 294
1 295
1 296
1 297
1 298
1 299
1 300
1 301
1 302
1 303
1 304
1 305
1 306
1 307
1 308
1 309
1 310
1 311
1 312
1 313
1 314
1 315
1 316
1 317
1 318
1 319
1 320
1 321
1 322
1 323
1 324
1 325
1 326
1 327
1 328
1 329
1 330
1 331
1 332
1 333
1 334
1 335
1 336
1 337
1 338
1 339
1 340
1 341
1 342
1 343
1 344
1 345
1 346
1 347
1 348
1 349
1 350
1 351
1 352
1 353
1 354
1 355
1 356
1 357
1 358
1 359
1 360
1 361
1 362
1 363
1 364
1 365
1 366
1 367
1 368
1 369
1 370
1 371
1 372
1 373
1 374
1 375
1 376
1 377
1 378
1 379
1 380
1 381
1 382
1 383
1 384
1 385
1 386
1 387
1 388
1 389
1 390
1 391
1 392
1 393
1 394
1 395
1 396
1 397
1 398
1 399
1 400
1 401
1 402
1 403
1 404
1 405
1 406
1 407
1 408
1 409
1 410
1 411
1 412
1 413
1 414
1 415
1 416
1 417
1 418
1 419
1 420
1 421
1 422
1 423
1 424
1 425
1 426
1 427
1 428
1 429
1 430
1 431
1 432
1 433
1 434
1 435
1 436
1 437
1 438
1 439
1 440
1 441
1 442
1 443
1 444
1 445
1 446
1 447
1 448
1 449
1 450
1 451
1 452
1 453
1 454
1 455
1 456
1 457
1 458
1 459
1 460
1 461
1 462
1 463
1 464
1 465
1 466
1 467
1 468
1 469
1 470
1 471
1 472
1 473
1 474
1 475
1 476
1 477
1 478
1 479
1 480
1 481
1 482
1 483
1 484
1 485
1 486
1 487
1 488
1 489
1 490
1 491
1 492
1 493
1 494
1 495
1 496
1 497
471
344 245 408 146 15 91 169 48 347 64 139 94 100 454 226 133 10 395 66 213 301 86 420 124 145 87 470 324 456 399 101 356 38 432 445 62 26 438 144 285 372 268 85 252 385 458 149 417 141 349 77 70 297 52 201 255 30 181 312 72 182 82 394 128 361 29 469 147 267 33 234 389 125 305 137 160 168 290 309 276 204 377 193 320 326 229 259 129 346 4 307 92 236 419 116 374 190 224 202 121 266 387 217 6 390 402 39 127 441 293 210 423 405 416 179 330 465 218 338 67 431 74 300 336 376 302 429 88 150 274 36 275 366 24 219 262 171 265 273 362 411 216 170 457 337 260 192 294 3 435 230 41 455 339 165 140 178 99 35 251 119 462 80 292 196 450 304 413 103 444 51 45 68 352 381 348 384 239 187 357 184 194 211 37 65 28 203 98 258 378 373 59 164 315 256 69 355 280 104 447 105 433 132 188 321 115 286 54 120 393 22 299 42 227 40 397 295 303 46 9 198 73 76 426 418 360 404 363 466 131 277 195 240 122 261 114 172 436 250 370 112 155 289 89 353 414 467 57 424 106 464 446 288 43 95 407 173 264 471 434 113 197 154 371 212 254 55 166 167 425 183 81 90 97 272 448 205 345 206 247 71 284 242 12 161 151 136 222 34 44 269 248 340 279 329 231 428 427 461 27 422 186 322 278 451 32 159 174 314 191 96 134 123 368 118 343 79 107 249 111 367 403 391 440 153 20 396 379 375 334 130 78 392 214 283 56 318 410 25 335 341 18 199 421 200 162 235 84 163 11 148 453 316 49 237 342 58 331 244 223 333 176 142 156 2 380 359 263 406 177 463 17 14 221 319 238 332 50 310 243 351 135 108 233 449 460 358 365 138 412 152 388 439 468 437 158 296 281 327 241 298 208 180 369 291 311 328 225 93 325 400 257 382 383 220 401 209 47 185 63 415 282 110 317 232 386 364 61 443 75 207 143 246 354 398 8 13 16 215 323 409 189 308 452 253 109 270 19 157 459 102 23 21 442 271 228 60 7 287 313 117 430 31 5 83 126 175 1 306 350 53
1 2
1 3
1 4
1 5
1 6
1 7
1 8
1 9
1 10
1 11
1 12
1 13
1 14
1 15
1 16
1 17
1 18
1 19
1 20
1 21
1 22
1 23
1 24
1 25
1 26
1 27
1 28
1 29
1 30
1 31
1 32
1 33
1 34
1 35
1 36
1 37
1 38
1 39
1 40
1 41
1 42
1 43
1 44
1 45
1 46
1 47
1 48
1 49
1 50
1 51
1 52
1 53
1 54
1 55
1 56
1 57
1 58
1 59
1 60
1 61
1 62
1 63
1 64
1 65
1 66
1 67
1 68
1 69
1 70
1 71
1 72
1 73
1 74
1 75
1 76
1 77
1 78
1 79
1 80
1 81
1 82
1 83
1 84
1 85
1 86
1 87
1 88
1 89
1 90
1 91
1 92
1 93
1 94
1 95
1 96
1 97
1 98
1 99
1 100
1 101
1 102
1 103
1 104
1 105
1 106
1 107
1 108
1 109
1 110
1 111
1 112
1 113
1 114
1 115
1 116
1 117
1 118
1 119
1 120
1 121
1 122
1 123
1 124
1 125
1 126
1 127
1 128
1 129
1 130
1 131
1 132
1 133
1 134
1 135
1 136
1 137
1 138
1 139
1 140
1 141
1 142
1 143
1 144
1 145
1 146
1 147
1 148
1 149
1 150
1 151
1 152
1 153
1 154
1 155
1 156
1 157
1 158
1 159
1 160
1 161
1 162
1 163
1 164
1 165
1 166
1 167
1 168
1 169
1 170
1 171
1 172
1 173
1 174
1 175
1 176
1 177
1 178
1 179
1 180
1 181
1 182
1 183
1 184
1 185
1 186
1 187
1 188
1 189
1 190
1 191
1 192
1 193
1 194
1 195
1 196
1 197
1 198
1 199
1 200
1 201
1 202
1 203
1 204
1 205
1 206
1 207
1 208
1 209
1 210
1 211
1 212
1 213
1 214
1 215
1 216
1 217
1 218
1 219
1 220
1 221
1 222
1 223
1 224
1 225
1 226
1 227
1 228
1 229
1 230
1 231
1 232
1 233
1 234
1 235
1 236
1 237
1 238
1 239
1 240
1 241
1 242
1 243
1 244
1 245
1 246
1 247
1 248
1 249
1 250
1 251
1 252
1 253
1 254
1 255
1 256
1 257
1 258
1 259
1 260
1 261
1 262
1 263
1 264
1 265
1 266
1 267
1 268
1 269
1 270
1 271
1 272
1 273
1 274
1 275
1 276
1 277
1 278
1 279
1 280
1 281
1 282
1 283
1 284
1 285
1 286
1 287
1 288
1 289
1 290
1 291
1 292
1 293
1 294
1 295
1 296
1 297
1 298
1 299
1 300
1 301
1 302
1 303
1 304
1 305
1 306
1 307
1 308
1 309
1 310
1 311
1 312
1 313
1 314
1 315
1 316
1 317
1 318
1 319
1 320
1 321
1 322
1 323
1 324
1 325
1 326
1 327
1 328
1 329
1 330
1 331
1 332
1 333
1 334
1 335
1 336
1 337
1 338
1 339
1 340
1 341
1 342
1 343
1 344
1 345
1 346
1 347
1 348
1 349
1 350
1 351
1 352
1 353
1 354
1 355
1 356
1 357
1 358
1 359
1 360
1 361
1 362
1 363
1 364
1 365
1 366
1 367
1 368
1 369
1 370
1 371
1 372
1 373
1 374
1 375
1 376
1 377
1 378
1 379
1 380
1 381
1 382
1 383
1 384
1 385
1 386
1 387
1 388
1 389
1 390
1 391
1 392
1 393
1 394
1 395
1 396
1 397
1 398
1 399
1 400
1 401
1 402
1 403
1 404
1 405
1 406
1 407
1 408
1 409
1 410
1 411
1 412
1 413
1 414
1 415
1 416
1 417
1 418
1 419
1 420
1 421
1 422
1 423
1 424
1 425
1 426
1 427
1 428
1 429
1 430
1 431
1 432
1 433
1 434
1 435
1 436
1 437
1 438
1 439
1 440
1 441
1 442
1 443
1 444
1 445
1 446
1 447
1 448
1 449
1 450
1 451
1 452
1 453
1 454
1 455
1 456
1 457
1 458
1 459
1 460
1 461
1 462
1 463
1 464
1 465
1 466
1 467
1 468
1 469
1 470
1 471
489
383 28 63 104 92 284 261 246 263 20 396 429 456 364 126 484 185 196 2 480 107 98 410 11 171 217 337 96 232 392 430 309 384 78 56 100 33 183 268 385 414 482 468 180 420 346 49 286 190 294 331 295 139 462 368 460 206 344 299 272 472 448 31 406 29 308 193 213 416 166 451 276 94 212 275 297 242 248 437 279 470 238 160 25 102 137 282 136 330 316 43 283 258 221 334 66 488 35 123 348 441 110 329 201 48 457 41 71 45 4 481 425 47 214 216 24 446 327 421 427 478 131 122 95 399 105 304 188 204 474 13 381 198 360 350 73 398 231 243 5 85 394 302 445 55 87 244 403 426 117 458 436 367 14 424 155 90 467 407 349 366 226 225 326 314 323 8 486 208 418 113 485 335 235 390 179 442 438 375 328 197 359 324 65 293 444 17 255 251 161 34 257 380 141 267 84 133 317 236 372 245 412 287 477 373 127 158 351 118 463 67 311 447 58 249 51 46 487 415 393 285 177 338 111 228 39 459 376 218 22 419 157 146 163 125 97 121 15 164 341 278 464 99 75 264 290 23 428 112 271 172 219 409 254 145 405 186 411 175 230 361 135 192 296 322 352 128 21 80 277 379 119 159 156 357 165 274 355 432 101 443 280 86 6 395 184 79 9 345 479 140 450 207 391 388 305 149 124 54 195 332 340 132 148 220 365 144 223 453 356 466 210 134 483 266 252 167 26 433 59 76 362 88 77 389 454 154 289 439 106 247 363 369 70 169 455 386 32 374 422 310 116 147 270 44 187 168 320 353 12 50 303 253 64 30 281 256 205 440 465 3 408 203 250 291 339 162 301 170 404 292 115 27 319 378 57 382 109 240 182 313 74 40 397 89 307 153 53 143 371 130 318 10 449 413 52 423 476 336 199 215 16 83 227 435 315 81 103 129 108 342 288 200 461 38 222 61 189 370 174 60 36 473 18 475 262 358 417 181 62 68 42 489 142 191 224 239 306 19 234 241 178 402 93 269 209 400 69 120 469 354 471 202 312 37 452 431 194 82 150 347 72 237 377 387 173 273 1 298 260 434 152 233 91 259 333 321 114 325 401 265 138 229 7 176 343 151 211 300
1 2
1 3
1 4
1 5
1 6
1 7
1 8
1 9
1 10
1 11
1 12
1 13
1 14
1 15
1 16
1 17
1 18
1 19
1 20
1 21
1 22
1 23
1 24
1 25
1 26
1 27
1 28
1 29
1 30
1 31
1 32
1 33
1 34
1 35
1 36
1 37
1 38
1 39
1 40
1 41
1 42
1 43
1 44
1 45
1 46
1 47
1 48
1 49
1 50
1 51
1 52
1 53
1 54
1 55
1 56
1 57
1 58
1 59
1 60
1 61
1 62
1 63
1 64
1 65
1 66
1 67
1 68
1 69
1 70
1 71
1 72
1 73
1 74
1 75
1 76
1 77
1 78
1 79
1 80
1 81
1 82
1 83
1 84
1 85
1 86
1 87
1 88
1 89
1 90
1 91
1 92
1 93
1 94
1 95
1 96
1 97
1 98
1 99
1 100
1 101
1 102
1 103
1 104
1 105
1 106
1 107
1 108
1 109
1 110
1 111
1 112
1 113
1 114
1 115
1 116
1 117
1 118
1 119
1 120
1 121
1 122
1 123
1 124
1 125
1 126
1 127
1 128
1 129
1 130
1 131
1 132
1 133
1 134
1 135
1 136
1 137
1 138
1 139
1 140
1 141
1 142
1 143
1 144
1 145
1 146
1 147
1 148
1 149
1 150
1 151
1 152
1 153
1 154
1 155
1 156
1 157
1 158
1 159
1 160
1 161
1 162
1 163
1 164
1 165
1 166
1 167
1 168
1 169
1 170
1 171
1 172
1 173
1 174
1 175
1 176
1 177
1 178
1 179
1 180
1 181
1 182
1 183
1 184
1 185
1 186
1 187
1 188
1 189
1 190
1 191
1 192
1 193
1 194
1 195
1 196
1 197
1 198
1 199
1 200
1 201
1 202
1 203
1 204
1 205
1 206
1 207
1 208
1 209
1 210
1 211
1 212
1 213
1 214
1 215
1 216
1 217
1 218
1 219
1 220
1 221
1 222
1 223
1 224
1 225
1 226
1 227
1 228
1 229
1 230
1 231
1 232
1 233
1 234
1 235
1 236
1 237
1 238
1 239
1 240
1 241
1 242
1 243
1 244
1 245
1 246
1 247
1 248
1 249
1 250
1 251
1 252
1 253
1 254
1 255
1 256
1 257
1 258
1 259
1 260
1 261
1 262
1 263
1 264
1 265
1 266
1 267
1 268
1 269
1 270
1 271
1 272
1 273
1 274
1 275
1 276
1 277
1 278
1 279
1 280
1 281
1 282
1 283
1 284
1 285
1 286
1 287
1 288
1 289
1 290
1 291
1 292
1 293
1 294
1 295
1 296
1 297
1 298
1 299
1 300
1 301
1 302
1 303
1 304
1 305
1 306
1 307
1 308
1 309
1 310
1 311
1 312
1 313
1 314
1 315
1 316
1 317
1 318
1 319
1 320
1 321
1 322
1 323
1 324
1 325
1 326
1 327
1 328
1 329
1 330
1 331
1 332
1 333
1 334
1 335
1 336
1 337
1 338
1 339
1 340
1 341
1 342
1 343
1 344
1 345
1 346
1 347
1 348
1 349
1 350
1 351
1 352
1 353
1 354
1 355
1 356
1 357
1 358
1 359
1 360
1 361
1 362
1 363
1 364
1 365
1 366
1 367
1 368
1 369
1 370
1 371
1 372
1 373
1 374
1 375
1 376
1 377
1 378
1 379
1 380
1 381
1 382
1 383
1 384
1 385
1 386
1 387
1 388
1 389
1 390
1 391
1 392
1 393
1 394
1 395
1 396
1 397
1 398
1 399
1 400
1 401
1 402
1 403
1 404
1 405
1 406
1 407
1 408
1 409
1 410
1 411
1 412
1 413
1 414
1 415
1 416
1 417
1 418
1 419
1 420
1 421
1 422
1 423
1 424
1 425
1 426
1 427
1 428
1 429
1 430
1 431
1 432
1 433
1 434
1 435
1 436
1 437
1 438
1 439
1 440
1 441
1 442
1 443
1 444
1 445
1 446
1 447
1 448
1 449
1 450
1 451
1 452
1 453
1 454
1 455
1 456
1 457
1 458
1 459
1 460
1 461
1 462
1 463
1 464
1 465
1 466
1 467
1 468
1 469
1 470
1 471
1 472
1 473
1 474
1 475
1 476
1 477
1 478
1 479
1 480
1 481
1 482
1 483
1 484
1 485
1 486
1 487
1 488
1 489
459
232 320 83 4 436 148 451 114 213 357 59 58 86 332 72 406 308 312 178 449 3 354 305 89 310 204 342 455 195 380 179 425 32 186 182 399 108 167 322 359 331 50 327 272 235 282 454 170 400 17 163 253 211 318 38 276 370 110 353 364 183 57 437 330 144 37 284 85 93 67 294 266 172 55 40 25 358 243 149 42 240 206 416 280 18 458 77 410 146 94 196 215 457 106 13 33 423 396 47 56 366 298 160 153 45 123 226 389 142 162 321 52 137 188 173 21 121 431 152 438 365 34 278 242 133 361 228 74 270 307 98 236 248 429 328 295 134 412 317 319 355 39 73 398 225 118 187 207 102 324 420 91 291 233 46 96 111 23 165 125 202 292 456 459 311 189 79 329 336 411 340 92 105 309 219 43 304 122 95 421 428 259 289 9 313 15 296 409 184 76 250 177 175 24 87 107 7 159 166 140 432 442 198 350 261 306 124 356 101 293 273 260 439 222 116 383 41 300 335 126 192 88 450 287 119 302 238 10 418 80 245 14 264 199 66 62 155 99 267 362 139 299 220 164 174 8 237 337 290 176 402 257 349 394 388 191 135 315 338 151 147 262 200 109 316 427 218 145 115 372 247 433 113 216 141 227 53 82 391 381 408 258 378 81 430 65 1 345 268 244 171 128 28 274 419 78 347 397 29 441 185 197 413 352 246 217 368 2 377 130 230 154 136 214 143 158 68 63 392 69 36 452 407 382 360 112 414 301 422 325 193 254 208 131 138 285 445 339 212 169 221 279 54 100 205 6 424 223 288 19 190 444 30 367 434 97 275 440 417 390 376 326 277 71 346 384 132 447 26 265 263 5 12 395 104 271 103 333 251 51 156 127 150 129 180 20 61 252 363 448 90 379 249 344 48 75 234 64 157 403 341 117 201 210 44 385 323 446 161 203 283 297 27 281 11 16 255 343 209 453 404 334 181 286 435 387 239 371 224 373 375 84 386 120 415 22 229 70 60 374 401 426 269 443 369 241 303 168 231 405 348 194 49 256 314 393 31 351 35
1 2
1 3
1 4
1 5
1 6
1 7
1 8
1 9
1 10
1 11
1 12
1 13
1 14
1 15
1 16
1 17
1 18
1 19
1 20
1 21
1 22
1 23
1 24
1 25
1 26
1 27
1 28
1 29
1 30
1 31
1 32
1 33
1 34
1 35
1 36
1 37
1 38
1 39
1 40
1 41
1 42
1 43
1 44
1 45
1 46
1 47
1 48
1 49
1 50
1 51
1 52
1 53
1 54
1 55
1 56
1 57
1 58
1 59
1 60
1 61
1 62
1 63
1 64
1 65
1 66
1 67
1 68
1 69
1 70
1 71
1 72
1 73
1 74
1 75
1 76
1 77
1 78
1 79
1 80
1 81
1 82
1 83
1 84
1 85
1 86
1 87
1 88
1 89
1 90
1 91
1 92
1 93
1 94
1 95
1 96
1 97
1 98
1 99
1 100
1 101
1 102
1 103
1 104
1 105
1 106
1 107
1 108
1 109
1 110
1 111
1 112
1 113
1 114
1 115
1 116
1 117
1 118
1 119
1 120
1 121
1 122
1 123
1 124
1 125
1 126
1 127
1 128
1 129
1 130
1 131
1 132
1 133
1 134
1 135
1 136
1 137
1 138
1 139
1 140
1 141
1 142
1 143
1 144
1 145
1 146
1 147
1 148
1 149
1 150
1 151
1 152
1 153
1 154
1 155
1 156
1 157
1 158
1 159
1 160
1 161
1 162
1 163
1 164
1 165
1 166
1 167
1 168
1 169
1 170
1 171
1 172
1 173
1 174
1 175
1 176
1 177
1 178
1 179
1 180
1 181
1 182
1 183
1 184
1 185
1 186
1 187
1 188
1 189
1 190
1 191
1 192
1 193
1 194
1 195
1 196
1 197
1 198
1 199
1 200
1 201
1 202
1 203
1 204
1 205
1 206
1 207
1 208
1 209
1 210
1 211
1 212
1 213
1 214
1 215
1 216
1 217
1 218
1 219
1 220
1 221
1 222
1 223
1 224
1 225
1 226
1 227
1 228
1 229
1 230
1 231
1 232
1 233
1 234
1 235
1 236
1 237
1 238
1 239
1 240
1 241
1 242
1 243
1 244
1 245
1 246
1 247
1 248
1 249
1 250
1 251
1 252
1 253
1 254
1 255
1 256
1 257
1 258
1 259
1 260
1 261
1 262
1 263
1 264
1 265
1 266
1 267
1 268
1 269
1 270
1 271
1 272
1 273
1 274
1 275
1 276
1 277
1 278
1 279
1 280
1 281
1 282
1 283
1 284
1 285
1 286
1 287
1 288
1 289
1 290
1 291
1 292
1 293
1 294
1 295
1 296
1 297
1 298
1 299
1 300
1 301
1 302
1 303
1 304
1 305
1 306
1 307
1 308
1 309
1 310
1 311
1 312
1 313
1 314
1 315
1 316
1 317
1 318
1 319
1 320
1 321
1 322
1 323
1 324
1 325
1 326
1 327
1 328
1 329
1 330
1 331
1 332
1 333
1 334
1 335
1 336
1 337
1 338
1 339
1 340
1 341
1 342
1 343
1 344
1 345
1 346
1 347
1 348
1 349
1 350
1 351
1 352
1 353
1 354
1 355
1 356
1 357
1 358
1 359
1 360
1 361
1 362
1 363
1 364
1 365
1 366
1 367
1 368
1 369
1 370
1 371
1 372
1 373
1 374
1 375
1 376
1 377
1 378
1 379
1 380
1 381
1 382
1 383
1 384
1 385
1 386
1 387
1 388
1 389
1 390
1 391
1 392
1 393
1 394
1 395
1 396
1 397
1 398
1 399
1 400
1 401
1 402
1 403
1 404
1 405
1 406
1 407
1 408
1 409
1 410
1 411
1 412
1 413
1 414
1 415
1 416
1 417
1 418
1 419
1 420
1 421
1 422
1 423
1 424
1 425
1 426
1 427
1 428
1 429
1 430
1 431
1 432
1 433
1 434
1 435
1 436
1 437
1 438
1 439
1 440
1 441
1 442
1 443
1 444
1 445
1 446
1 447
1 448
1 449
1 450
1 451
1 452
1 453
1 454
1 455
1 456
1 457
1 458
1 459
477
258 220 477 461 439 123 37 72 299 95 261 255 18 310 70 156 281 302 380 26 163 167 20 169 308 62 319 77 329 314 209 331 469 61 127 165 80 356 438 233 259 379 351 199 396 341 90 119 47 419 224 96 36 82 179 410 275 475 68 138 391 433 191 143 358 315 476 243 110 124 44 287 467 210 296 205 107 264 12 248 370 234 206 192 334 218 349 175 232 134 67 367 40 269 409 422 279 411 389 58 112 172 113 459 347 17 365 294 266 465 211 131 403 362 376 444 453 238 101 387 247 354 375 66 11 298 378 289 412 225 33 1 440 418 401 293 27 265 14 93 452 94 28 190 152 10 320 204 159 231 414 445 415 267 328 227 153 137 177 472 183 429 142 150 304 257 13 164 357 180 197 256 157 15 214 145 46 221 103 215 136 435 374 158 372 181 282 235 442 381 106 359 355 111 75 21 100 404 395 171 327 200 105 323 161 284 249 187 251 345 432 392 139 43 173 236 24 45 188 338 405 76 300 81 141 460 447 91 427 129 54 399 194 318 219 344 394 285 446 16 146 202 295 135 116 393 162 333 184 277 454 196 309 118 434 270 383 144 114 35 466 288 350 87 416 8 342 102 471 276 377 278 42 346 174 78 464 364 340 463 149 55 301 417 366 108 305 402 216 386 132 97 151 189 474 208 182 317 458 260 23 337 230 321 330 343 49 306 121 122 431 406 400 388 307 120 254 241 32 48 155 117 326 186 271 69 273 436 5 322 316 115 240 368 448 166 398 352 424 229 430 19 428 425 207 178 332 31 237 449 373 198 420 324 201 292 303 63 7 185 421 283 79 92 29 128 226 468 212 274 73 348 53 2 140 407 89 242 239 160 457 130 193 397 244 272 170 223 52 361 245 99 250 22 228 325 6 84 280 56 382 147 413 88 98 291 51 353 3 473 71 290 85 456 441 57 311 462 451 65 384 34 450 470 60 38 336 125 222 262 148 59 371 9 443 25 126 297 426 4 246 423 109 168 339 268 64 252 390 74 437 253 455 385 176 154 203 195 133 335 104 363 312 286 213 263 39 408 41 50 360 217 369 30 313 86 83
1 2
1 3
1 4
1 5
1 6
1 7
1 8
1 9
1 10
1 11
1 12
1 13
1 14
1 15
1 16
1 17
1 18
1 19
1 20
1 21
1 22
1 23
1 24
1 25
1 26
1 27
1 28
1 29
1 30
1 31
1 32
1 33
1 34
1 35
1 36
1 37
1 38
1 39
1 40
1 41
1 42
1 43
1 44
1 45
1 46
1 47
1 48
1 49
1 50
1 51
1 52
1 53
1 54
1 55
1 56
1 57
1 58
1 59
1 60
1 61
1 62
1 63
1 64
1 65
1 66
1 67
1 68
1 69
1 70
1 71
1 72
1 73
1 74
1 75
1 76
1 77
1 78
1 79
1 80
1 81
1 82
1 83
1 84
1 85
1 86
1 87
1 88
1 89
1 90
1 91
1 92
1 93
1 94
1 95
1 96
1 97
1 98
1 99
1 100
1 101
1 102
1 103
1 104
1 105
1 106
1 107
1 108
1 109
1 110
1 111
1 112
1 113
1 114
1 115
1 116
1 117
1 118
1 119
1 120
1 121
1 122
1 123
1 124
1 125
1 126
1 127
1 128
1 129
1 130
1 131
1 132
1 133
1 134
1 135
1 136
1 137
1 138
1 139
1 140
1 141
1 142
1 143
1 144
1 145
1 146
1 147
1 148
1 149
1 150
1 151
1 152
1 153
1 154
1 155
1 156
1 157
1 158
1 159
1 160
1 161
1 162
1 163
1 164
1 165
1 166
1 167
1 168
1 169
1 170
1 171
1 172
1 173
1 174
1 175
1 176
1 177
1 178
1 179
1 180
1 181
1 182
1 183
1 184
1 185
1 186
1 187
1 188
1 189
1 190
1 191
1 192
1 193
1 194
1 195
1 196
1 197
1 198
1 199
1 200
1 201
1 202
1 203
1 204
1 205
1 206
1 207
1 208
1 209
1 210
1 211
1 212
1 213
1 214
1 215
1 216
1 217
1 218
1 219
1 220
1 221
1 222
1 223
1 224
1 225
1 226
1 227
1 228
1 229
1 230
1 231
1 232
1 233
1 234
1 235
1 236
1 237
1 238
1 239
1 240
1 241
1 242
1 243
1 244
1 245
1 246
1 247
1 248
1 249
1 250
1 251
1 252
1 253
1 254
1 255
1 256
1 257
1 258
1 259
1 260
1 261
1 262
1 263
1 264
1 265
1 266
1 267
1 268
1 269
1 270
1 271
1 272
1 273
1 274
1 275
1 276
1 277
1 278
1 279
1 280
1 281
1 282
1 283
1 284
1 285
1 286
1 287
1 288
1 289
1 290
1 291
1 292
1 293
1 294
1 295
1 296
1 297
1 298
1 299
1 300
1 301
1 302
1 303
1 304
1 305
1 306
1 307
1 308
1 309
1 310
1 311
1 312
1 313
1 314
1 315
1 316
1 317
1 318
1 319
1 320
1 321
1 322
1 323
1 324
1 325
1 326
1 327
1 328
1 329
1 330
1 331
1 332
1 333
1 334
1 335
1 336
1 337
1 338
1 339
1 340
1 341
1 342
1 343
1 344
1 345
1 346
1 347
1 348
1 349
1 350
1 351
1 352
1 353
1 354
1 355
1 356
1 357
1 358
1 359
1 360
1 361
1 362
1 363
1 364
1 365
1 366
1 367
1 368
1 369
1 370
1 371
1 372
1 373
1 374
1 375
1 376
1 377
1 378
1 379
1 380
1 381
1 382
1 383
1 384
1 385
1 386
1 387
1 388
1 389
1 390
1 391
1 392
1 393
1 394
1 395
1 396
1 397
1 398
1 399
1 400
1 401
1 402
1 403
1 404
1 405
1 406
1 407
1 408
1 409
1 410
1 411
1 412
1 413
1 414
1 415
1 416
1 417
1 418
1 419
1 420
1 421
1 422
1 423
1 424
1 425
1 426
1 427
1 428
1 429
1 430
1 431
1 432
1 433
1 434
1 435
1 436
1 437
1 438
1 439
1 440
1 441
1 442
1 443
1 444
1 445
1 446
1 447
1 448
1 449
1 450
1 451
1 452
1 453
1 454
1 455
1 456
1 457
1 458
1 459
1 460
1 461
1 462
1 463
1 464
1 465
1 466
1 467
1 468
1 469
1 470
1 471
1 472
1 473
1 474
1 475
1 476
1 477
487
136 259 183 382 273 347 132 484 68 76 258 34 151 38 208 367 370 452 71 412 160 57 7 30 138 313 411 435 51 130 376 470 272 55 90 163 421 86 108 103 386 303 365 49 223 269 257 82 375 361 464 84 297 465 106 418 265 194 164 94 396 159 77 202 232 93 2 355 120 125 134 477 397 278 203 289 221 54 111 50 88 276 406 423 237 448 324 307 428 431 47 290 479 37 69 58 436 218 217 344 45 454 150 327 80 53 146 102 225 64 98 116 121 475 238 179 32 78 281 385 246 200 3 319 336 192 233 283 445 391 240 8 264 170 17 301 89 353 201 393 231 210 350 277 472 433 260 250 126 157 24 166 405 191 115 284 398 354 417 256 67 124 383 473 323 478 410 168 481 287 204 380 133 310 182 424 41 426 414 15 177 211 458 56 422 261 72 140 127 244 128 282 322 52 199 207 184 79 63 279 85 434 262 155 444 21 62 187 471 413 270 142 274 255 10 280 359 185 43 181 333 235 460 253 357 335 33 320 443 267 147 83 430 243 87 247 299 212 16 227 331 326 372 371 348 236 209 39 242 441 241 306 22 388 373 26 60 118 447 463 400 312 263 114 31 252 349 137 461 453 390 196 66 129 195 308 404 171 358 145 27 14 169 363 268 95 228 40 216 110 186 152 483 122 189 113 442 416 451 222 119 18 158 399 293 379 271 46 35 311 29 316 139 11 36 419 153 188 156 474 305 468 482 59 456 176 366 486 329 362 420 266 13 403 328 325 97 165 105 149 318 360 215 213 275 395 61 369 304 337 173 457 154 180 294 100 438 309 73 205 439 4 368 48 321 466 1 219 286 440 450 295 245 206 298 381 285 161 480 226 251 174 143 343 131 248 374 339 12 394 462 401 476 214 101 25 6 19 402 28 9 378 144 224 234 65 172 220 446 449 330 104 123 288 392 437 425 342 167 346 387 44 341 485 91 455 384 193 107 135 197 230 469 338 302 292 351 415 175 96 148 408 229 117 20 23 352 487 291 249 162 409 190 332 74 239 254 315 5 112 377 334 99 432 141 296 42 70 427 109 407 429 345 198 467 364 356 300 81 317 75 340 314 178 92 459 389
1 2
1 3
1 4
1 5
1 6
1 7
1 8
1 9
1 10
1 11
1 12
1 13
1 14
1 15
1 16
1 17
1 18
1 19
1 20
1 21
1 22
1 23
1 24
1 25
1 26
1 27
1 28
1 29
1 30
1 31
1 32
1 33
1 34
1 35
1 36
1 37
1 38
1 39
1 40
1 41
1 42
1 43
1 44
1 45
1 46
1 47
1 48
1 49
1 50
1 51
1 52
1 53
1 54
1 55
1 56
1 57
1 58
1 59
1 60
1 61
1 62
1 63
1 64
1 65
1 66
1 67
1 68
1 69
1 70
1 71
1 72
1 73
1 74
1 75
1 76
1 77
1 78
1 79
1 80
1 81
1 82
1 83
1 84
1 85
1 86
1 87
1 88
1 89
1 90
1 91
1 92
1 93
1 94
1 95
1 96
1 97
1 98
1 99
1 100
1 101
1 102
1 103
1 104
1 105
1 106
1 107
1 108
1 109
1 110
1 111
1 112
1 113
1 114
1 115
1 116
1 117
1 118
1 119
1 120
1 121
1 122
1 123
1 124
1 125
1 126
1 127
1 128
1 129
1 130
1 131
1 132
1 133
1 134
1 135
1 136
1 137
1 138
1 139
1 140
1 141
1 142
1 143
1 144
1 145
1 146
1 147
1 148
1 149
1 150
1 151
1 152
1 153
1 154
1 155
1 156
1 157
1 158
1 159
1 160
1 161
1 162
1 163
1 164
1 165
1 166
1 167
1 168
1 169
1 170
1 171
1 172
1 173
1 174
1 175
1 176
1 177
1 178
1 179
1 180
1 181
1 182
1 183
1 184
1 185
1 186
1 187
1 188
1 189
1 190
1 191
1 192
1 193
1 194
1 195
1 196
1 197
1 198
1 199
1 200
1 201
1 202
1 203
1 204
1 205
1 206
1 207
1 208
1 209
1 210
1 211
1 212
1 213
1 214
1 215
1 216
1 217
1 218
1 219
1 220
1 221
1 222
1 223
1 224
1 225
1 226
1 227
1 228
1 229
1 230
1 231
1 232
1 233
1 234
1 235
1 236
1 237
1 238
1 239
1 240
1 241
1 242
1 243
1 244
1 245
1 246
1 247
1 248
1 249
1 250
1 251
1 252
1 253
1 254
1 255
1 256
1 257
1 258
1 259
1 260
1 261
1 262
1 263
1 264
1 265
1 266
1 267
1 268
1 269
1 270
1 271
1 272
1 273
1 274
1 275
1 276
1 277
1 278
1 279
1 280
1 281
1 282
1 283
1 284
1 285
1 286
1 287
1 288
1 289
1 290
1 291
1 292
1 293
1 294
1 295
1 296
1 297
1 298
1 299
1 300
1 301
1 302
1 303
1 304
1 305
1 306
1 307
1 308
1 309
1 310
1 311
1 312
1 313
1 314
1 315
1 316
1 317
1 318
1 319
1 320
1 321
1 322
1 323
1 324
1 325
1 326
1 327
1 328
1 329
1 330
1 331
1 332
1 333
1 334
1 335
1 336
1 337
1 338
1 339
1 340
1 341
1 342
1 343
1 344
1 345
1 346
1 347
1 348
1 349
1 350
1 351
1 352
1 353
1 354
1 355
1 356
1 357
1 358
1 359
1 360
1 361
1 362
1 363
1 364
1 365
1 366
1 367
1 368
1 369
1 370
1 371
1 372
1 373
1 374
1 375
1 376
1 377
1 378
1 379
1 380
1 381
1 382
1 383
1 384
1 385
1 386
1 387
1 388
1 389
1 390
1 391
1 392
1 393
1 394
1 395
1 396
1 397
1 398
1 399
1 400
1 401
1 402
1 403
1 404
1 405
1 406
1 407
1 408
1 409
1 410
1 411
1 412
1 413
1 414
1 415
1 416
1 417
1 418
1 419
1 420
1 421
1 422
1 423
1 424
1 425
1 426
1 427
1 428
1 429
1 430
1 431
1 432
1 433
1 434
1 435
1 436
1 437
1 438
1 439
1 440
1 441
1 442
1 443
1 444
1 445
1 446
1 447
1 448
1 449
1 450
1 451
1 452
1 453
1 454
1 455
1 456
1 457
1 458
1 459
1 460
1 461
1 462
1 463
1 464
1 465
1 466
1 467
1 468
1 469
1 470
1 471
1 472
1 473
1 474
1 475
1 476
1 477
1 478
1 479
1 480
1 481
1 482
1 483
1 484
1 485
1 486
1 487
485
358 113 452 255 72 28 18 274 179 163 141 354 344 418 363 393 237 100 455 115 406 289 155 21 180 467 302 225 57 287 433 227 177 95 286 463 448 23 480 462 55 400 204 208 88 10 247 422 110 345 144 295 398 196 138 475 202 103 181 377 328 213 405 96 388 413 48 133 205 266 156 481 191 240 479 87 333 456 233 438 394 365 189 20 273 385 244 62 459 473 259 153 427 3 379 299 199 124 216 38 353 102 395 350 359 76 424 73 30 136 485 137 324 375 78 182 109 74 29 169 340 242 275 308 458 161 447 197 178 198 120 263 337 304 245 267 65 215 439 346 420 264 166 309 9 52 39 372 294 86 369 84 171 276 140 451 474 252 106 421 157 173 85 325 268 425 401 145 229 77 319 296 70 303 195 343 254 232 281 99 24 315 430 248 236 250 22 174 203 139 14 450 129 477 336 43 352 200 349 35 381 16 239 91 148 265 75 258 386 366 380 306 431 387 367 378 283 442 125 188 414 231 246 107 243 364 146 297 31 223 329 235 40 408 383 465 332 160 17 355 190 93 126 51 320 313 311 284 2 317 114 152 33 112 270 348 466 212 392 356 293 135 167 64 117 108 445 416 201 374 460 61 423 410 360 446 149 217 483 44 342 116 285 226 59 339 390 132 222 105 175 290 172 464 159 256 453 90 158 89 150 269 437 449 444 81 454 307 176 34 253 63 50 476 134 5 441 389 305 316 170 417 472 260 193 228 330 396 13 457 251 147 249 341 83 432 54 291 334 98 218 397 7 66 321 101 127 187 130 436 71 399 194 211 411 80 97 300 49 279 143 257 60 362 234 47 310 15 415 19 384 434 122 419 435 443 482 32 1 224 323 111 407 301 347 314 277 192 82 335 322 312 219 461 27 271 12 183 357 376 168 409 8 484 469 428 26 94 262 318 272 41 412 56 119 214 326 165 382 184 402 221 131 11 368 298 371 338 210 79 142 429 209 327 37 391 280 68 118 370 361 25 58 230 46 238 440 470 206 468 162 288 278 404 351 69 164 42 6 185 4 186 121 36 67 92 426 471 261 123 154 241 478 331 373 128 207 53 403 151 220 45 104 292 282
1 2
1 3
1 4
1 5
1 6
1 7
1 8
1 9
1 10
1 11
1 12
1 13
1 14
1 15
1 16
1 17
1 18
1 19
1 20
1 21
1 22
1 23
1 24
1 25
1 26
1 27
1 28
1 29
1 30
1 31
1 32
1 33
1 34
1 35
1 36
1 37
1 38
1 39
1 40
1 41
1 42
1 43
1 44
1 45
1 46
1 47
1 48
1 49
1 50
1 51
1 52
1 53
1 54
1 55
1 56
1 57
1 58
1 59
1 60
1 61
1 62
1 63
1 64
1 65
1 66
1 67
1 68
1 69
1 70
1 71
1 72
1 73
1 74
1 75
1 76
1 77
1 78
1 79
1 80
1 81
1 82
1 83
1 84
1 85
1 86
1 87
1 88
1 89
1 90
1 91
1 92
1 93
1 94
1 95
1 96
1 97
1 98
1 99
1 100
1 101
1 102
1 103
1 104
1 105
1 106
1 107
1 108
1 109
1 110
1 111
1 112
1 113
1 114
1 115
1 116
1 117
1 118
1 119
1 120
1 121
1 122
1 123
1 124
1 125
1 126
1 127
1 128
1 129
1 130
1 131
1 132
1 133
1 134
1 135
1 136
1 137
1 138
1 139
1 140
1 141
1 142
1 143
1 144
1 145
1 146
1 147
1 148
1 149
1 150
1 151
1 152
1 153
1 154
1 155
1 156
1 157
1 158
1 159
1 160
1 161
1 162
1 163
1 164
1 165
1 166
1 167
1 168
1 169
1 170
1 171
1 172
1 173
1 174
1 175
1 176
1 177
1 178
1 179
1 180
1 181
1 182
1 183
1 184
1 185
1 186
1 187
1 188
1 189
1 190
1 191
1 192
1 193
1 194
1 195
1 196
1 197
1 198
1 199
1 200
1 201
1 202
1 203
1 204
1 205
1 206
1 207
1 208
1 209
1 210
1 211
1 212
1 213
1 214
1 215
1 216
1 217
1 218
1 219
1 220
1 221
1 222
1 223
1 224
1 225
1 226
1 227
1 228
1 229
1 230
1 231
1 232
1 233
1 234
1 235
1 236
1 237
1 238
1 239
1 240
1 241
1 242
1 243
1 244
1 245
1 246
1 247
1 248
1 249
1 250
1 251
1 252
1 253
1 254
1 255
1 256
1 257
1 258
1 259
1 260
1 261
1 262
1 263
1 264
1 265
1 266
1 267
1 268
1 269
1 270
1 271
1 272
1 273
1 274
1 275
1 276
1 277
1 278
1 279
1 280
1 281
1 282
1 283
1 284
1 285
1 286
1 287
1 288
1 289
1 290
1 291
1 292
1 293
1 294
1 295
1 296
1 297
1 298
1 299
1 300
1 301
1 302
1 303
1 304
1 305
1 306
1 307
1 308
1 309
1 310
1 311
1 312
1 313
1 314
1 315
1 316
1 317
1 318
1 319
1 320
1 321
1 322
1 323
1 324
1 325
1 326
1 327
1 328
1 329
1 330
1 331
1 332
1 333
1 334
1 335
1 336
1 337
1 338
1 339
1 340
1 341
1 342
1 343
1 344
1 345
1 346
1 347
1 348
1 349
1 350
1 351
1 352
1 353
1 354
1 355
1 356
1 357
1 358
1 359
1 360
1 361
1 362
1 363
1 364
1 365
1 366
1 367
1 368
1 369
1 370
1 371
1 372
1 373
1 374
1 375
1 376
1 377
1 378
1 379
1 380
1 381
1 382
1 383
1 384
1 385
1 386
1 387
1 388
1 389
1 390
1 391
1 392
1 393
1 394
1 395
1 396
1 397
1 398
1 399
1 400
1 401
1 402
1 403
1 404
1 405
1 406
1 407
1 408
1 409
1 410
1 411
1 412
1 413
1 414
1 415
1 416
1 417
1 418
1 419
1 420
1 421
1 422
1 423
1 424
1 425
1 426
1 427
1 428
1 429
1 430
1 431
1 432
1 433
1 434
1 435
1 436
1 437
1 438
1 439
1 440
1 441
1 442
1 443
1 444
1 445
1 446
1 447
1 448
1 449
1 450
1 451
1 452
1 453
1 454
1 455
1 456
1 457
1 458
1 459
1 460
1 461
1 462
1 463
1 464
1 465
1 466
1 467
1 468
1 469
1 470
1 471
1 472
1 473
1 474
1 475
1 476
1 477
1 478
1 479
1 480
1 481
1 482
1 483
1 484
1 485
