10
77
14 15 27 34 65 75 44 35 76 61 37 64 13 40 33 19 26 4 1 59 47 53 32 8 16 60 51 55 20 22 2 57 18 21 12 69 38 5 29 30 56 48 41 39 3 62 10 50 46 25 73 31 42 52 45 54 71 11 17 70 63 66 77 23 24 68 7 74 28 49 43 72 6 58 9 36 67
1 2
1 32
1 33
1 34
1 35
1 36
1 37
1 38
1 39
1 40
1 41
1 42
1 43
1 44
1 45
1 46
1 47
1 48
1 49
1 50
1 51
1 52
1 53
1 54
1 55
1 56
1 57
2 3
3 4
4 5
5 6
5 62
6 7
6 72
6 75
6 76
7 8
8 9
9 10
9 66
10 11
11 12
12 13
12 70
13 14
14 15
15 16
15 63
16 17
17 18
18 19
19 20
20 21
21 22
21 58
22 23
23 24
24 25
25 26
26 27
26 68
27 28
28 29
28 77
29 30
30 31
32 67
40 59
46 65
53 60
55 64
55 69
58 74
59 71
60 61
71 73
79
22 41 76 69 38 35 36 23 7 58 62 74 45 46 17 57 47 56 27 48 75 49 53 44 59 51 55 2 71 61 1 70 25 33 8 79 21 13 60 20 4 28 6 5 11 43 14 63 19 3 39 52 77 16 29 54 37 66 24 78 42 73 50 31 18 15 26 32 10 9 68 34 30 40 67 72 65 64 12
1 2
1 33
1 34
1 35
1 36
1 37
1 38
1 39
1 40
1 41
1 42
1 43
1 44
1 45
1 46
1 47
1 48
1 49
1 50
1 51
1 52
1 53
1 54
1 55
1 56
1 57
1 58
1 59
2 3
2 76
3 4
3 73
4 5
4 67
5 6
6 7
7 8
8 9
9 10
10 11
11 12
12 13
13 14
14 15
15 16
16 17
17 18
18 19
19 20
20 21
20 75
21 22
21 65
22 23
23 24
24 25
25 26
26 27
27 28
28 29
29 30
30 31
31 32
39 64
41 68
44 78
47 61
47 79
50 62
51 66
52 77
55 60
57 63
58 70
63 74
66 72
67 71
68 69
79
72 9 49 61 77 63 13 47 5 35 56 65 8 41 29 78 38 75 4 26 58 68 44 25 76 28 52 21 22 45 43 39 17 14 32 3 50 64 79 2 10 6 60 48 57 55 42 11 74 18 53 46 71 1 59 66 51 19 73 24 31 30 54 16 23 33 15 69 36 12 7 70 34 37 62 40 27 20 67
1 2
1 33
1 34
1 35
1 36
1 37
1 38
1 39
1 40
1 41
1 42
1 43
1 44
1 45
1 46
1 47
1 48
1 49
1 50
1 51
1 52
1 53
1 54
1 55
1 56
1 57
1 58
1 59
1 72
2 3
3 4
3 66
4 5
4 64
5 6
6 7
7 8
8 9
9 10
10 11
10 73
11 12
11 61
12 13
13 14
14 15
14 74
15 16
15 78
16 17
17 18
17 67
17 76
18 19
19 20
19 62
19 68
20 21
21 22
22 23
22 60
23 24
24 25
25 26
26 27
27 28
28 29
28 69
29 30
30 31
30 71
31 32
39 77
46 75
48 65
52 70
58 63
74 79
78
18 69 40 54 70 77 39 74 52 67 36 62 9 49 45 19 12 78 61 1 27 64 46 5 26 63 34 22 59 8 25 56 48 32 6 33 72 23 15 14 3 75 17 58 29 76 57 24 41 51 44 2 50 43 53 16 68 35 71 65 7 11 42 47 38 37 28 13 10 30 4 55 20 21 31 73 66 60
1 2
1 32
1 33
1 34
1 35
1 36
1 37
1 38
1 39
1 40
1 41
1 42
1 43
1 44
1 45
1 46
1 47
1 48
1 49
1 50
1 51
1 52
1 53
1 54
1 55
1 56
1 57
1 74
2 3
3 4
4 5
5 6
6 7
6 67
7 8
8 9
8 76
8 77
9 10
9 58
10 11
11 12
11 78
12 13
12 73
13 14
14 15
14 59
15 16
15 69
16 17
17 18
18 19
19 20
20 21
21 22
22 23
23 24
24 25
25 26
26 27
27 28
27 68
28 29
29 30
30 31
31 71
34 64
35 63
45 60
48 61
49 72
53 62
55 66
55 70
61 65
62 75
75
47 11 63 61 19 20 54 60 10 13 35 44 66 57 27 49 46 28 37 30 75 14 5 25 51 62 31 53 67 38 7 59 2 45 9 69 24 36 58 26 41 32 29 1 33 73 21 18 56 34 64 39 42 6 4 3 22 16 68 52 50 72 71 48 70 23 65 40 43 15 8 74 17 12 55
1 2
1 31
1 32
1 33
1 34
1 35
1 36
1 37
1 38
1 39
1 40
1 41
1 42
1 43
1 44
1 45
1 46
1 47
1 48
1 49
1 50
1 51
1 52
1 53
1 54
1 55
1 63
2 3
3 4
3 61
4 5
5 6
6 7
7 8
8 9
9 10
10 11
10 66
11 12
12 13
12 67
13 14
13 64
14 15
15 16
16 17
16 56
17 18
18 19
19 20
20 21
21 22
22 23
23 24
23 74
24 25
24 71
25 26
26 27
27 28
28 29
29 30
29 58
29 75
36 72
38 57
43 65
44 59
44 69
48 62
49 68
52 70
56 60
71 73
78
52 17 13 15 4 70 7 53 46 6 25 27 12 65 42 20 9 61 31 47 21 29 33 40 69 75 71 8 73 43 24 18 14 59 45 11 74 64 55 56 41 50 77 22 30 66 63 38 58 34 39 36 5 26 72 51 78 35 32 67 62 28 10 48 60 54 57 2 68 49 37 23 19 1 3 44 16 76
1 2
1 32
1 33
1 34
1 35
1 36
1 37
1 38
1 39
1 40
1 41
1 42
1 43
1 44
1 45
1 46
1 47
1 48
1 49
1 50
1 51
1 52
1 53
1 54
1 55
1 56
1 57
2 3
3 4
3 66
3 71
3 77
4 5
5 6
6 7
7 8
7 73
8 9
9 10
10 11
11 12
11 68
12 13
13 14
13 60
14 15
15 16
16 17
17 18
17 61
18 19
19 20
20 21
21 22
22 23
23 24
24 25
25 26
26 27
27 28
28 29
29 30
29 58
30 31
31 70
33 62
33 65
41 69
41 72
47 78
48 76
58 59
59 67
61 63
61 64
62 75
65 74
78
47 42 35 34 49 71 65 27 21 64 40 63 33 4 10 57 25 7 39 6 74 12 60 51 2 15 18 50 61 16 53 44 8 30 78 41 69 1 46 3 55 23 75 38 11 26 32 58 59 37 73 68 9 45 28 22 67 70 54 13 29 56 76 14 24 43 17 31 36 66 19 52 62 48 5 72 77 20
1 2
1 32
1 33
1 34
1 35
1 36
1 37
1 38
1 39
1 40
1 41
1 42
1 43
1 44
1 45
1 46
1 47
1 48
1 49
1 50
1 51
1 52
1 53
1 54
1 55
1 56
1 57
1 60
2 3
2 75
3 4
3 62
3 66
4 5
5 6
6 7
6 72
7 8
8 9
9 10
10 11
10 73
11 12
11 77
12 13
13 14
14 15
15 16
15 65
16 17
17 18
18 19
19 20
20 21
21 22
22 23
23 24
24 25
25 26
25 61
26 27
27 28
28 29
28 67
29 30
30 31
37 58
39 59
42 76
44 71
46 70
49 63
51 64
54 68
54 74
64 69
74 78
80
72 15 46 13 34 2 66 36 37 56 60 3 77 38 33 27 22 59 26 40 14 50 45 4 68 30 16 61 69 5 55 47 64 31 8 79 70 58 1 74 9 63 24 53 73 43 19 10 51 18 23 78 41 17 35 52 25 12 32 6 7 75 80 29 76 54 65 39 20 21 42 48 28 57 67 71 62 49 44 11
1 2
1 33
1 34
1 35
1 36
1 37
1 38
1 39
1 40
1 41
1 42
1 43
1 44
1 45
1 46
1 47
1 48
1 49
1 50
1 51
1 52
1 53
1 54
1 55
1 56
1 57
1 58
1 59
2 3
3 4
4 5
5 6
6 7
7 8
8 9
9 10
10 11
11 12
12 13
13 14
14 15
15 16
16 17
17 18
17 64
18 19
19 20
20 21
20 75
21 22
21 71
22 23
23 24
23 62
24 25
24 67
24 74
25 26
26 27
27 28
28 29
29 30
29 73
30 31
30 68
31 32
35 69
37 61
43 60
43 76
44 65
44 70
45 66
45 79
57 63
59 72
59 80
60 78
68 77
80
43 29 69 36 22 63 25 75 59 9 23 35 71 40 5 78 58 56 65 76 41 20 49 32 28 34 48 42 6 24 53 80 19 18 1 45 37 57 68 14 79 74 70 12 3 61 21 13 10 38 44 55 54 62 46 31 72 47 2 16 8 33 77 4 67 51 15 39 64 26 60 7 30 27 17 66 52 11 73 50
1 2
1 33
1 34
1 35
1 36
1 37
1 38
1 39
1 40
1 41
1 42
1 43
1 44
1 45
1 46
1 47
1 48
1 49
1 50
1 51
1 52
1 53
1 54
1 55
1 56
1 57
1 58
1 59
2 3
3 4
4 5
4 62
5 6
6 7
7 8
8 9
9 10
9 65
10 11
10 73
11 12
12 13
12 63
13 14
14 15
15 16
16 17
16 67
17 18
18 19
19 20
20 21
21 22
22 23
23 24
23 61
24 25
25 26
26 27
26 68
26 70
27 28
28 29
29 30
30 31
30 75
31 32
34 72
36 78
37 60
39 69
47 64
54 74
55 76
55 80
62 66
65 71
67 77
73 79
78
10 15 61 37 9 13 28 6 62 18 63 53 77 4 57 7 16 29 72 3 1 59 67 20 40 78 27 73 42 26 68 24 52 43 2 76 70 48 50 8 14 36 66 23 58 35 46 32 56 34 69 60 55 22 51 19 45 65 5 47 71 38 41 11 74 49 44 39 33 21 31 75 12 25 17 64 54 30
1 2
1 32
1 33
1 34
1 35
1 36
1 37
1 38
1 39
1 40
1 41
1 42
1 43
1 44
1 45
1 46
1 47
1 48
1 49
1 50
1 51
1 52
1 53
1 54
1 55
1 56
1 57
2 3
3 4
4 5
5 6
6 7
7 8
8 9
9 10
9 65
9 76
10 11
11 12
12 13
13 14
14 15
15 16
16 17
16 63
17 18
17 61
18 19
19 20
20 21
21 22
22 23
23 24
24 25
24 68
25 26
25 77
26 27
27 28
28 29
29 30
30 31
31 78
34 74
37 70
40 73
40 75
46 60
49 59
50 71
52 66
52 72
53 62
56 58
61 64
64 67
66 69
