10
110
40 110 33 32 75 107 28 41 22 5 52 21 9 43 18 92 45 100 82 104 37 59 64 4 26 31 85 39 66 56 65 106 24 87 63 30 60 79 102 46 93 47 77 54 53 103 108 80 3 94 17 12 11 55 23 97 58 101 78 105 51 70 109 61 98 1 67 90 69 14 71 42 68 13 10 38 7 27 62 49 73 88 48 89 96 34 15 44 83 99 57 19 74 16 20 86 72 36 91 8 76 25 35 95 50 29 84 2 81 6
1 2
1 45
1 46
1 47
1 48
1 49
1 50
1 51
1 52
1 53
1 54
1 55
1 56
1 57
1 58
1 59
1 60
1 61
1 62
1 63
1 64
1 65
1 66
1 67
1 68
1 69
1 70
1 71
1 72
1 73
1 74
1 75
1 76
1 77
1 78
1 79
1 80
1 81
1 82
2 3
2 105
3 4
4 5
5 6
6 7
7 8
8 9
8 95
8 100
9 10
10 11
11 12
12 13
13 14
14 15
15 16
16 17
16 96
17 18
18 19
18 88
19 20
20 21
20 86
21 22
22 23
23 24
24 25
25 26
26 27
27 28
27 90
28 29
29 30
29 108
30 31
31 32
32 33
32 87
33 34
34 35
34 83
34 91
35 36
35 92
35 103
36 37
37 38
38 39
39 40
40 41
41 42
42 43
42 85
43 44
47 104
49 102
55 84
57 107
59 109
69 101
77 89
78 93
82 106
85 98
87 94
91 97
91 110
93 99
113
44 64 32 16 104 50 88 22 54 102 17 108 101 26 80 49 109 1 63 34 94 113 41 73 111 92 99 95 79 27 45 38 76 25 98 87 51 23 59 39 12 106 70 33 61 58 48 36 40 112 91 84 7 66 46 21 67 29 9 103 77 43 6 20 52 100 31 28 3 110 74 69 53 89 83 8 2 97 72 15 81 71 107 82 30 4 42 37 55 19 56 18 68 14 75 78 60 47 13 96 5 11 24 62 57 105 10 93 90 35 65 86 85
1 2
1 46
1 47
1 48
1 49
1 50
1 51
1 52
1 53
1 54
1 55
1 56
1 57
1 58
1 59
1 60
1 61
1 62
1 63
1 64
1 65
1 66
1 67
1 68
1 69
1 70
1 71
1 72
1 73
1 74
1 75
1 76
1 77
1 78
1 79
1 80
1 81
1 82
1 83
1 84
1 112
2 3
2 90
3 4
3 93
4 5
5 6
5 109
6 7
7 8
7 100
8 9
9 10
9 106
10 11
11 12
12 13
12 94
13 14
14 15
15 16
16 17
16 89
17 18
18 19
18 88
19 20
20 21
21 22
22 23
23 24
23 107
24 25
25 26
26 27
27 28
28 29
29 30
30 31
30 96
31 32
31 99
32 33
33 34
34 35
35 36
36 37
36 97
37 38
38 39
38 95
39 40
39 87
39 105
40 41
41 42
41 85
41 111
42 43
43 44
44 45
48 102
67 86
68 101
70 98
73 113
76 108
78 92
88 91
91 104
97 103
99 110
115
25 16 14 110 6 59 92 100 112 7 113 96 4 114 46 68 103 82 98 22 104 72 43 64 102 61 66 40 77 9 87 115 42 86 47 3 15 60 28 69 83 5 11 51 45 79 84 97 80 18 105 20 107 36 91 99 95 23 55 41 71 49 63 106 75 78 56 39 50 44 89 62 26 76 37 52 27 81 21 24 74 58 38 93 13 73 35 12 57 31 19 54 2 32 70 48 17 1 108 90 88 109 8 29 94 34 30 33 53 10 67 101 111 85 65
1 2
1 47
1 48
1 49
1 50
1 51
1 52
1 53
1 54
1 55
1 56
1 57
1 58
1 59
1 60
1 61
1 62
1 63
1 64
1 65
1 66
1 67
1 68
1 69
1 70
1 71
1 72
1 73
1 74
1 75
1 76
1 77
1 78
1 79
1 80
1 81
1 82
1 83
1 84
1 85
2 3
3 4
3 114
4 5
5 6
6 7
7 8
7 105
8 9
9 10
10 11
11 12
12 13
13 14
14 15
14 88
14 109
15 16
16 17
16 97
17 18
17 93
18 19
19 20
20 21
21 22
21 108
22 23
23 24
24 25
25 26
26 27
27 28
27 115
28 29
28 101
29 30
30 31
30 99
31 32
32 33
33 34
34 35
35 36
36 37
36 89
36 91
36 94
37 38
38 39
39 40
40 41
40 98
41 42
41 103
42 43
43 44
44 45
44 96
45 46
52 111
56 95
57 86
58 92
61 106
65 87
73 100
74 102
74 104
77 113
79 90
89 110
103 112
104 107
120
58 6 52 110 95 53 118 60 102 119 24 65 8 54 28 93 29 62 79 106 45 3 67 2 97 107 103 43 69 47 15 7 96 113 5 13 27 92 77 74 108 101 36 72 35 114 39 66 71 64 32 23 89 37 88 30 117 55 83 80 94 109 100 22 111 48 59 91 9 63 73 26 34 57 105 87 46 75 98 31 120 116 70 42 86 1 99 90 11 4 49 85 104 10 40 44 76 16 14 12 112 21 17 56 50 41 19 33 51 115 18 81 25 78 68 20 82 84 61 38
1 2
1 49
1 50
1 51
1 52
1 53
1 54
1 55
1 56
1 57
1 58
1 59
1 60
1 61
1 62
1 63
1 64
1 65
1 66
1 67
1 68
1 69
1 70
1 71
1 72
1 73
1 74
1 75
1 76
1 77
1 78
1 79
1 80
1 81
1 82
1 83
1 84
1 85
1 86
1 87
1 88
1 89
2 3
2 107
3 4
4 5
4 99
5 6
5 98
6 7
6 90
7 8
8 9
9 10
10 11
11 12
12 13
13 14
14 15
15 16
15 102
16 17
17 18
18 19
18 108
19 20
20 21
21 22
22 23
22 120
23 24
23 119
24 25
25 26
26 27
27 28
28 29
29 30
30 31
31 32
32 33
33 34
34 35
35 36
36 37
37 38
38 39
39 40
39 92
39 95
40 41
40 118
41 42
42 43
43 44
44 45
45 46
46 47
46 101
47 48
51 94
58 103
61 111
62 91
63 93
65 96
66 106
67 104
71 109
72 115
73 97
78 112
83 100
89 117
90 116
91 105
92 113
94 110
109 114
116
80 14 81 4 87 64 89 2 44 28 53 35 98 26 76 5 27 3 86 17 29 16 48 42 11 66 62 83 96 55 25 106 52 23 97 47 8 32 93 104 40 21 13 102 70 33 7 71 90 43 112 116 75 46 63 10 9 107 24 94 101 72 20 84 92 100 36 95 12 103 67 114 58 68 60 115 88 18 74 39 30 79 6 91 65 73 31 38 59 15 49 37 82 51 45 110 1 109 105 56 61 78 57 54 113 22 69 50 19 85 111 99 41 108 34 77
1 2
1 48
1 49
1 50
1 51
1 52
1 53
1 54
1 55
1 56
1 57
1 58
1 59
1 60
1 61
1 62
1 63
1 64
1 65
1 66
1 67
1 68
1 69
1 70
1 71
1 72
1 73
1 74
1 75
1 76
1 77
1 78
1 79
1 80
1 81
1 82
1 83
1 84
1 85
1 86
1 87
1 102
2 3
2 96
3 4
4 5
5 6
6 7
6 107
7 8
8 9
9 10
10 11
10 97
11 12
12 13
13 14
14 15
15 16
15 104
16 17
16 99
17 18
18 19
19 20
20 21
21 22
22 23
23 24
24 25
25 26
26 27
26 94
27 28
28 29
29 30
29 113
30 31
31 32
31 108
32 33
33 34
34 35
35 36
35 105
36 37
37 38
38 39
38 93
39 40
39 114
40 41
40 101
41 42
41 100
42 43
43 44
44 45
44 89
45 46
46 47
46 98
46 110
50 91
57 106
59 112
64 103
67 115
74 90
77 88
77 92
80 109
89 95
106 111
109 116
109
43 2 103 5 55 76 73 6 20 65 60 95 21 45 74 41 36 87 88 107 97 96 38 26 39 94 29 98 85 16 108 89 66 53 22 7 61 91 24 25 54 69 101 28 42 58 3 31 11 30 51 77 106 86 59 19 9 47 44 23 90 92 49 83 1 93 56 18 37 48 17 27 72 80 40 71 10 63 35 82 109 32 79 99 78 57 75 68 33 81 84 70 46 100 52 105 64 15 12 8 104 34 14 102 50 62 13 4 67
1 2
1 45
1 46
1 47
1 48
1 49
1 50
1 51
1 52
1 53
1 54
1 55
1 56
1 57
1 58
1 59
1 60
1 61
1 62
1 63
1 64
1 65
1 66
1 67
1 68
1 69
1 70
1 71
1 72
1 73
1 74
1 75
1 76
1 77
1 78
1 79
1 80
1 81
1 87
2 3
2 91
3 4
4 5
4 92
5 6
6 7
7 8
8 9
9 10
10 11
11 12
12 13
12 95
13 14
14 15
15 16
16 17
17 18
18 19
18 109
19 20
19 88
20 21
20 82
21 22
21 107
22 23
23 24
24 25
24 106
25 26
26 27
27 28
27 102
28 29
29 30
29 85
30 31
31 32
31 84
32 33
33 34
33 89
34 35
35 36
36 37
37 38
38 39
39 40
40 41
40 97
41 42
42 43
43 44
47 98
66 86
66 99
66 101
67 104
68 94
68 96
69 83
72 103
80 90
80 108
88 93
88 105
93 100
114
78 24 4 70 25 28 7 5 54 48 20 40 19 105 30 74 88 113 65 33 10 3 75 109 59 41 21 53 35 2 104 64 52 97 101 46 83 96 6 43 26 27 71 62 56 23 98 68 47 49 15 81 1 106 67 14 22 32 31 36 34 103 37 29 45 93 60 114 86 11 107 61 39 50 79 108 12 99 63 100 69 90 110 38 80 13 91 94 57 89 9 66 85 84 72 42 8 44 73 58 51 95 112 82 77 92 55 18 16 102 111 17 76 87
1 2
1 47
1 48
1 49
1 50
1 51
1 52
1 53
1 54
1 55
1 56
1 57
1 58
1 59
1 60
1 61
1 62
1 63
1 64
1 65
1 66
1 67
1 68
1 69
1 70
1 71
1 72
1 73
1 74
1 75
1 76
1 77
1 78
1 79
1 80
1 81
1 82
1 83
1 84
1 85
2 3
3 4
4 5
5 6
6 7
6 101
6 109
6 113
7 8
8 9
8 102
9 10
10 11
11 12
12 13
13 14
13 105
14 15
15 16
16 17
16 88
16 104
17 18
18 19
19 20
20 21
21 22
22 23
23 24
23 99
24 25
25 26
26 27
26 95
27 28
27 86
28 29
29 30
30 31
30 100
31 32
32 33
33 34
34 35
35 36
36 37
36 91
37 38
37 94
38 39
39 40
40 41
41 42
41 90
42 43
43 44
44 45
45 46
45 96
45 97
49 98
49 107
52 87
53 93
56 114
57 103
61 106
63 89
65 92
85 111
87 112
95 108
99 110
119
70 95 45 50 79 94 91 27 55 77 18 23 85 19 81 71 109 110 21 63 117 76 28 78 43 11 29 58 6 88 12 69 66 34 68 89 73 39 56 90 116 52 49 74 106 5 93 98 82 4 54 104 42 99 75 65 8 112 44 102 22 103 20 32 84 40 35 87 92 100 108 101 51 41 17 38 107 14 48 31 10 111 37 64 61 72 2 1 119 30 46 13 7 118 47 114 36 25 105 26 60 115 53 16 33 113 97 86 24 15 59 62 57 96 80 83 67 3 9
1 2
1 49
1 50
1 51
1 52
1 53
1 54
1 55
1 56
1 57
1 58
1 59
1 60
1 61
1 62
1 63
1 64
1 65
1 66
1 67
1 68
1 69
1 70
1 71
1 72
1 73
1 74
1 75
1 76
1 77
1 78
1 79
1 80
1 81
1 82
1 83
1 84
1 85
1 86
1 87
1 88
1 89
2 3
3 4
3 91
4 5
5 6
6 7
7 8
8 9
8 99
8 112
9 10
10 11
11 12
12 13
13 14
14 15
15 16
16 17
17 18
18 19
18 119
19 20
20 21
21 22
22 23
23 24
24 25
24 95
24 97
25 26
25 93
25 101
26 27
27 28
28 29
29 30
30 31
31 32
32 33
33 34
34 35
35 36
36 37
36 118
37 38
37 92
37 109
38 39
39 40
40 41
41 42
42 43
43 44
44 45
45 46
46 47
47 48
47 90
59 94
60 111
61 96
64 105
65 108
70 102
73 116
74 107
80 113
83 98
83 103
85 115
88 104
88 117
95 106
96 100
106 110
106 114
108
46 79 107 24 45 40 18 6 39 59 57 83 74 30 28 94 77 86 53 32 99 26 34 55 58 68 15 3 103 43 69 12 54 84 25 23 22 98 64 19 51 5 7 104 21 105 96 10 101 31 2 71 42 13 4 52 63 48 9 87 56 82 17 85 97 36 49 73 37 75 92 72 100 95 60 65 91 88 33 67 81 29 44 1 16 90 62 11 70 66 93 106 50 102 27 35 8 89 20 61 108 76 41 80 47 38 14 78
1 2
1 44
1 45
1 46
1 47
1 48
1 49
1 50
1 51
1 52
1 53
1 54
1 55
1 56
1 57
1 58
1 59
1 60
1 61
1 62
1 63
1 64
1 65
1 66
1 67
1 68
1 69
1 70
1 71
1 72
1 73
1 74
1 75
1 76
1 77
1 78
1 79
1 80
2 3
2 83
2 85
3 4
4 5
4 104
5 6
6 7
7 8
7 108
8 9
8 100
9 10
9 97
9 98
10 11
11 12
12 13
12 81
13 14
14 15
15 16
16 17
17 18
17 107
18 19
18 91
19 20
20 21
21 22
22 23
23 24
24 25
24 87
25 26
26 27
27 28
28 29
29 30
30 31
31 32
31 106
32 33
32 95
33 34
34 35
35 36
36 37
36 86
37 38
38 39
39 40
39 84
40 41
41 42
42 43
48 101
49 93
65 89
71 88
74 94
75 99
76 90
77 96
78 82
88 92
95 105
98 103
101 102
114
110 39 114 17 7 35 5 72 37 85 43 41 20 33 9 61 30 70 36 97 55 8 76 1 91 56 6 38 60 34 96 111 64 65 89 22 59 16 93 24 26 92 101 29 62 105 82 25 74 45 14 32 98 90 58 78 12 106 54 28 10 83 84 52 69 40 67 95 3 4 31 50 112 53 87 13 57 2 11 47 19 49 48 44 108 79 75 73 104 42 107 23 46 63 77 99 71 68 51 81 15 80 94 27 66 102 86 100 103 88 113 18 109 21
1 2
1 47
1 48
1 49
1 50
1 51
1 52
1 53
1 54
1 55
1 56
1 57
1 58
1 59
1 60
1 61
1 62
1 63
1 64
1 65
1 66
1 67
1 68
1 69
1 70
1 71
1 72
1 73
1 74
1 75
1 76
1 77
1 78
1 79
1 80
1 81
1 82
1 83
1 84
1 85
2 3
3 4
4 5
5 6
5 98
6 7
7 8
8 9
9 10
10 11
11 12
11 87
12 13
13 14
14 15
15 16
16 17
17 18
18 19
19 20
19 102
20 21
21 22
22 23
23 24
23 101
24 25
24 92
25 26
25 93
26 27
26 90
27 28
28 29
29 30
30 31
31 32
32 33
33 34
33 109
33 111
33 113
34 35
34 104
35 36
36 37
37 38
38 39
39 40
40 41
41 42
42 43
43 44
43 97
44 45
44 108
45 46
47 91
49 89
52 96
52 99
54 100
55 107
60 114
62 105
64 88
72 95
74 110
79 86
82 94
94 103
97 106
103 112
