10
47
21 19 24 2 40 16 28 18 42 7 47 3 1 10 32 23 8 13 15 43 38 9 31 34 44 37 39 17 35 41 22 27 45 26 5 29 12 33 4 11 46 14 6 36 20 25 30
1 2
1 20
1 21
1 22
1 23
1 24
1 25
1 26
1 27
1 28
1 29
1 30
1 31
1 32
1 33
1 34
1 35
2 3
3 4
4 5
5 6
6 7
7 8
8 9
9 10
9 38
10 11
10 43
11 12
12 13
12 47
13 14
13 40
14 15
15 16
16 17
17 18
18 19
22 45
22 46
24 37
32 41
34 36
36 39
36 42
36 44
46
7 4 31 20 32 29 25 14 44 27 2 37 33 34 21 16 1 11 30 35 41 13 40 22 8 18 42 26 15 3 9 6 38 10 36 43 46 19 12 24 45 17 28 23 39 5
1 2
1 20
1 21
1 22
1 23
1 24
1 25
1 26
1 27
1 28
1 29
1 30
1 31
1 32
1 33
1 34
1 36
2 3
3 4
4 5
5 6
6 7
7 8
8 9
9 10
10 11
11 12
12 13
13 14
14 15
15 16
16 17
16 37
16 45
17 18
17 38
18 19
22 46
29 44
30 39
30 40
32 35
32 41
37 42
38 43
50
39 14 37 21 24 28 25 16 9 42 27 46 43 31 6 33 17 22 8 29 32 13 10 40 23 34 44 12 20 45 4 26 19 15 36 41 50 35 30 5 49 7 18 11 47 1 3 48 2 38
1 2
1 21
1 22
1 23
1 24
1 25
1 26
1 27
1 28
1 29
1 30
1 31
1 32
1 33
1 34
1 35
1 36
1 37
2 3
3 4
4 5
5 6
6 7
7 8
8 9
9 10
10 11
11 12
11 41
11 50
12 13
13 14
14 15
15 16
15 40
16 17
17 18
18 19
18 47
19 20
19 43
22 49
24 38
28 42
29 44
31 39
34 45
35 46
44 48
49
46 30 34 8 11 33 17 13 47 6 27 40 19 15 42 24 9 1 28 35 37 2 43 22 41 12 31 10 16 3 48 38 5 7 21 25 26 23 45 29 49 36 20 4 39 44 18 14 32
1 2
1 21
1 22
1 23
1 24
1 25
1 26
1 27
1 28
1 29
1 30
1 31
1 32
1 33
1 34
1 35
1 36
2 3
3 4
4 5
5 6
6 7
7 8
8 9
9 10
10 11
11 12
12 13
12 38
13 14
14 15
14 40
15 16
16 17
16 45
17 18
18 19
19 20
19 41
21 42
22 47
27 43
29 37
31 48
34 39
35 49
38 46
41 44
47
16 33 34 3 15 17 2 46 45 37 6 29 47 1 40 38 21 30 35 20 39 13 10 42 19 44 28 25 36 43 24 9 22 31 32 11 14 27 7 5 8 18 41 26 23 12 4
1 2
1 20
1 21
1 22
1 23
1 24
1 25
1 26
1 27
1 28
1 29
1 30
1 31
1 32
1 33
1 34
1 35
2 3
3 4
4 5
4 41
5 6
6 7
7 8
8 9
9 10
9 39
10 11
11 12
12 13
13 14
14 15
14 46
15 16
15 36
15 44
16 17
17 18
17 40
18 19
25 43
31 37
32 38
38 42
42 45
45 47
49
33 19 5 46 23 32 18 38 48 30 8 26 36 44 25 16 42 40 1 24 35 47 17 45 43 3 31 9 12 20 22 14 2 29 41 21 34 10 13 6 15 4 7 11 39 37 27 28 49
1 2
1 21
1 22
1 23
1 24
1 25
1 26
1 27
1 28
1 29
1 30
1 31
1 32
1 33
1 34
1 35
1 36
1 40
2 3
2 44
3 4
4 5
4 48
4 49
5 6
6 7
6 47
7 8
8 9
9 10
10 11
11 12
11 45
12 13
12 39
13 14
14 15
15 16
16 17
17 18
17 38
17 42
18 19
19 20
20 37
28 41
36 46
40 43
48
12 10 42 14 31 22 30 1 34 7 36 27 33 40 9 15 6 47 24 41 11 35 18 32 17 37 2 16 46 3 20 45 25 29 23 26 13 48 43 5 8 19 38 44 39 4 21 28
1 2
1 20
1 21
1 22
1 23
1 24
1 25
1 26
1 27
1 28
1 29
1 30
1 31
1 32
1 33
1 34
1 35
2 3
3 4
4 5
4 44
5 6
5 37
5 46
6 7
6 41
7 8
8 9
9 10
9 36
10 11
11 12
11 48
12 13
13 14
14 15
15 16
15 38
16 17
17 18
18 19
21 47
30 45
32 39
33 42
37 43
38 40
48
34 19 15 9 45 32 48 21 43 39 16 38 20 22 36 47 17 6 41 35 2 8 13 7 27 37 4 44 31 29 46 24 14 30 12 1 28 26 40 23 3 33 42 18 5 11 25 10
1 2
1 20
1 21
1 22
1 23
1 24
1 25
1 26
1 27
1 28
1 29
1 30
1 31
1 32
1 33
1 34
1 35
2 3
3 4
4 5
5 6
6 7
7 8
8 9
8 39
8 40
9 10
10 11
11 12
12 13
13 14
14 15
15 16
16 17
17 18
18 19
20 46
23 43
25 44
26 36
26 42
29 37
33 38
35 47
35 48
37 45
38 41
48
19 48 13 7 33 22 37 43 5 16 12 27 42 21 15 34 35 41 40 36 24 32 23 39 18 3 2 31 10 1 9 44 20 25 14 30 17 6 26 4 28 8 11 29 45 38 47 46
1 2
1 20
1 21
1 22
1 23
1 24
1 25
1 26
1 27
1 28
1 29
1 30
1 31
1 32
1 33
1 34
1 35
1 39
2 3
3 4
4 5
4 40
5 6
6 7
7 8
7 38
7 41
7 43
8 9
8 37
9 10
10 11
11 12
12 13
13 14
14 15
15 16
15 47
16 17
16 46
17 18
18 19
29 42
35 36
38 44
41 45
43 48
50
25 10 1 26 35 32 2 29 30 12 22 3 17 20 11 16 15 13 50 18 49 19 42 43 33 9 36 45 7 6 38 14 44 21 34 27 48 39 47 28 24 40 4 23 8 46 37 31 41 5
1 2
1 21
1 22
1 23
1 24
1 25
1 26
1 27
1 28
1 29
1 30
1 31
1 32
1 33
1 34
1 35
1 36
1 37
2 3
3 4
4 5
5 6
6 7
7 8
8 9
9 10
9 44
10 11
10 49
11 12
12 13
12 41
12 45
12 48
13 14
14 15
14 40
15 16
15 47
16 17
17 18
18 19
19 20
21 42
23 39
25 50
28 43
33 38
44 46
