10
90
74 70 52 72 41 82 48 60 87 76 37 63 90 59 18 40 9 4 78 3 53 27 83 39 21 11 46 35 88 61 55 85 29 66 62 43 64 38 12 17 54 19 68 32 15 71 14 28 25 33 73 23 6 2 20 80 75 81 57 5 50 7 49 26 77 84 36 89 8 51 86 67 34 42 65 1 69 30 47 22 31 16 24 10 13 56 45 79 44 58
1 2
2 3
3 4
4 5
5 6
6 7
7 8
8 9
9 10
10 11
11 12
12 13
13 14
14 15
15 16
16 17
17 18
18 19
19 20
20 21
21 22
22 23
23 24
24 25
25 26
26 27
27 28
28 29
29 30
30 31
31 32
32 33
33 34
34 35
35 36
36 37
37 38
38 39
39 40
40 41
41 42
42 43
43 44
44 45
45 46
46 47
47 48
48 49
49 50
50 51
51 52
52 53
53 54
54 55
55 56
56 57
57 58
58 59
59 60
60 61
61 62
62 63
63 64
64 65
65 66
66 67
67 68
68 69
69 70
70 71
71 72
72 73
73 74
74 75
75 76
76 77
77 78
78 79
79 80
80 81
81 82
82 83
83 84
84 85
85 86
86 87
87 88
88 89
89 90
97
58 36 35 52 80 86 21 51 4 55 83 15 66 79 38 27 60 88 75 8 5 50 64 13 56 1 2 54 14 22 12 84 57 24 97 73 17 78 59 28 71 70 47 39 45 82 61 40 23 49 96 94 90 72 77 3 95 69 62 10 87 26 30 92 63 32 67 93 85 37 53 76 46 18 81 91 34 29 43 9 33 68 19 31 41 89 65 25 11 74 7 44 48 6 20 16 42
1 2
2 3
3 4
4 5
5 6
6 7
7 8
8 9
9 10
10 11
11 12
12 13
13 14
14 15
15 16
16 17
17 18
18 19
19 20
20 21
21 22
22 23
23 24
24 25
25 26
26 27
27 28
28 29
29 30
30 31
31 32
32 33
33 34
34 35
35 36
36 37
37 38
38 39
39 40
40 41
41 42
42 43
43 44
44 45
45 46
46 47
47 48
48 49
49 50
50 51
51 52
52 53
53 54
54 55
55 56
56 57
57 58
58 59
59 60
60 61
61 62
62 63
63 64
64 65
65 66
66 67
67 68
68 69
69 70
70 71
71 72
72 73
73 74
74 75
75 76
76 77
77 78
78 79
79 80
80 81
81 82
82 83
83 84
84 85
85 86
86 87
87 88
88 89
89 90
90 91
91 92
92 93
93 94
94 95
95 96
96 97
99
53 83 65 78 90 76 46 97 11 60 95 66 50 62 2 12 7 17 20 22 9 68 28 10 15 5 23 39 42 67 38 58 19 75 3 35 6 32 18 57 74 54 92 52 72 64 13 26 37 77 8 87 40 89 99 91 31 14 88 79 94 96 81 93 55 69 34 48 1 24 30 44 21 25 4 43 51 80 45 61 71 36 73 85 86 82 70 16 27 84 56 63 49 29 98 33 41 59 47
1 2
2 3
3 4
4 5
5 6
6 7
7 8
8 9
9 10
10 11
11 12
12 13
13 14
14 15
15 16
16 17
17 18
18 19
19 20
20 21
21 22
22 23
23 24
24 25
25 26
26 27
27 28
28 29
29 30
30 31
31 32
32 33
33 34
34 35
35 36
36 37
37 38
38 39
39 40
40 41
41 42
42 43
43 44
44 45
45 46
46 47
47 48
48 49
49 50
50 51
51 52
52 53
53 54
54 55
55 56
56 57
57 58
58 59
59 60
60 61
61 62
62 63
63 64
64 65
65 66
66 67
67 68
68 69
69 70
70 71
71 72
72 73
73 74
74 75
75 76
76 77
77 78
78 79
79 80
80 81
81 82
82 83
83 84
84 85
85 86
86 87
87 88
88 89
89 90
90 91
91 92
92 93
93 94
94 95
95 96
96 97
97 98
98 99
90
21 74 1 62 60 18 36 66 79 30 6 89 57 45 40 27 78 31 87 39 14 28 83 86 19 33 61 67 72 17 26 11 22 56 58 35 25 77 47 5 68 70 80 29 54 64 4 24 34 23 42 85 53 81 15 16 49 63 3 41 73 43 90 71 65 44 50 75 9 76 52 59 7 82 8 10 46 20 38 88 51 69 55 2 84 12 37 48 32 13
1 2
2 3
3 4
4 5
5 6
6 7
7 8
8 9
9 10
10 11
11 12
12 13
13 14
14 15
15 16
16 17
17 18
18 19
19 20
20 21
21 22
22 23
23 24
24 25
25 26
26 27
27 28
28 29
29 30
30 31
31 32
32 33
33 34
34 35
35 36
36 37
37 38
38 39
39 40
40 41
41 42
42 43
43 44
44 45
45 46
46 47
47 48
48 49
49 50
50 51
51 52
52 53
53 54
54 55
55 56
56 57
57 58
58 59
59 60
60 61
61 62
62 63
63 64
64 65
65 66
66 67
67 68
68 69
69 70
70 71
71 72
72 73
73 74
74 75
75 76
76 77
77 78
78 79
79 80
80 81
81 82
82 83
83 84
84 85
85 86
86 87
87 88
88 89
89 90
95
62 70 37 94 65 33 81 13 12 36 66 49 18 19 7 73 90 42 11 54 34 83 32 24 31 89 93 61 28 44 74 20 43 3 52 77 60 79 6 57 21 2 4 16 5 78 86 84 80 35 30 82 72 45 55 29 56 71 22 69 26 41 10 27 63 95 75 46 39 68 64 47 9 17 85 14 59 76 87 48 40 8 67 50 38 1 23 15 51 53 88 92 58 25 91
1 2
2 3
3 4
4 5
5 6
6 7
7 8
8 9
9 10
10 11
11 12
12 13
13 14
14 15
15 16
16 17
17 18
18 19
19 20
20 21
21 22
22 23
23 24
24 25
25 26
26 27
27 28
28 29
29 30
30 31
31 32
32 33
33 34
34 35
35 36
36 37
37 38
38 39
39 40
40 41
41 42
42 43
43 44
44 45
45 46
46 47
47 48
48 49
49 50
50 51
51 52
52 53
53 54
54 55
55 56
56 57
57 58
58 59
59 60
60 61
61 62
62 63
63 64
64 65
65 66
66 67
67 68
68 69
69 70
70 71
71 72
72 73
73 74
74 75
75 76
76 77
77 78
78 79
79 80
80 81
81 82
82 83
83 84
84 85
85 86
86 87
87 88
88 89
89 90
90 91
91 92
92 93
93 94
94 95
90
18 26 83 47 65 16 63 30 8 89 48 75 35 38 54 15 56 9 51 88 52 82 1 4 25 86 17 7 45 2 76 41 33 21 55 20 50 80 78 68 39 27 22 11 10 34 28 87 57 69 6 62 24 42 60 49 74 5 58 14 85 90 12 13 59 64 23 72 40 44 77 36 70 29 46 71 32 3 66 37 79 19 81 73 61 84 43 31 67 53
1 2
2 3
3 4
4 5
5 6
6 7
7 8
8 9
9 10
10 11
11 12
12 13
13 14
14 15
15 16
16 17
17 18
18 19
19 20
20 21
21 22
22 23
23 24
24 25
25 26
26 27
27 28
28 29
29 30
30 31
31 32
32 33
33 34
34 35
35 36
36 37
37 38
38 39
39 40
40 41
41 42
42 43
43 44
44 45
45 46
46 47
47 48
48 49
49 50
50 51
51 52
52 53
53 54
54 55
55 56
56 57
57 58
58 59
59 60
60 61
61 62
62 63
63 64
64 65
65 66
66 67
67 68
68 69
69 70
70 71
71 72
72 73
73 74
74 75
75 76
76 77
77 78
78 79
79 80
80 81
81 82
82 83
83 84
84 85
85 86
86 87
87 88
88 89
89 90
99
14 23 78 16 90 21 70 3 9 95 31 75 10 35 25 58 1 34 89 99 62 51 8 48 6 72 49 88 59 38 71 44 96 63 64 2 87 7 52 15 83 43 37 79 76 94 85 65 30 98 77 5 54 20 24 29 67 86 61 55 50 28 45 73 4 22 39 32 56 40 27 82 41 47 19 36 66 17 26 84 11 97 91 18 13 69 57 53 46 60 12 81 74 68 93 33 80 92 42
1 2
2 3
3 4
4 5
5 6
6 7
7 8
8 9
9 10
10 11
11 12
12 13
13 14
14 15
15 16
16 17
17 18
18 19
19 20
20 21
21 22
22 23
23 24
24 25
25 26
26 27
27 28
28 29
29 30
30 31
31 32
32 33
33 34
34 35
35 36
36 37
37 38
38 39
39 40
40 41
41 42
42 43
43 44
44 45
45 46
46 47
47 48
48 49
49 50
50 51
51 52
52 53
53 54
54 55
55 56
56 57
57 58
58 59
59 60
60 61
61 62
62 63
63 64
64 65
65 66
66 67
67 68
68 69
69 70
70 71
71 72
72 73
73 74
74 75
75 76
76 77
77 78
78 79
79 80
80 81
81 82
82 83
83 84
84 85
85 86
86 87
87 88
88 89
89 90
90 91
91 92
92 93
93 94
94 95
95 96
96 97
97 98
98 99
92
91 10 61 79 40 37 4 28 57 13 19 72 71 36 24 39 32 25 26 73 18 16 84 22 51 86 74 44 53 2 11 85 80 81 7 50 55 83 62 45 90 60 23 67 17 6 27 52 1 77 9 69 70 68 58 88 31 43 41 29 49 34 47 12 48 38 33 87 75 8 66 54 14 65 76 78 59 82 15 21 30 3 56 63 89 46 20 5 35 64 42 92
1 2
2 3
3 4
4 5
5 6
6 7
7 8
8 9
9 10
10 11
11 12
12 13
13 14
14 15
15 16
16 17
17 18
18 19
19 20
20 21
21 22
22 23
23 24
24 25
25 26
26 27
27 28
28 29
29 30
30 31
31 32
32 33
33 34
34 35
35 36
36 37
37 38
38 39
39 40
40 41
41 42
42 43
43 44
44 45
45 46
46 47
47 48
48 49
49 50
50 51
51 52
52 53
53 54
54 55
55 56
56 57
57 58
58 59
59 60
60 61
61 62
62 63
63 64
64 65
65 66
66 67
67 68
68 69
69 70
70 71
71 72
72 73
73 74
74 75
75 76
76 77
77 78
78 79
79 80
80 81
81 82
82 83
83 84
84 85
85 86
86 87
87 88
88 89
89 90
90 91
91 92
98
5 62 17 60 94 71 3 95 98 97 59 27 2 66 69 67 24 36 88 53 89 48 40 16 22 83 86 41 72 87 84 77 52 75 28 51 76 23 25 30 80 29 85 54 6 33 10 39 68 63 18 58 70 1 9 44 21 7 11 45 35 92 4 65 64 12 8 20 14 42 43 74 31 26 57 61 96 37 81 19 38 78 49 46 34 79 90 15 13 55 56 32 47 82 73 91 93 50
1 2
2 3
3 4
4 5
5 6
6 7
7 8
8 9
9 10
10 11
11 12
12 13
13 14
14 15
15 16
16 17
17 18
18 19
19 20
20 21
21 22
22 23
23 24
24 25
25 26
26 27
27 28
28 29
29 30
30 31
31 32
32 33
33 34
34 35
35 36
36 37
37 38
38 39
39 40
40 41
41 42
42 43
43 44
44 45
45 46
46 47
47 48
48 49
49 50
50 51
51 52
52 53
53 54
54 55
55 56
56 57
57 58
58 59
59 60
60 61
61 62
62 63
63 64
64 65
65 66
66 67
67 68
68 69
69 70
70 71
71 72
72 73
73 74
74 75
75 76
76 77
77 78
78 79
79 80
80 81
81 82
82 83
83 84
84 85
85 86
86 87
87 88
88 89
89 90
90 91
91 92
92 93
93 94
94 95
95 96
96 97
97 98
90
36 18 66 47 27 34 84 60 9 74 89 82 41 8 4 80 53 49 79 40 59 17 24 35 42 11 70 52 44 46 37 58 54 13 83 6 56 78 65 12 48 23 73 72 61 15 38 55 3 75 51 19 31 25 45 32 67 71 39 21 86 62 90 5 63 57 68 10 85 33 28 1 30 77 76 50 29 14 2 7 81 43 64 69 26 88 87 22 20 16
1 2
2 3
3 4
4 5
5 6
6 7
7 8
8 9
9 10
10 11
11 12
12 13
13 14
14 15
15 16
16 17
17 18
18 19
19 20
20 21
21 22
22 23
23 24
24 25
25 26
26 27
27 28
28 29
29 30
30 31
31 32
32 33
33 34
34 35
35 36
36 37
37 38
38 39
39 40
40 41
41 42
42 43
43 44
44 45
45 46
46 47
47 48
48 49
49 50
50 51
51 52
52 53
53 54
54 55
55 56
56 57
57 58
58 59
59 60
60 61
61 62
62 63
63 64
64 65
65 66
66 67
67 68
68 69
69 70
70 71
71 72
72 73
73 74
74 75
75 76
76 77
77 78
78 79
79 80
80 81
81 82
82 83
83 84
84 85
85 86
86 87
87 88
88 89
89 90
