10
96
91 66 12 20 82 30 85 37 28 86 60 27 70 38 45 77 33 24 43 93 78 94 87 73 6 26 56 25 1 65 11 3 79 53 17 55 46 67 19 2 7 89 72 71 51 80 35 64 54 44 76 9 69 88 95 74 58 23 42 83 47 36 21 34 10 4 22 68 14 96 75 49 16 15 61 29 8 92 59 40 41 32 81 13 90 48 5 84 52 50 18 62 57 63 31 39
1 2
1 3
1 4
1 5
1 6
1 7
1 8
1 9
1 10
1 11
1 12
1 13
1 14
1 15
1 16
1 17
1 18
1 19
1 20
1 21
1 22
1 23
1 24
1 25
1 26
1 27
1 28
1 29
1 30
1 31
1 32
1 33
1 34
1 35
1 36
1 37
1 38
1 39
1 40
1 41
1 42
1 43
1 44
1 45
1 46
1 47
1 48
1 49
1 50
1 51
1 52
1 53
1 54
1 55
1 56
1 57
1 58
1 59
1 60
1 61
1 62
1 63
1 64
1 65
1 66
1 67
1 68
1 69
1 70
1 71
1 72
1 73
1 74
1 75
1 76
1 77
1 78
1 79
1 80
1 81
1 82
1 83
1 84
1 85
1 86
1 87
1 88
1 89
1 90
1 91
1 92
1 93
1 94
1 95
1 96
98
76 63 53 78 61 89 5 97 8 37 56 39 21 11 77 23 57 20 14 79 91 98 62 17 7 92 34 10 59 93 47 26 15 18 94 80 22 88 71 30 51 29 87 65 31 9 70 25 27 58 28 84 55 82 12 43 4 49 75 81 85 45 52 73 66 35 6 74 1 33 54 72 42 46 95 3 83 86 19 2 44 32 36 60 69 96 68 40 41 50 90 24 64 13 67 38 48 16
1 2
1 3
1 4
1 5
1 6
1 7
1 8
1 9
1 10
1 11
1 12
1 13
1 14
1 15
1 16
1 17
1 18
1 19
1 20
1 21
1 22
1 23
1 24
1 25
1 26
1 27
1 28
1 29
1 30
1 31
1 32
1 33
1 34
1 35
1 36
1 37
1 38
1 39
1 40
1 41
1 42
1 43
1 44
1 45
1 46
1 47
1 48
1 49
1 50
1 51
1 52
1 53
1 54
1 55
1 56
1 57
1 58
1 59
1 60
1 61
1 62
1 63
1 64
1 65
1 66
1 67
1 68
1 69
1 70
1 71
1 72
1 73
1 74
1 75
1 76
1 77
1 78
1 79
1 80
1 81
1 82
1 83
1 84
1 85
1 86
1 87
1 88
1 89
1 90
1 91
1 92
1 93
1 94
1 95
1 96
1 97
1 98
95
91 22 48 14 81 83 55 17 92 34 19 6 23 68 13 94 28 39 11 10 84 38 36 35 16 86 77 89 3 26 49 45 12 29 20 37 7 74 40 27 70 9 5 53 47 62 21 46 64 52 25 88 18 8 32 93 41 50 58 75 63 1 42 65 30 85 54 31 15 66 44 90 73 2 59 61 95 69 78 57 24 79 71 33 60 51 4 67 56 76 80 72 43 82 87
1 2
1 3
1 4
1 5
1 6
1 7
1 8
1 9
1 10
1 11
1 12
1 13
1 14
1 15
1 16
1 17
1 18
1 19
1 20
1 21
1 22
1 23
1 24
1 25
1 26
1 27
1 28
1 29
1 30
1 31
1 32
1 33
1 34
1 35
1 36
1 37
1 38
1 39
1 40
1 41
1 42
1 43
1 44
1 45
1 46
1 47
1 48
1 49
1 50
1 51
1 52
1 53
1 54
1 55
1 56
1 57
1 58
1 59
1 60
1 61
1 62
1 63
1 64
1 65
1 66
1 67
1 68
1 69
1 70
1 71
1 72
1 73
1 74
1 75
1 76
1 77
1 78
1 79
1 80
1 81
1 82
1 83
1 84
1 85
1 86
1 87
1 88
1 89
1 90
1 91
1 92
1 93
1 94
1 95
100
15 19 16 72 53 7 69 39 44 18 47 28 17 100 14 59 13 23 81 11 8 9 62 36 35 24 31 76 87 22 70 57 86 2 25 89 54 51 5 3 95 33 80 43 83 99 65 20 98 67 29 60 10 40 52 21 37 96 12 27 66 48 55 34 71 32 90 63 42 92 94 82 1 74 93 88 75 46 45 78 30 50 58 4 64 85 61 68 73 56 84 6 41 91 38 26 77 97 49 79
1 2
1 3
1 4
1 5
1 6
1 7
1 8
1 9
1 10
1 11
1 12
1 13
1 14
1 15
1 16
1 17
1 18
1 19
1 20
1 21
1 22
1 23
1 24
1 25
1 26
1 27
1 28
1 29
1 30
1 31
1 32
1 33
1 34
1 35
1 36
1 37
1 38
1 39
1 40
1 41
1 42
1 43
1 44
1 45
1 46
1 47
1 48
1 49
1 50
1 51
1 52
1 53
1 54
1 55
1 56
1 57
1 58
1 59
1 60
1 61
1 62
1 63
1 64
1 65
1 66
1 67
1 68
1 69
1 70
1 71
1 72
1 73
1 74
1 75
1 76
1 77
1 78
1 79
1 80
1 81
1 82
1 83
1 84
1 85
1 86
1 87
1 88
1 89
1 90
1 91
1 92
1 93
1 94
1 95
1 96
1 97
1 98
1 99
1 100
99
16 93 58 55 13 66 25 7 28 37 97 17 30 32 43 72 96 98 35 54 12 77 67 86 10 20 82 27 47 21 63 53 52 59 64 84 94 70 90 38 41 8 2 51 68 45 65 62 18 33 76 87 85 83 36 9 23 14 3 6 48 57 50 44 29 31 26 22 81 80 92 42 78 39 46 1 4 91 15 60 34 88 11 89 99 56 5 75 49 19 40 79 74 24 71 69 73 95 61
1 2
1 3
1 4
1 5
1 6
1 7
1 8
1 9
1 10
1 11
1 12
1 13
1 14
1 15
1 16
1 17
1 18
1 19
1 20
1 21
1 22
1 23
1 24
1 25
1 26
1 27
1 28
1 29
1 30
1 31
1 32
1 33
1 34
1 35
1 36
1 37
1 38
1 39
1 40
1 41
1 42
1 43
1 44
1 45
1 46
1 47
1 48
1 49
1 50
1 51
1 52
1 53
1 54
1 55
1 56
1 57
1 58
1 59
1 60
1 61
1 62
1 63
1 64
1 65
1 66
1 67
1 68
1 69
1 70
1 71
1 72
1 73
1 74
1 75
1 76
1 77
1 78
1 79
1 80
1 81
1 82
1 83
1 84
1 85
1 86
1 87
1 88
1 89
1 90
1 91
1 92
1 93
1 94
1 95
1 96
1 97
1 98
1 99
96
51 78 26 17 81 22 48 96 83 76 61 86 38 75 5 53 72 50 39 9 65 23 45 13 58 71 64 62 2 69 93 87 66 27 24 56 95 52 70 3 89 29 84 35 34 20 54 88 92 41 80 11 1 21 15 4 49 25 82 63 67 91 94 37 42 19 46 30 32 85 12 16 14 18 7 79 68 74 77 31 59 40 90 73 57 28 44 43 8 36 55 60 33 6 47 10
1 2
1 3
1 4
1 5
1 6
1 7
1 8
1 9
1 10
1 11
1 12
1 13
1 14
1 15
1 16
1 17
1 18
1 19
1 20
1 21
1 22
1 23
1 24
1 25
1 26
1 27
1 28
1 29
1 30
1 31
1 32
1 33
1 34
1 35
1 36
1 37
1 38
1 39
1 40
1 41
1 42
1 43
1 44
1 45
1 46
1 47
1 48
1 49
1 50
1 51
1 52
1 53
1 54
1 55
1 56
1 57
1 58
1 59
1 60
1 61
1 62
1 63
1 64
1 65
1 66
1 67
1 68
1 69
1 70
1 71
1 72
1 73
1 74
1 75
1 76
1 77
1 78
1 79
1 80
1 81
1 82
1 83
1 84
1 85
1 86
1 87
1 88
1 89
1 90
1 91
1 92
1 93
1 94
1 95
1 96
98
24 82 33 80 85 43 59 95 79 12 89 38 57 77 74 25 8 58 26 68 81 42 92 23 10 91 70 86 96 71 76 69 11 6 13 94 22 19 27 2 87 32 73 83 1 30 40 16 14 62 55 47 60 56 48 88 61 5 21 53 45 7 34 37 98 63 17 66 51 9 18 44 3 78 15 46 41 50 39 49 28 65 29 67 4 97 54 52 36 75 20 64 35 93 72 84 31 90
1 2
1 3
1 4
1 5
1 6
1 7
1 8
1 9
1 10
1 11
1 12
1 13
1 14
1 15
1 16
1 17
1 18
1 19
1 20
1 21
1 22
1 23
1 24
1 25
1 26
1 27
1 28
1 29
1 30
1 31
1 32
1 33
1 34
1 35
1 36
1 37
1 38
1 39
1 40
1 41
1 42
1 43
1 44
1 45
1 46
1 47
1 48
1 49
1 50
1 51
1 52
1 53
1 54
1 55
1 56
1 57
1 58
1 59
1 60
1 61
1 62
1 63
1 64
1 65
1 66
1 67
1 68
1 69
1 70
1 71
1 72
1 73
1 74
1 75
1 76
1 77
1 78
1 79
1 80
1 81
1 82
1 83
1 84
1 85
1 86
1 87
1 88
1 89
1 90
1 91
1 92
1 93
1 94
1 95
1 96
1 97
1 98
91
41 10 32 79 47 48 78 87 45 72 35 64 11 16 89 37 63 81 54 68 88 52 70 26 14 90 69 84 51 60 25 49 77 73 59 44 42 61 80 74 55 36 57 4 23 19 30 43 9 22 27 17 15 29 86 39 8 7 5 65 50 85 91 75 20 76 2 12 53 67 71 58 1 40 66 83 18 33 21 56 34 31 62 13 24 3 82 6 38 28 46
1 2
1 3
1 4
1 5
1 6
1 7
1 8
1 9
1 10
1 11
1 12
1 13
1 14
1 15
1 16
1 17
1 18
1 19
1 20
1 21
1 22
1 23
1 24
1 25
1 26
1 27
1 28
1 29
1 30
1 31
1 32
1 33
1 34
1 35
1 36
1 37
1 38
1 39
1 40
1 41
1 42
1 43
1 44
1 45
1 46
1 47
1 48
1 49
1 50
1 51
1 52
1 53
1 54
1 55
1 56
1 57
1 58
1 59
1 60
1 61
1 62
1 63
1 64
1 65
1 66
1 67
1 68
1 69
1 70
1 71
1 72
1 73
1 74
1 75
1 76
1 77
1 78
1 79
1 80
1 81
1 82
1 83
1 84
1 85
1 86
1 87
1 88
1 89
1 90
1 91
93
69 77 78 70 19 8 72 14 50 33 38 42 44 54 55 37 35 89 30 11 22 7 60 52 79 62 75 74 40 63 45 34 88 56 17 58 61 41 85 87 83 47 80 67 68 64 12 66 1 43 10 82 91 23 73 20 3 65 26 21 13 4 15 48 92 53 2 5 86 76 27 16 93 24 36 51 90 25 9 39 71 59 28 57 46 32 81 29 84 49 31 6 18
1 2
1 3
1 4
1 5
1 6
1 7
1 8
1 9
1 10
1 11
1 12
1 13
1 14
1 15
1 16
1 17
1 18
1 19
1 20
1 21
1 22
1 23
1 24
1 25
1 26
1 27
1 28
1 29
1 30
1 31
1 32
1 33
1 34
1 35
1 36
1 37
1 38
1 39
1 40
1 41
1 42
1 43
1 44
1 45
1 46
1 47
1 48
1 49
1 50
1 51
1 52
1 53
1 54
1 55
1 56
1 57
1 58
1 59
1 60
1 61
1 62
1 63
1 64
1 65
1 66
1 67
1 68
1 69
1 70
1 71
1 72
1 73
1 74
1 75
1 76
1 77
1 78
1 79
1 80
1 81
1 82
1 83
1 84
1 85
1 86
1 87
1 88
1 89
1 90
1 91
1 92
1 93
100
83 18 21 33 35 52 75 69 94 59 42 84 46 93 68 50 16 13 14 95 98 27 17 70 73 79 15 82 72 34 29 71 96 4 9 86 28 41 5 66 36 24 3 55 61 45 2 92 63 81 48 91 40 54 31 88 76 87 100 51 22 64 74 58 10 12 1 37 23 67 65 32 99 90 20 97 39 89 77 44 57 26 6 8 38 80 7 60 19 53 25 49 62 56 47 43 30 78 11 85
1 2
1 3
1 4
1 5
1 6
1 7
1 8
1 9
1 10
1 11
1 12
1 13
1 14
1 15
1 16
1 17
1 18
1 19
1 20
1 21
1 22
1 23
1 24
1 25
1 26
1 27
1 28
1 29
1 30
1 31
1 32
1 33
1 34
1 35
1 36
1 37
1 38
1 39
1 40
1 41
1 42
1 43
1 44
1 45
1 46
1 47
1 48
1 49
1 50
1 51
1 52
1 53
1 54
1 55
1 56
1 57
1 58
1 59
1 60
1 61
1 62
1 63
1 64
1 65
1 66
1 67
1 68
1 69
1 70
1 71
1 72
1 73
1 74
1 75
1 76
1 77
1 78
1 79
1 80
1 81
1 82
1 83
1 84
1 85
1 86
1 87
1 88
1 89
1 90
1 91
1 92
1 93
1 94
1 95
1 96
1 97
1 98
1 99
1 100
