10
496
212 196 184 172 385 275 140 427 284 409 74 122 164 195 269 441 355 57 131 87 350 437 62 277 236 285 32 51 101 272 148 490 81 391 50 23 329 208 68 379 307 353 293 313 22 475 322 287 484 369 40 168 348 279 406 407 418 203 376 86 200 106 82 359 361 365 218 173 473 338 324 231 298 351 278 363 48 260 67 105 197 483 449 288 341 83 179 237 342 91 130 401 202 486 337 345 166 193 33 454 431 309 491 186 414 282 95 263 141 76 136 114 77 273 89 312 177 63 65 377 43 2 304 192 297 150 471 423 165 267 156 219 428 116 1 24 421 274 155 128 224 145 253 41 47 190 61 396 234 66 373 13 469 343 415 456 335 292 300 358 20 276 248 452 403 315 397 442 360 28 467 296 256 476 5 388 94 227 152 7 144 170 198 64 185 18 444 314 430 211 349 347 268 320 494 326 465 27 480 205 109 362 36 238 308 453 79 457 143 194 255 126 398 470 479 25 37 266 334 85 382 52 139 257 102 96 233 435 445 478 162 123 214 459 417 54 220 73 390 321 180 15 289 439 489 235 400 286 306 29 120 424 408 395 99 58 127 375 69 55 492 488 169 450 425 163 419 215 262 404 132 31 118 317 121 135 389 384 204 495 175 432 330 137 367 117 206 493 223 17 410 447 290 160 303 161 247 393 402 12 468 250 477 171 242 26 487 133 380 142 311 240 387 336 420 119 399 246 463 411 462 147 174 60 157 352 368 181 371 216 11 71 46 222 84 344 426 472 265 295 448 129 332 49 340 78 225 243 318 59 221 151 346 75 372 34 70 134 21 251 53 124 412 254 383 436 38 270 111 228 241 201 3 56 496 10 35 188 331 6 354 323 239 460 357 4 158 80 327 482 381 108 112 461 339 294 232 167 434 209 328 301 97 386 154 429 93 291 107 485 178 229 39 392 271 264 98 217 319 438 8 433 466 370 213 283 366 176 138 210 92 440 443 16 464 207 72 183 199 481 100 115 446 451 110 280 302 230 14 45 378 394 182 416 191 44 356 364 249 455 9 88 104 259 405 458 90 333 159 474 258 299 146 305 30 316 187 244 153 325 149 226 42 125 245 19 252 374 189 281 422 261 413 103 310 113
1 2
2 3
3 4
4 5
5 6
6 7
7 8
8 9
9 10
10 11
11 12
12 13
13 14
14 15
15 16
16 17
17 18
18 19
19 20
20 21
21 22
22 23
23 24
24 25
25 26
26 27
27 28
28 29
29 30
30 31
31 32
32 33
33 34
34 35
35 36
36 37
37 38
38 39
39 40
40 41
41 42
42 43
43 44
44 45
45 46
46 47
47 48
48 49
49 50
50 51
51 52
52 53
53 54
54 55
55 56
56 57
57 58
58 59
59 60
60 61
61 62
62 63
63 64
64 65
65 66
66 67
67 68
68 69
69 70
70 71
71 72
72 73
73 74
74 75
75 76
76 77
77 78
78 79
79 80
80 81
81 82
82 83
83 84
84 85
85 86
86 87
87 88
88 89
89 90
90 91
91 92
92 93
93 94
94 95
95 96
96 97
97 98
98 99
99 100
100 101
101 102
102 103
103 104
104 105
105 106
106 107
107 108
108 109
109 110
110 111
111 112
112 113
113 114
114 115
115 116
116 117
117 118
118 119
119 120
120 121
121 122
122 123
123 124
124 125
125 126
126 127
127 128
128 129
129 130
130 131
131 132
132 133
133 134
134 135
135 136
136 137
137 138
138 139
139 140
140 141
141 142
142 143
143 144
144 145
145 146
146 147
147 148
148 149
149 150
150 151
151 152
152 153
153 154
154 155
155 156
156 157
157 158
158 159
159 160
160 161
161 162
162 163
163 164
164 165
165 166
166 167
167 168
168 169
169 170
170 171
171 172
172 173
173 174
174 175
175 176
176 177
177 178
178 179
179 180
180 181
181 182
182 183
183 184
184 185
185 186
186 187
187 188
188 189
189 190
190 191
191 192
192 193
193 194
194 195
195 196
196 197
197 198
198 199
199 200
200 201
201 202
202 203
203 204
204 205
205 206
206 207
207 208
208 209
209 210
210 211
211 212
212 213
213 214
214 215
215 216
216 217
217 218
218 219
219 220
220 221
221 222
222 223
223 224
224 225
225 226
226 227
227 228
228 229
229 230
230 231
231 232
232 233
233 234
234 235
235 236
236 237
237 238
238 239
239 240
240 241
241 242
242 243
243 244
244 245
245 246
246 247
247 248
248 249
249 250
250 251
251 252
252 253
253 254
254 255
255 256
256 257
257 258
258 259
259 260
260 261
261 262
262 263
263 264
264 265
265 266
266 267
267 268
268 269
269 270
270 271
271 272
272 273
273 274
274 275
275 276
276 277
277 278
278 279
279 280
280 281
281 282
282 283
283 284
284 285
285 286
286 287
287 288
288 289
289 290
290 291
291 292
292 293
293 294
294 295
295 296
296 297
297 298
298 299
299 300
300 301
301 302
302 303
303 304
304 305
305 306
306 307
307 308
308 309
309 310
310 311
311 312
312 313
313 314
314 315
315 316
316 317
317 318
318 319
319 320
320 321
321 322
322 323
323 324
324 325
325 326
326 327
327 328
328 329
329 330
330 331
331 332
332 333
333 334
334 335
335 336
336 337
337 338
338 339
339 340
340 341
341 342
342 343
343 344
344 345
345 346
346 347
347 348
348 349
349 350
350 351
351 352
352 353
353 354
354 355
355 356
356 357
357 358
358 359
359 360
360 361
361 362
362 363
363 364
364 365
365 366
366 367
367 368
368 369
369 370
370 371
371 372
372 373
373 374
374 375
375 376
376 377
377 378
378 379
379 380
380 381
381 382
382 383
383 384
384 385
385 386
386 387
387 388
388 389
389 390
390 391
391 392
392 393
393 394
394 395
395 396
396 397
397 398
398 399
399 400
400 401
401 402
402 403
403 404
404 405
405 406
406 407
407 408
408 409
409 410
410 411
411 412
412 413
413 414
414 415
415 416
416 417
417 418
418 419
419 420
420 421
421 422
422 423
423 424
424 425
425 426
426 427
427 428
428 429
429 430
430 431
431 432
432 433
433 434
434 435
435 436
436 437
437 438
438 439
439 440
440 441
441 442
442 443
443 444
444 445
445 446
446 447
447 448
448 449
449 450
450 451
451 452
452 453
453 454
454 455
455 456
456 457
457 458
458 459
459 460
460 461
461 462
462 463
463 464
464 465
465 466
466 467
467 468
468 469
469 470
470 471
471 472
472 473
473 474
474 475
475 476
476 477
477 478
478 479
479 480
480 481
481 482
482 483
483 484
484 485
485 486
486 487
487 488
488 489
489 490
490 491
491 492
492 493
493 494
494 495
495 496
494
453 431 71 275 404 291 436 86 181 184 406 273 19 205 337 254 389 70 148 407 107 465 51 32 484 34 165 72 54 299 94 237 125 235 119 89 317 387 103 136 350 25 21 390 82 251 421 335 186 442 419 129 336 241 145 322 319 341 95 168 16 182 5 367 327 117 281 138 210 166 361 262 293 234 283 207 130 351 217 176 392 426 177 398 443 373 92 245 252 228 342 396 219 435 45 78 295 290 441 480 3 384 439 152 334 264 304 178 201 256 298 346 48 158 356 33 371 159 191 424 114 149 17 296 57 397 445 93 386 347 225 376 483 287 213 411 6 310 233 357 454 38 171 311 123 169 494 63 172 359 328 427 229 349 333 403 417 197 486 432 96 108 151 433 313 274 134 183 470 214 77 174 163 69 120 330 144 485 459 102 369 354 126 22 8 164 355 250 410 122 161 320 90 282 279 141 269 212 160 360 383 340 239 315 216 466 286 112 35 244 492 377 155 100 471 61 422 11 440 458 193 67 379 131 395 481 425 405 30 258 150 303 423 474 74 121 153 84 362 263 140 26 469 460 14 412 464 124 394 42 358 154 331 215 218 110 137 493 83 222 189 266 142 202 438 289 58 240 366 352 324 135 348 372 344 47 56 211 39 185 452 461 448 20 133 490 278 297 208 391 400 109 288 106 209 157 323 292 198 203 301 457 318 105 268 276 420 476 224 277 40 88 463 416 374 444 413 429 104 111 180 326 60 467 206 378 478 418 449 380 253 81 428 128 118 284 146 76 50 15 227 200 199 247 85 147 353 408 46 156 98 59 329 382 434 188 300 226 139 414 272 402 116 338 246 37 4 393 195 308 305 265 194 220 488 370 97 368 261 52 44 462 99 230 162 446 242 232 91 248 73 187 113 190 55 66 65 87 260 477 179 53 491 455 24 9 243 259 10 482 332 451 437 479 49 27 430 80 307 375 271 280 302 29 192 173 456 68 447 312 236 468 223 31 381 487 41 23 365 489 399 143 12 115 18 285 388 409 127 167 170 401 345 475 325 364 270 316 196 257 175 2 64 62 415 132 204 473 306 221 79 314 1 267 43 343 294 36 7 28 249 238 363 385 101 309 231 321 450 339 472 75 255 13
1 2
2 3
3 4
4 5
5 6
6 7
7 8
8 9
9 10
10 11
11 12
12 13
13 14
14 15
15 16
16 17
17 18
18 19
19 20
20 21
21 22
22 23
23 24
24 25
25 26
26 27
27 28
28 29
29 30
30 31
31 32
32 33
33 34
34 35
35 36
36 37
37 38
38 39
39 40
40 41
41 42
42 43
43 44
44 45
45 46
46 47
47 48
48 49
49 50
50 51
51 52
52 53
53 54
54 55
55 56
56 57
57 58
58 59
59 60
60 61
61 62
62 63
63 64
64 65
65 66
66 67
67 68
68 69
69 70
70 71
71 72
72 73
73 74
74 75
75 76
76 77
77 78
78 79
79 80
80 81
81 82
82 83
83 84
84 85
85 86
86 87
87 88
88 89
89 90
90 91
91 92
92 93
93 94
94 95
95 96
96 97
97 98
98 99
99 100
100 101
101 102
102 103
103 104
104 105
105 106
106 107
107 108
108 109
109 110
110 111
111 112
112 113
113 114
114 115
115 116
116 117
117 118
118 119
119 120
120 121
121 122
122 123
123 124
124 125
125 126
126 127
127 128
128 129
129 130
130 131
131 132
132 133
133 134
134 135
135 136
136 137
137 138
138 139
139 140
140 141
141 142
142 143
143 144
144 145
145 146
146 147
147 148
148 149
149 150
150 151
151 152
152 153
153 154
154 155
155 156
156 157
157 158
158 159
159 160
160 161
161 162
162 163
163 164
164 165
165 166
166 167
167 168
168 169
169 170
170 171
171 172
172 173
173 174
174 175
175 176
176 177
177 178
178 179
179 180
180 181
181 182
182 183
183 184
184 185
185 186
186 187
187 188
188 189
189 190
190 191
191 192
192 193
193 194
194 195
195 196
196 197
197 198
198 199
199 200
200 201
201 202
202 203
203 204
204 205
205 206
206 207
207 208
208 209
209 210
210 211
211 212
212 213
213 214
214 215
215 216
216 217
217 218
218 219
219 220
220 221
221 222
222 223
223 224
224 225
225 226
226 227
227 228
228 229
229 230
230 231
231 232
232 233
233 234
234 235
235 236
236 237
237 238
238 239
239 240
240 241
241 242
242 243
243 244
244 245
245 246
246 247
247 248
248 249
249 250
250 251
251 252
252 253
253 254
254 255
255 256
256 257
257 258
258 259
259 260
260 261
261 262
262 263
263 264
264 265
265 266
266 267
267 268
268 269
269 270
270 271
271 272
272 273
273 274
274 275
275 276
276 277
277 278
278 279
279 280
280 281
281 282
282 283
283 284
284 285
285 286
286 287
287 288
288 289
289 290
290 291
291 292
292 293
293 294
294 295
295 296
296 297
297 298
298 299
299 300
300 301
301 302
302 303
303 304
304 305
305 306
306 307
307 308
308 309
309 310
310 311
311 312
312 313
313 314
314 315
315 316
316 317
317 318
318 319
319 320
320 321
321 322
322 323
323 324
324 325
325 326
326 327
327 328
328 329
329 330
330 331
331 332
332 333
333 334
334 335
335 336
336 337
337 338
338 339
339 340
340 341
341 342
342 343
343 344
344 345
345 346
346 347
347 348
348 349
349 350
350 351
351 352
352 353
353 354
354 355
355 356
356 357
357 358
358 359
359 360
360 361
361 362
362 363
363 364
364 365
365 366
366 367
367 368
368 369
369 370
370 371
371 372
372 373
373 374
374 375
375 376
376 377
377 378
378 379
379 380
380 381
381 382
382 383
383 384
384 385
385 386
386 387
387 388
388 389
389 390
390 391
391 392
392 393
393 394
394 395
395 396
396 397
397 398
398 399
399 400
400 401
401 402
402 403
403 404
404 405
405 406
406 407
407 408
408 409
409 410
410 411
411 412
412 413
413 414
414 415
415 416
416 417
417 418
418 419
419 420
420 421
421 422
422 423
423 424
424 425
425 426
426 427
427 428
428 429
429 430
430 431
431 432
432 433
433 434
434 435
435 436
436 437
437 438
438 439
439 440
440 441
441 442
442 443
443 444
444 445
445 446
446 447
447 448
448 449
449 450
450 451
451 452
452 453
453 454
454 455
455 456
456 457
457 458
458 459
459 460
460 461
461 462
462 463
463 464
464 465
465 466
466 467
467 468
468 469
469 470
470 471
471 472
472 473
473 474
474 475
475 476
476 477
477 478
478 479
479 480
480 481
481 482
482 483
483 484
484 485
485 486
486 487
487 488
488 489
489 490
490 491
491 492
492 493
493 494
485
30 5 328 153 93 331 458 176 8 485 334 108 114 401 81 157 309 329 324 484 468 27 263 189 411 172 204 371 254 47 235 456 359 230 363 48 194 99 416 294 420 100 198 229 40 234 16 127 150 215 390 103 460 469 39 277 144 310 360 273 332 73 42 271 364 183 58 307 356 190 478 253 414 237 459 107 209 57 101 410 369 465 149 63 392 184 303 373 193 270 28 284 256 315 71 437 388 66 241 76 429 11 49 370 21 90 152 399 53 380 361 286 374 409 417 479 282 378 131 19 29 22 279 62 394 218 330 75 445 105 86 293 227 402 353 475 446 79 17 36 34 432 212 14 327 96 197 223 319 196 462 228 304 259 178 97 224 121 281 46 226 313 147 158 120 60 482 220 177 166 382 162 185 365 246 12 165 255 125 323 169 266 252 457 422 260 156 443 473 201 463 175 393 367 170 74 290 428 133 404 31 102 398 276 366 464 444 243 233 308 20 54 300 109 269 110 275 425 195 129 368 167 143 43 92 435 211 136 314 467 98 77 439 82 187 163 203 65 240 118 301 274 387 180 449 247 32 451 311 442 372 295 454 480 87 78 397 7 117 23 67 418 137 386 41 344 191 264 339 316 181 472 358 407 336 10 265 448 354 35 291 287 26 245 474 24 333 95 208 106 421 112 123 337 441 50 268 452 232 72 202 222 321 406 1 70 59 145 391 338 69 476 285 210 225 430 433 352 213 9 161 171 262 4 192 113 61 455 148 80 250 174 351 205 236 173 141 91 483 258 377 51 128 6 94 312 481 219 384 389 396 461 207 280 340 431 424 56 400 405 104 342 44 379 447 438 453 64 122 283 355 318 179 317 55 25 298 221 2 477 288 347 427 231 164 297 217 119 335 272 134 124 296 88 38 216 436 383 146 305 362 349 3 83 466 115 322 168 251 412 142 52 155 440 33 343 346 206 470 135 186 154 403 381 126 151 68 376 434 182 426 45 289 188 350 249 423 375 320 385 302 419 214 239 267 132 199 160 116 348 111 341 37 261 238 18 345 450 257 200 244 85 395 15 84 408 357 299 89 130 325 140 242 138 413 278 471 139 415 306 292 159 248 13 326
1 2
2 3
3 4
4 5
5 6
6 7
7 8
8 9
9 10
10 11
11 12
12 13
13 14
14 15
15 16
16 17
17 18
18 19
19 20
20 21
21 22
22 23
23 24
24 25
25 26
26 27
27 28
28 29
29 30
30 31
31 32
32 33
33 34
34 35
35 36
36 37
37 38
38 39
39 40
40 41
41 42
42 43
43 44
44 45
45 46
46 47
47 48
48 49
49 50
50 51
51 52
52 53
53 54
54 55
55 56
56 57
57 58
58 59
59 60
60 61
61 62
62 63
63 64
64 65
65 66
66 67
67 68
68 69
69 70
70 71
71 72
72 73
73 74
74 75
75 76
76 77
77 78
78 79
79 80
80 81
81 82
82 83
83 84
84 85
85 86
86 87
87 88
88 89
89 90
90 91
91 92
92 93
93 94
94 95
95 96
96 97
97 98
98 99
99 100
100 101
101 102
102 103
103 104
104 105
105 106
106 107
107 108
108 109
109 110
110 111
111 112
112 113
113 114
114 115
115 116
116 117
117 118
118 119
119 120
120 121
121 122
122 123
123 124
124 125
125 126
126 127
127 128
128 129
129 130
130 131
131 132
132 133
133 134
134 135
135 136
136 137
137 138
138 139
139 140
140 141
141 142
142 143
143 144
144 145
145 146
146 147
147 148
148 149
149 150
150 151
151 152
152 153
153 154
154 155
155 156
156 157
157 158
158 159
159 160
160 161
161 162
162 163
163 164
164 165
165 166
166 167
167 168
168 169
169 170
170 171
171 172
172 173
173 174
174 175
175 176
176 177
177 178
178 179
179 180
180 181
181 182
182 183
183 184
184 185
185 186
186 187
187 188
188 189
189 190
190 191
191 192
192 193
193 194
194 195
195 196
196 197
197 198
198 199
199 200
200 201
201 202
202 203
203 204
204 205
205 206
206 207
207 208
208 209
209 210
210 211
211 212
212 213
213 214
214 215
215 216
216 217
217 218
218 219
219 220
220 221
221 222
222 223
223 224
224 225
225 226
226 227
227 228
228 229
229 230
230 231
231 232
232 233
233 234
234 235
235 236
236 237
237 238
238 239
239 240
240 241
241 242
242 243
243 244
244 245
245 246
246 247
247 248
248 249
249 250
250 251
251 252
252 253
253 254
254 255
255 256
256 257
257 258
258 259
259 260
260 261
261 262
262 263
263 264
264 265
265 266
266 267
267 268
268 269
269 270
270 271
271 272
272 273
273 274
274 275
275 276
276 277
277 278
278 279
279 280
280 281
281 282
282 283
283 284
284 285
285 286
286 287
287 288
288 289
289 290
290 291
291 292
292 293
293 294
294 295
295 296
296 297
297 298
298 299
299 300
300 301
301 302
302 303
303 304
304 305
305 306
306 307
307 308
308 309
309 310
310 311
311 312
312 313
313 314
314 315
315 316
316 317
317 318
318 319
319 320
320 321
321 322
322 323
323 324
324 325
325 326
326 327
327 328
328 329
329 330
330 331
331 332
332 333
333 334
334 335
335 336
336 337
337 338
338 339
339 340
340 341
341 342
342 343
343 344
344 345
345 346
346 347
347 348
348 349
349 350
350 351
351 352
352 353
353 354
354 355
355 356
356 357
357 358
358 359
359 360
360 361
361 362
362 363
363 364
364 365
365 366
366 367
367 368
368 369
369 370
370 371
371 372
372 373
373 374
374 375
375 376
376 377
377 378
378 379
379 380
380 381
381 382
382 383
383 384
384 385
385 386
386 387
387 388
388 389
389 390
390 391
391 392
392 393
393 394
394 395
395 396
396 397
397 398
398 399
399 400
400 401
401 402
402 403
403 404
404 405
405 406
406 407
407 408
408 409
409 410
410 411
411 412
412 413
413 414
414 415
415 416
416 417
417 418
418 419
419 420
420 421
421 422
422 423
423 424
424 425
425 426
426 427
427 428
428 429
429 430
430 431
431 432
432 433
433 434
434 435
435 436
436 437
437 438
438 439
439 440
440 441
441 442
442 443
443 444
444 445
445 446
446 447
447 448
448 449
449 450
450 451
451 452
452 453
453 454
454 455
455 456
456 457
457 458
458 459
459 460
460 461
461 462
462 463
463 464
464 465
465 466
466 467
467 468
468 469
469 470
470 471
471 472
472 473
473 474
474 475
475 476
476 477
477 478
478 479
479 480
480 481
481 482
482 483
483 484
484 485
475
170 293 7 186 165 188 200 346 362 304 58 97 452 337 303 198 240 344 418 334 258 263 78 403 18 431 286 135 410 169 239 76 437 407 132 406 472 405 402 121 447 298 371 423 17 108 285 191 420 385 284 103 296 320 155 413 442 44 428 328 9 453 1 163 343 364 427 358 39 99 73 225 70 290 38 306 196 34 449 215 57 220 31 250 331 13 192 226 24 348 277 360 137 212 462 253 269 359 153 203 184 68 227 56 355 75 354 134 172 444 278 388 8 241 218 365 43 14 327 377 47 42 326 69 113 349 352 173 115 45 435 440 302 381 433 255 313 267 321 211 465 416 300 209 120 272 95 366 22 425 180 162 100 396 473 193 318 412 6 80 143 112 72 131 55 279 107 90 109 228 421 379 333 177 451 190 363 441 84 271 25 259 336 52 123 152 316 49 117 93 471 310 122 288 426 189 338 74 160 98 390 414 79 415 164 315 319 464 206 32 127 357 237 197 204 85 247 439 110 105 356 264 394 205 261 232 217 202 350 280 5 230 254 242 445 475 19 268 246 270 411 194 372 374 266 140 104 430 46 257 245 106 474 436 133 111 64 11 299 156 223 311 273 154 166 455 252 41 376 289 136 424 146 233 384 301 434 82 214 210 36 92 339 50 370 174 23 262 251 216 314 419 29 20 274 77 175 231 224 454 61 171 443 149 157 89 291 91 183 461 369 60 308 167 287 248 96 130 161 347 332 378 213 182 147 322 125 282 391 401 361 187 459 429 66 305 408 94 386 281 244 341 323 340 63 151 309 35 417 181 382 54 468 51 260 307 398 235 276 467 88 375 37 65 432 128 373 28 114 219 129 53 145 48 463 2 265 229 178 168 116 329 27 71 470 460 234 150 422 438 26 126 101 238 176 297 15 30 450 458 142 12 118 59 199 395 404 400 392 159 141 102 389 256 275 138 345 86 409 397 208 83 312 62 387 185 144 383 221 236 40 446 380 324 325 448 4 67 295 469 33 466 353 158 3 351 124 139 207 283 456 10 243 201 16 195 330 81 292 249 335 21 179 457 148 294 342 399 222 87 317 393 368 367 119
1 2
2 3
3 4
4 5
5 6
6 7
7 8
8 9
9 10
10 11
11 12
12 13
13 14
14 15
15 16
16 17
17 18
18 19
19 20
20 21
21 22
22 23
23 24
24 25
25 26
26 27
27 28
28 29
29 30
30 31
31 32
32 33
33 34
34 35
35 36
36 37
37 38
38 39
39 40
40 41
41 42
42 43
43 44
44 45
45 46
46 47
47 48
48 49
49 50
50 51
51 52
52 53
53 54
54 55
55 56
56 57
57 58
58 59
59 60
60 61
61 62
62 63
63 64
64 65
65 66
66 67
67 68
68 69
69 70
70 71
71 72
72 73
73 74
74 75
75 76
76 77
77 78
78 79
79 80
80 81
81 82
82 83
83 84
84 85
85 86
86 87
87 88
88 89
89 90
90 91
91 92
92 93
93 94
94 95
95 96
96 97
97 98
98 99
99 100
100 101
101 102
102 103
103 104
104 105
105 106
106 107
107 108
108 109
109 110
110 111
111 112
112 113
113 114
114 115
115 116
116 117
117 118
118 119
119 120
120 121
121 122
122 123
123 124
124 125
125 126
126 127
127 128
128 129
129 130
130 131
131 132
132 133
133 134
134 135
135 136
136 137
137 138
138 139
139 140
140 141
141 142
142 143
143 144
144 145
145 146
146 147
147 148
148 149
149 150
150 151
151 152
152 153
153 154
154 155
155 156
156 157
157 158
158 159
159 160
160 161
161 162
162 163
163 164
164 165
165 166
166 167
167 168
168 169
169 170
170 171
171 172
172 173
173 174
174 175
175 176
176 177
177 178
178 179
179 180
180 181
181 182
182 183
183 184
184 185
185 186
186 187
187 188
188 189
189 190
190 191
191 192
192 193
193 194
194 195
195 196
196 197
197 198
198 199
199 200
200 201
201 202
202 203
203 204
204 205
205 206
206 207
207 208
208 209
209 210
210 211
211 212
212 213
213 214
214 215
215 216
216 217
217 218
218 219
219 220
220 221
221 222
222 223
223 224
224 225
225 226
226 227
227 228
228 229
229 230
230 231
231 232
232 233
233 234
234 235
235 236
236 237
237 238
238 239
239 240
240 241
241 242
242 243
243 244
244 245
245 246
246 247
247 248
248 249
249 250
250 251
251 252
252 253
253 254
254 255
255 256
256 257
257 258
258 259
259 260
260 261
261 262
262 263
263 264
264 265
265 266
266 267
267 268
268 269
269 270
270 271
271 272
272 273
273 274
274 275
275 276
276 277
277 278
278 279
279 280
280 281
281 282
282 283
283 284
284 285
285 286
286 287
287 288
288 289
289 290
290 291
291 292
292 293
293 294
294 295
295 296
296 297
297 298
298 299
299 300
300 301
301 302
302 303
303 304
304 305
305 306
306 307
307 308
308 309
309 310
310 311
311 312
312 313
313 314
314 315
315 316
316 317
317 318
318 319
319 320
320 321
321 322
322 323
323 324
324 325
325 326
326 327
327 328
328 329
329 330
330 331
331 332
332 333
333 334
334 335
335 336
336 337
337 338
338 339
339 340
340 341
341 342
342 343
343 344
344 345
345 346
346 347
347 348
348 349
349 350
350 351
351 352
352 353
353 354
354 355
355 356
356 357
357 358
358 359
359 360
360 361
361 362
362 363
363 364
364 365
365 366
366 367
367 368
368 369
369 370
370 371
371 372
372 373
373 374
374 375
375 376
376 377
377 378
378 379
379 380
380 381
381 382
382 383
383 384
384 385
385 386
386 387
387 388
388 389
389 390
390 391
391 392
392 393
393 394
394 395
395 396
396 397
397 398
398 399
399 400
400 401
401 402
402 403
403 404
404 405
405 406
406 407
407 408
408 409
409 410
410 411
411 412
412 413
413 414
414 415
415 416
416 417
417 418
418 419
419 420
420 421
421 422
422 423
423 424
424 425
425 426
426 427
427 428
428 429
429 430
430 431
431 432
432 433
433 434
434 435
435 436
436 437
437 438
438 439
439 440
440 441
441 442
442 443
443 444
444 445
445 446
446 447
447 448
448 449
449 450
450 451
451 452
452 453
453 454
454 455
455 456
456 457
457 458
458 459
459 460
460 461
461 462
462 463
463 464
464 465
465 466
466 467
467 468
468 469
469 470
470 471
471 472
472 473
473 474
474 475
460
378 412 291 360 180 170 449 318 313 290 140 426 91 336 289 400 293 267 417 175 266 406 116 404 147 67 332 363 61 249 389 423 185 285 272 223 173 70 398 121 339 217 278 206 273 135 25 345 178 303 454 280 113 84 199 55 169 100 370 85 24 117 96 297 129 89 282 48 442 60 325 41 71 159 23 268 120 335 228 408 338 312 418 257 171 36 434 88 31 428 361 17 376 374 437 455 317 298 388 66 26 385 239 8 219 321 136 201 314 97 375 196 144 276 155 419 165 319 416 395 221 139 35 186 344 15 432 125 56 182 247 296 307 50 301 131 451 362 12 254 73 59 18 237 420 401 435 168 315 215 367 172 366 258 311 101 300 459 304 79 279 192 424 328 7 10 387 457 248 3 234 9 346 440 288 341 281 183 255 75 331 63 350 225 394 39 343 402 443 161 460 174 127 34 11 439 337 6 212 265 274 453 283 203 158 202 236 5 176 58 431 150 111 330 112 324 252 316 156 349 124 83 179 51 191 240 208 441 309 114 142 164 47 226 308 327 427 372 277 347 458 90 29 450 302 421 99 384 264 379 198 81 425 410 194 241 214 263 446 122 269 403 445 231 383 392 320 54 133 405 68 397 456 299 322 444 110 1 78 244 245 356 218 109 195 53 326 160 287 354 102 333 103 148 190 115 77 399 27 151 64 92 119 132 126 429 305 187 30 16 62 342 145 348 137 197 188 430 104 4 22 21 382 250 391 13 37 93 323 235 106 28 368 220 200 284 154 270 42 149 242 256 224 448 261 359 292 351 433 82 238 76 447 310 230 352 209 386 286 94 95 86 204 306 294 207 87 141 143 74 390 49 357 146 157 271 108 227 167 377 166 260 44 422 415 353 365 128 355 98 393 340 216 396 57 107 246 38 409 80 210 436 438 152 329 162 69 259 181 134 407 229 232 222 369 184 211 358 334 52 413 381 233 138 45 43 177 452 72 40 20 19 205 275 243 262 253 251 130 364 414 2 123 189 411 14 213 33 153 105 373 380 371 295 163 118 65 32 46 193
1 2
2 3
3 4
4 5
5 6
6 7
7 8
8 9
9 10
10 11
11 12
12 13
13 14
14 15
15 16
16 17
17 18
18 19
19 20
20 21
21 22
22 23
23 24
24 25
25 26
26 27
27 28
28 29
29 30
30 31
31 32
32 33
33 34
34 35
35 36
36 37
37 38
38 39
39 40
40 41
41 42
42 43
43 44
44 45
45 46
46 47
47 48
48 49
49 50
50 51
51 52
52 53
53 54
54 55
55 56
56 57
57 58
58 59
59 60
60 61
61 62
62 63
63 64
64 65
65 66
66 67
67 68
68 69
69 70
70 71
71 72
72 73
73 74
74 75
75 76
76 77
77 78
78 79
79 80
80 81
81 82
82 83
83 84
84 85
85 86
86 87
87 88
88 89
89 90
90 91
91 92
92 93
93 94
94 95
95 96
96 97
97 98
98 99
99 100
100 101
101 102
102 103
103 104
104 105
105 106
106 107
107 108
108 109
109 110
110 111
111 112
112 113
113 114
114 115
115 116
116 117
117 118
118 119
119 120
120 121
121 122
122 123
123 124
124 125
125 126
126 127
127 128
128 129
129 130
130 131
131 132
132 133
133 134
134 135
135 136
136 137
137 138
138 139
139 140
140 141
141 142
142 143
143 144
144 145
145 146
146 147
147 148
148 149
149 150
150 151
151 152
152 153
153 154
154 155
155 156
156 157
157 158
158 159
159 160
160 161
161 162
162 163
163 164
164 165
165 166
166 167
167 168
168 169
169 170
170 171
171 172
172 173
173 174
174 175
175 176
176 177
177 178
178 179
179 180
180 181
181 182
182 183
183 184
184 185
185 186
186 187
187 188
188 189
189 190
190 191
191 192
192 193
193 194
194 195
195 196
196 197
197 198
198 199
199 200
200 201
201 202
202 203
203 204
204 205
205 206
206 207
207 208
208 209
209 210
210 211
211 212
212 213
213 214
214 215
215 216
216 217
217 218
218 219
219 220
220 221
221 222
222 223
223 224
224 225
225 226
226 227
227 228
228 229
229 230
230 231
231 232
232 233
233 234
234 235
235 236
236 237
237 238
238 239
239 240
240 241
241 242
242 243
243 244
244 245
245 246
246 247
247 248
248 249
249 250
250 251
251 252
252 253
253 254
254 255
255 256
256 257
257 258
258 259
259 260
260 261
261 262
262 263
263 264
264 265
265 266
266 267
267 268
268 269
269 270
270 271
271 272
272 273
273 274
274 275
275 276
276 277
277 278
278 279
279 280
280 281
281 282
282 283
283 284
284 285
285 286
286 287
287 288
288 289
289 290
290 291
291 292
292 293
293 294
294 295
295 296
296 297
297 298
298 299
299 300
300 301
301 302
302 303
303 304
304 305
305 306
306 307
307 308
308 309
309 310
310 311
311 312
312 313
313 314
314 315
315 316
316 317
317 318
318 319
319 320
320 321
321 322
322 323
323 324
324 325
325 326
326 327
327 328
328 329
329 330
330 331
331 332
332 333
333 334
334 335
335 336
336 337
337 338
338 339
339 340
340 341
341 342
342 343
343 344
344 345
345 346
346 347
347 348
348 349
349 350
350 351
351 352
352 353
353 354
354 355
355 356
356 357
357 358
358 359
359 360
360 361
361 362
362 363
363 364
364 365
365 366
366 367
367 368
368 369
369 370
370 371
371 372
372 373
373 374
374 375
375 376
376 377
377 378
378 379
379 380
380 381
381 382
382 383
383 384
384 385
385 386
386 387
387 388
388 389
389 390
390 391
391 392
392 393
393 394
394 395
395 396
396 397
397 398
398 399
399 400
400 401
401 402
402 403
403 404
404 405
405 406
406 407
407 408
408 409
409 410
410 411
411 412
412 413
413 414
414 415
415 416
416 417
417 418
418 419
419 420
420 421
421 422
422 423
423 424
424 425
425 426
426 427
427 428
428 429
429 430
430 431
431 432
432 433
433 434
434 435
435 436
436 437
437 438
438 439
439 440
440 441
441 442
442 443
443 444
444 445
445 446
446 447
447 448
448 449
449 450
450 451
451 452
452 453
453 454
454 455
455 456
456 457
457 458
458 459
459 460
491
389 465 54 207 206 390 163 121 370 165 126 220 481 349 363 195 467 384 371 300 267 487 477 17 119 209 58 167 457 367 373 325 83 414 75 50 145 144 261 369 356 41 27 358 62 299 14 49 97 210 117 254 225 293 284 483 72 64 65 136 466 324 130 459 230 282 305 486 257 406 31 388 316 276 441 372 449 148 10 152 270 131 364 312 484 172 344 192 211 85 374 248 294 453 444 203 244 275 407 402 116 399 418 222 118 78 44 221 208 387 409 67 380 18 52 201 259 346 393 199 385 35 56 124 190 122 112 91 242 176 219 489 103 329 437 277 340 114 226 310 283 285 456 33 454 166 427 330 104 451 431 447 382 297 296 395 251 314 470 332 445 95 320 309 125 147 478 38 82 455 343 452 26 357 327 183 234 142 77 100 391 76 213 151 239 69 258 436 279 194 361 71 108 308 159 394 245 341 24 73 86 438 247 328 101 491 375 193 336 249 212 215 322 353 88 123 105 434 295 351 51 250 334 321 360 224 490 113 342 158 303 160 16 218 127 120 132 232 266 59 301 61 102 425 396 66 34 9 106 8 471 216 28 352 20 57 15 269 362 413 313 217 365 472 45 419 178 265 63 12 347 429 326 331 291 366 473 345 462 397 170 241 181 338 155 22 302 281 475 428 229 476 202 43 410 355 187 411 271 177 1 81 243 135 272 383 403 290 420 377 392 150 252 149 461 23 186 47 94 141 359 430 415 191 200 446 137 173 381 417 188 153 93 304 196 424 482 426 228 99 260 412 87 111 278 379 280 264 198 488 240 433 55 263 354 460 115 46 400 79 262 287 168 458 422 174 315 29 386 60 109 36 53 368 274 3 4 333 440 189 306 169 134 442 311 323 143 337 292 318 40 398 25 156 378 205 182 404 227 171 133 89 32 138 335 179 469 246 376 423 92 164 348 96 5 19 231 107 70 139 317 6 286 184 39 298 185 110 464 80 90 223 253 463 439 13 154 235 448 273 255 468 74 236 319 408 140 157 339 180 197 214 405 432 401 479 84 268 350 416 11 129 7 450 256 146 128 2 162 42 443 68 485 233 474 98 421 289 48 175 21 237 204 480 238 37 161 435 307 30 288
1 2
2 3
3 4
4 5
5 6
6 7
7 8
8 9
9 10
10 11
11 12
12 13
13 14
14 15
15 16
16 17
17 18
18 19
19 20
20 21
21 22
22 23
23 24
24 25
25 26
26 27
27 28
28 29
29 30
30 31
31 32
32 33
33 34
34 35
35 36
36 37
37 38
38 39
39 40
40 41
41 42
42 43
43 44
44 45
45 46
46 47
47 48
48 49
49 50
50 51
51 52
52 53
53 54
54 55
55 56
56 57
57 58
58 59
59 60
60 61
61 62
62 63
63 64
64 65
65 66
66 67
67 68
68 69
69 70
70 71
71 72
72 73
73 74
74 75
75 76
76 77
77 78
78 79
79 80
80 81
81 82
82 83
83 84
84 85
85 86
86 87
87 88
88 89
89 90
90 91
91 92
92 93
93 94
94 95
95 96
96 97
97 98
98 99
99 100
100 101
101 102
102 103
103 104
104 105
105 106
106 107
107 108
108 109
109 110
110 111
111 112
112 113
113 114
114 115
115 116
116 117
117 118
118 119
119 120
120 121
121 122
122 123
123 124
124 125
125 126
126 127
127 128
128 129
129 130
130 131
131 132
132 133
133 134
134 135
135 136
136 137
137 138
138 139
139 140
140 141
141 142
142 143
143 144
144 145
145 146
146 147
147 148
148 149
149 150
150 151
151 152
152 153
153 154
154 155
155 156
156 157
157 158
158 159
159 160
160 161
161 162
162 163
163 164
164 165
165 166
166 167
167 168
168 169
169 170
170 171
171 172
172 173
173 174
174 175
175 176
176 177
177 178
178 179
179 180
180 181
181 182
182 183
183 184
184 185
185 186
186 187
187 188
188 189
189 190
190 191
191 192
192 193
193 194
194 195
195 196
196 197
197 198
198 199
199 200
200 201
201 202
202 203
203 204
204 205
205 206
206 207
207 208
208 209
209 210
210 211
211 212
212 213
213 214
214 215
215 216
216 217
217 218
218 219
219 220
220 221
221 222
222 223
223 224
224 225
225 226
226 227
227 228
228 229
229 230
230 231
231 232
232 233
233 234
234 235
235 236
236 237
237 238
238 239
239 240
240 241
241 242
242 243
243 244
244 245
245 246
246 247
247 248
248 249
249 250
250 251
251 252
252 253
253 254
254 255
255 256
256 257
257 258
258 259
259 260
260 261
261 262
262 263
263 264
264 265
265 266
266 267
267 268
268 269
269 270
270 271
271 272
272 273
273 274
274 275
275 276
276 277
277 278
278 279
279 280
280 281
281 282
282 283
283 284
284 285
285 286
286 287
287 288
288 289
289 290
290 291
291 292
292 293
293 294
294 295
295 296
296 297
297 298
298 299
299 300
300 301
301 302
302 303
303 304
304 305
305 306
306 307
307 308
308 309
309 310
310 311
311 312
312 313
313 314
314 315
315 316
316 317
317 318
318 319
319 320
320 321
321 322
322 323
323 324
324 325
325 326
326 327
327 328
328 329
329 330
330 331
331 332
332 333
333 334
334 335
335 336
336 337
337 338
338 339
339 340
340 341
341 342
342 343
343 344
344 345
345 346
346 347
347 348
348 349
349 350
350 351
351 352
352 353
353 354
354 355
355 356
356 357
357 358
358 359
359 360
360 361
361 362
362 363
363 364
364 365
365 366
366 367
367 368
368 369
369 370
370 371
371 372
372 373
373 374
374 375
375 376
376 377
377 378
378 379
379 380
380 381
381 382
382 383
383 384
384 385
385 386
386 387
387 388
388 389
389 390
390 391
391 392
392 393
393 394
394 395
395 396
396 397
397 398
398 399
399 400
400 401
401 402
402 403
403 404
404 405
405 406
406 407
407 408
408 409
409 410
410 411
411 412
412 413
413 414
414 415
415 416
416 417
417 418
418 419
419 420
420 421
421 422
422 423
423 424
424 425
425 426
426 427
427 428
428 429
429 430
430 431
431 432
432 433
433 434
434 435
435 436
436 437
437 438
438 439
439 440
440 441
441 442
442 443
443 444
444 445
445 446
446 447
447 448
448 449
449 450
450 451
451 452
452 453
453 454
454 455
455 456
456 457
457 458
458 459
459 460
460 461
461 462
462 463
463 464
464 465
465 466
466 467
467 468
468 469
469 470
470 471
471 472
472 473
473 474
474 475
475 476
476 477
477 478
478 479
479 480
480 481
481 482
482 483
483 484
484 485
485 486
486 487
487 488
488 489
489 490
490 491
499
419 226 472 188 306 3 176 46 125 405 280 157 57 55 33 465 136 105 84 429 331 89 4 237 349 174 379 497 12 74 225 304 77 279 381 215 353 233 342 116 442 354 131 388 11 103 375 209 212 377 10 385 397 481 228 308 17 70 169 164 387 284 30 476 153 224 447 53 5 470 297 325 2 313 471 300 229 440 234 421 464 108 272 143 197 365 144 479 485 273 262 60 287 140 64 357 78 361 171 161 403 433 15 216 426 416 492 44 56 9 91 418 333 420 360 111 106 202 451 382 217 8 248 160 97 311 205 193 100 219 114 498 296 208 343 110 206 124 317 376 389 76 477 183 446 26 181 69 265 54 109 240 268 438 92 283 412 369 370 460 230 65 42 330 441 141 13 257 483 335 20 148 175 384 489 23 310 213 189 322 428 210 242 123 390 408 147 63 351 115 329 431 165 250 50 36 432 318 184 49 423 167 309 235 401 232 52 231 162 363 118 499 98 195 87 151 493 251 156 445 368 444 27 260 434 121 6 295 355 192 411 371 407 180 239 340 81 414 39 494 380 395 101 258 170 168 302 496 422 344 107 367 454 166 122 73 409 274 221 256 474 314 19 179 356 443 200 475 249 113 399 391 34 18 51 25 37 117 261 252 291 324 424 120 93 417 347 491 186 328 158 155 48 99 450 214 24 38 378 281 86 75 72 495 339 332 255 90 104 303 430 128 129 227 182 294 95 427 366 269 112 246 45 172 374 134 191 159 43 149 393 31 244 319 207 338 410 449 307 135 320 59 150 346 293 196 327 326 259 352 7 198 66 79 130 487 211 163 96 28 270 305 41 254 203 245 204 119 341 348 102 362 364 298 458 241 133 413 467 323 301 415 455 398 392 394 185 67 480 459 243 80 468 14 402 321 177 187 289 68 146 145 126 201 478 285 1 236 404 275 190 199 448 47 337 178 345 85 292 238 359 463 488 439 490 358 473 350 290 62 218 61 452 94 71 142 462 406 247 22 482 223 263 484 316 456 334 127 220 132 194 276 137 425 372 466 386 486 299 457 312 29 383 83 264 88 21 266 267 315 336 453 173 282 396 139 58 286 16 469 277 271 152 154 138 278 436 40 400 32 373 222 435 437 288 253 35 461 82
1 2
2 3
3 4
4 5
5 6
6 7
7 8
8 9
9 10
10 11
11 12
12 13
13 14
14 15
15 16
16 17
17 18
18 19
19 20
20 21
21 22
22 23
23 24
24 25
25 26
26 27
27 28
28 29
29 30
30 31
31 32
32 33
33 34
34 35
35 36
36 37
37 38
38 39
39 40
40 41
41 42
42 43
43 44
44 45
45 46
46 47
47 48
48 49
49 50
50 51
51 52
52 53
53 54
54 55
55 56
56 57
57 58
58 59
59 60
60 61
61 62
62 63
63 64
64 65
65 66
66 67
67 68
68 69
69 70
70 71
71 72
72 73
73 74
74 75
75 76
76 77
77 78
78 79
79 80
80 81
81 82
82 83
83 84
84 85
85 86
86 87
87 88
88 89
89 90
90 91
91 92
92 93
93 94
94 95
95 96
96 97
97 98
98 99
99 100
100 101
101 102
102 103
103 104
104 105
105 106
106 107
107 108
108 109
109 110
110 111
111 112
112 113
113 114
114 115
115 116
116 117
117 118
118 119
119 120
120 121
121 122
122 123
123 124
124 125
125 126
126 127
127 128
128 129
129 130
130 131
131 132
132 133
133 134
134 135
135 136
136 137
137 138
138 139
139 140
140 141
141 142
142 143
143 144
144 145
145 146
146 147
147 148
148 149
149 150
150 151
151 152
152 153
153 154
154 155
155 156
156 157
157 158
158 159
159 160
160 161
161 162
162 163
163 164
164 165
165 166
166 167
167 168
168 169
169 170
170 171
171 172
172 173
173 174
174 175
175 176
176 177
177 178
178 179
179 180
180 181
181 182
182 183
183 184
184 185
185 186
186 187
187 188
188 189
189 190
190 191
191 192
192 193
193 194
194 195
195 196
196 197
197 198
198 199
199 200
200 201
201 202
202 203
203 204
204 205
205 206
206 207
207 208
208 209
209 210
210 211
211 212
212 213
213 214
214 215
215 216
216 217
217 218
218 219
219 220
220 221
221 222
222 223
223 224
224 225
225 226
226 227
227 228
228 229
229 230
230 231
231 232
232 233
233 234
234 235
235 236
236 237
237 238
238 239
239 240
240 241
241 242
242 243
243 244
244 245
245 246
246 247
247 248
248 249
249 250
250 251
251 252
252 253
253 254
254 255
255 256
256 257
257 258
258 259
259 260
260 261
261 262
262 263
263 264
264 265
265 266
266 267
267 268
268 269
269 270
270 271
271 272
272 273
273 274
274 275
275 276
276 277
277 278
278 279
279 280
280 281
281 282
282 283
283 284
284 285
285 286
286 287
287 288
288 289
289 290
290 291
291 292
292 293
293 294
294 295
295 296
296 297
297 298
298 299
299 300
300 301
301 302
302 303
303 304
304 305
305 306
306 307
307 308
308 309
309 310
310 311
311 312
312 313
313 314
314 315
315 316
316 317
317 318
318 319
319 320
320 321
321 322
322 323
323 324
324 325
325 326
326 327
327 328
328 329
329 330
330 331
331 332
332 333
333 334
334 335
335 336
336 337
337 338
338 339
339 340
340 341
341 342
342 343
343 344
344 345
345 346
346 347
347 348
348 349
349 350
350 351
351 352
352 353
353 354
354 355
355 356
356 357
357 358
358 359
359 360
360 361
361 362
362 363
363 364
364 365
365 366
366 367
367 368
368 369
369 370
370 371
371 372
372 373
373 374
374 375
375 376
376 377
377 378
378 379
379 380
380 381
381 382
382 383
383 384
384 385
385 386
386 387
387 388
388 389
389 390
390 391
391 392
392 393
393 394
394 395
395 396
396 397
397 398
398 399
399 400
400 401
401 402
402 403
403 404
404 405
405 406
406 407
407 408
408 409
409 410
410 411
411 412
412 413
413 414
414 415
415 416
416 417
417 418
418 419
419 420
420 421
421 422
422 423
423 424
424 425
425 426
426 427
427 428
428 429
429 430
430 431
431 432
432 433
433 434
434 435
435 436
436 437
437 438
438 439
439 440
440 441
441 442
442 443
443 444
444 445
445 446
446 447
447 448
448 449
449 450
450 451
451 452
452 453
453 454
454 455
455 456
456 457
457 458
458 459
459 460
460 461
461 462
462 463
463 464
464 465
465 466
466 467
467 468
468 469
469 470
470 471
471 472
472 473
473 474
474 475
475 476
476 477
477 478
478 479
479 480
480 481
481 482
482 483
483 484
484 485
485 486
486 487
487 488
488 489
489 490
490 491
491 492
492 493
493 494
494 495
495 496
496 497
497 498
498 499
464
263 314 348 28 317 318 208 270 141 336 155 179 447 433 95 25 49 192 322 292 386 220 17 366 133 320 210 243 150 121 287 226 93 177 268 76 321 119 134 84 290 97 379 394 87 160 250 296 309 23 407 249 71 98 20 259 441 328 74 271 69 33 262 377 29 406 256 111 362 43 372 289 166 127 180 66 375 457 329 415 162 417 94 99 175 278 31 120 421 257 311 383 107 265 246 376 264 211 280 431 235 437 148 146 326 139 50 234 293 255 205 370 171 390 151 398 130 385 440 384 225 319 132 333 341 217 349 165 355 403 221 438 176 200 351 313 65 168 183 378 142 51 286 203 188 455 430 279 281 195 170 388 239 432 291 135 57 335 207 261 169 306 178 4 353 2 338 30 420 137 106 439 358 7 191 461 359 138 399 244 129 435 331 219 325 26 300 342 274 55 357 202 104 400 40 387 303 373 10 393 241 369 427 213 324 459 164 143 161 108 364 37 152 96 315 297 392 442 229 411 12 299 444 304 102 367 53 269 389 193 332 196 206 343 429 354 233 216 451 402 52 77 347 145 199 236 73 275 44 72 240 452 228 8 344 86 81 224 418 190 194 197 109 371 185 356 231 454 90 167 238 38 405 118 5 305 251 227 272 189 284 204 456 308 34 70 230 223 298 172 186 124 215 117 112 15 248 92 63 339 91 365 464 295 18 11 46 462 67 283 425 101 260 36 9 446 198 147 64 412 237 409 187 105 247 56 360 381 45 68 125 374 346 282 350 136 1 159 39 301 413 302 60 158 83 404 316 352 361 140 254 181 401 113 448 307 422 174 78 368 16 458 79 209 450 380 89 419 449 114 436 14 116 337 214 252 245 340 395 75 182 345 19 323 312 428 382 397 232 21 156 157 453 201 32 58 424 416 173 363 131 54 285 149 267 13 61 27 426 253 294 153 443 123 408 276 396 48 277 42 391 62 163 82 414 423 258 184 47 6 35 154 445 115 222 122 144 88 273 41 22 24 334 330 266 460 327 85 80 3 410 126 103 288 242 128 463 218 100 59 110 310 212 434
1 2
2 3
3 4
4 5
5 6
6 7
7 8
8 9
9 10
10 11
11 12
12 13
13 14
14 15
15 16
16 17
17 18
18 19
19 20
20 21
21 22
22 23
23 24
24 25
25 26
26 27
27 28
28 29
29 30
30 31
31 32
32 33
33 34
34 35
35 36
36 37
37 38
38 39
39 40
40 41
41 42
42 43
43 44
44 45
45 46
46 47
47 48
48 49
49 50
50 51
51 52
52 53
53 54
54 55
55 56
56 57
57 58
58 59
59 60
60 61
61 62
62 63
63 64
64 65
65 66
66 67
67 68
68 69
69 70
70 71
71 72
72 73
73 74
74 75
75 76
76 77
77 78
78 79
79 80
80 81
81 82
82 83
83 84
84 85
85 86
86 87
87 88
88 89
89 90
90 91
91 92
92 93
93 94
94 95
95 96
96 97
97 98
98 99
99 100
100 101
101 102
102 103
103 104
104 105
105 106
106 107
107 108
108 109
109 110
110 111
111 112
112 113
113 114
114 115
115 116
116 117
117 118
118 119
119 120
120 121
121 122
122 123
123 124
124 125
125 126
126 127
127 128
128 129
129 130
130 131
131 132
132 133
133 134
134 135
135 136
136 137
137 138
138 139
139 140
140 141
141 142
142 143
143 144
144 145
145 146
146 147
147 148
148 149
149 150
150 151
151 152
152 153
153 154
154 155
155 156
156 157
157 158
158 159
159 160
160 161
161 162
162 163
163 164
164 165
165 166
166 167
167 168
168 169
169 170
170 171
171 172
172 173
173 174
174 175
175 176
176 177
177 178
178 179
179 180
180 181
181 182
182 183
183 184
184 185
185 186
186 187
187 188
188 189
189 190
190 191
191 192
192 193
193 194
194 195
195 196
196 197
197 198
198 199
199 200
200 201
201 202
202 203
203 204
204 205
205 206
206 207
207 208
208 209
209 210
210 211
211 212
212 213
213 214
214 215
215 216
216 217
217 218
218 219
219 220
220 221
221 222
222 223
223 224
224 225
225 226
226 227
227 228
228 229
229 230
230 231
231 232
232 233
233 234
234 235
235 236
236 237
237 238
238 239
239 240
240 241
241 242
242 243
243 244
244 245
245 246
246 247
247 248
248 249
249 250
250 251
251 252
252 253
253 254
254 255
255 256
256 257
257 258
258 259
259 260
260 261
261 262
262 263
263 264
264 265
265 266
266 267
267 268
268 269
269 270
270 271
271 272
272 273
273 274
274 275
275 276
276 277
277 278
278 279
279 280
280 281
281 282
282 283
283 284
284 285
285 286
286 287
287 288
288 289
289 290
290 291
291 292
292 293
293 294
294 295
295 296
296 297
297 298
298 299
299 300
300 301
301 302
302 303
303 304
304 305
305 306
306 307
307 308
308 309
309 310
310 311
311 312
312 313
313 314
314 315
315 316
316 317
317 318
318 319
319 320
320 321
321 322
322 323
323 324
324 325
325 326
326 327
327 328
328 329
329 330
330 331
331 332
332 333
333 334
334 335
335 336
336 337
337 338
338 339
339 340
340 341
341 342
342 343
343 344
344 345
345 346
346 347
347 348
348 349
349 350
350 351
351 352
352 353
353 354
354 355
355 356
356 357
357 358
358 359
359 360
360 361
361 362
362 363
363 364
364 365
365 366
366 367
367 368
368 369
369 370
370 371
371 372
372 373
373 374
374 375
375 376
376 377
377 378
378 379
379 380
380 381
381 382
382 383
383 384
384 385
385 386
386 387
387 388
388 389
389 390
390 391
391 392
392 393
393 394
394 395
395 396
396 397
397 398
398 399
399 400
400 401
401 402
402 403
403 404
404 405
405 406
406 407
407 408
408 409
409 410
410 411
411 412
412 413
413 414
414 415
415 416
416 417
417 418
418 419
419 420
420 421
421 422
422 423
423 424
424 425
425 426
426 427
427 428
428 429
429 430
430 431
431 432
432 433
433 434
434 435
435 436
436 437
437 438
438 439
439 440
440 441
441 442
442 443
443 444
444 445
445 446
446 447
447 448
448 449
449 450
450 451
451 452
452 453
453 454
454 455
455 456
456 457
457 458
458 459
459 460
460 461
461 462
462 463
463 464
454
284 64 260 226 44 408 2 68 197 254 311 9 307 186 346 343 434 99 309 370 134 77 397 275 144 173 76 46 14 5 391 350 399 427 409 271 259 236 118 35 446 169 305 203 112 386 135 310 42 177 362 268 291 321 429 360 278 176 412 257 111 151 282 206 365 110 281 82 265 8 192 445 63 207 72 96 81 248 25 160 267 433 313 287 299 39 436 71 155 153 56 213 182 273 16 23 401 180 175 258 364 326 100 217 32 256 303 381 45 392 161 157 270 301 164 293 97 3 190 283 127 209 340 12 125 84 130 410 317 167 142 101 67 195 421 406 66 168 272 201 295 31 34 137 140 146 403 440 416 139 178 339 65 243 344 61 384 389 38 51 454 194 308 150 424 240 149 297 374 414 19 358 80 376 79 183 425 380 393 132 439 138 87 242 356 234 442 122 30 121 214 443 33 53 129 330 331 263 438 395 368 85 448 59 290 351 250 357 449 233 18 50 396 444 193 119 255 69 377 452 57 102 314 228 302 266 224 361 227 413 70 74 355 332 262 52 451 324 114 353 88 407 106 181 385 29 375 245 13 170 171 306 239 108 54 264 285 163 55 166 437 232 371 277 420 128 336 345 235 238 276 382 174 133 372 366 221 147 159 292 116 40 62 402 143 107 98 187 246 441 280 432 219 404 229 349 37 73 152 296 435 450 387 26 230 89 75 341 94 453 86 200 388 141 22 215 359 109 28 253 10 179 104 158 300 286 189 426 394 428 338 185 298 222 124 347 208 244 369 261 198 274 241 327 105 136 354 335 249 148 378 319 328 191 15 90 211 20 431 120 325 1 334 379 204 131 252 312 36 294 113 218 405 117 342 95 304 237 333 417 418 279 172 103 17 212 184 348 202 373 21 49 78 419 27 41 320 210 162 269 24 216 220 352 288 411 4 398 156 390 383 318 188 199 145 47 58 415 316 289 423 422 247 363 92 367 43 126 231 205 323 7 251 154 11 48 93 329 337 400 6 315 83 322 115 430 91 165 223 60 196 123 447 225
1 2
2 3
3 4
4 5
5 6
6 7
7 8
8 9
9 10
10 11
11 12
12 13
13 14
14 15
15 16
16 17
17 18
18 19
19 20
20 21
21 22
22 23
23 24
24 25
25 26
26 27
27 28
28 29
29 30
30 31
31 32
32 33
33 34
34 35
35 36
36 37
37 38
38 39
39 40
40 41
41 42
42 43
43 44
44 45
45 46
46 47
47 48
48 49
49 50
50 51
51 52
52 53
53 54
54 55
55 56
56 57
57 58
58 59
59 60
60 61
61 62
62 63
63 64
64 65
65 66
66 67
67 68
68 69
69 70
70 71
71 72
72 73
73 74
74 75
75 76
76 77
77 78
78 79
79 80
80 81
81 82
82 83
83 84
84 85
85 86
86 87
87 88
88 89
89 90
90 91
91 92
92 93
93 94
94 95
95 96
96 97
97 98
98 99
99 100
100 101
101 102
102 103
103 104
104 105
105 106
106 107
107 108
108 109
109 110
110 111
111 112
112 113
113 114
114 115
115 116
116 117
117 118
118 119
119 120
120 121
121 122
122 123
123 124
124 125
125 126
126 127
127 128
128 129
129 130
130 131
131 132
132 133
133 134
134 135
135 136
136 137
137 138
138 139
139 140
140 141
141 142
142 143
143 144
144 145
145 146
146 147
147 148
148 149
149 150
150 151
151 152
152 153
153 154
154 155
155 156
156 157
157 158
158 159
159 160
160 161
161 162
162 163
163 164
164 165
165 166
166 167
167 168
168 169
169 170
170 171
171 172
172 173
173 174
174 175
175 176
176 177
177 178
178 179
179 180
180 181
181 182
182 183
183 184
184 185
185 186
186 187
187 188
188 189
189 190
190 191
191 192
192 193
193 194
194 195
195 196
196 197
197 198
198 199
199 200
200 201
201 202
202 203
203 204
204 205
205 206
206 207
207 208
208 209
209 210
210 211
211 212
212 213
213 214
214 215
215 216
216 217
217 218
218 219
219 220
220 221
221 222
222 223
223 224
224 225
225 226
226 227
227 228
228 229
229 230
230 231
231 232
232 233
233 234
234 235
235 236
236 237
237 238
238 239
239 240
240 241
241 242
242 243
243 244
244 245
245 246
246 247
247 248
248 249
249 250
250 251
251 252
252 253
253 254
254 255
255 256
256 257
257 258
258 259
259 260
260 261
261 262
262 263
263 264
264 265
265 266
266 267
267 268
268 269
269 270
270 271
271 272
272 273
273 274
274 275
275 276
276 277
277 278
278 279
279 280
280 281
281 282
282 283
283 284
284 285
285 286
286 287
287 288
288 289
289 290
290 291
291 292
292 293
293 294
294 295
295 296
296 297
297 298
298 299
299 300
300 301
301 302
302 303
303 304
304 305
305 306
306 307
307 308
308 309
309 310
310 311
311 312
312 313
313 314
314 315
315 316
316 317
317 318
318 319
319 320
320 321
321 322
322 323
323 324
324 325
325 326
326 327
327 328
328 329
329 330
330 331
331 332
332 333
333 334
334 335
335 336
336 337
337 338
338 339
339 340
340 341
341 342
342 343
343 344
344 345
345 346
346 347
347 348
348 349
349 350
350 351
351 352
352 353
353 354
354 355
355 356
356 357
357 358
358 359
359 360
360 361
361 362
362 363
363 364
364 365
365 366
366 367
367 368
368 369
369 370
370 371
371 372
372 373
373 374
374 375
375 376
376 377
377 378
378 379
379 380
380 381
381 382
382 383
383 384
384 385
385 386
386 387
387 388
388 389
389 390
390 391
391 392
392 393
393 394
394 395
395 396
396 397
397 398
398 399
399 400
400 401
401 402
402 403
403 404
404 405
405 406
406 407
407 408
408 409
409 410
410 411
411 412
412 413
413 414
414 415
415 416
416 417
417 418
418 419
419 420
420 421
421 422
422 423
423 424
424 425
425 426
426 427
427 428
428 429
429 430
430 431
431 432
432 433
433 434
434 435
435 436
436 437
437 438
438 439
439 440
440 441
441 442
442 443
443 444
444 445
445 446
446 447
447 448
448 449
449 450
450 451
451 452
452 453
453 454
486
416 160 356 159 111 403 161 481 106 446 164 422 464 38 88 107 443 303 234 423 55 162 191 309 484 91 425 479 178 109 335 322 18 223 53 458 29 188 17 466 23 253 371 138 172 251 26 323 56 334 21 36 168 401 149 84 313 471 186 209 269 305 110 408 405 346 426 219 436 393 298 441 291 7 418 74 388 65 208 316 99 374 217 104 391 461 417 204 115 384 142 202 404 394 67 27 460 256 229 230 120 428 400 199 100 197 183 218 410 327 445 70 437 468 80 73 141 42 240 2 300 166 233 292 438 9 192 69 338 273 383 406 45 153 119 118 362 43 271 376 476 344 212 321 372 353 485 364 385 439 336 227 41 59 3 98 58 411 409 342 78 185 349 81 369 463 125 19 32 341 72 180 453 295 241 150 348 329 281 268 359 318 347 314 459 317 367 242 49 332 226 214 175 350 326 378 221 232 6 205 231 179 379 196 263 277 243 22 85 257 377 387 96 301 46 16 296 124 228 215 306 370 248 266 129 50 127 4 136 79 473 414 151 302 105 54 419 117 328 254 239 126 94 206 133 337 308 8 286 167 173 210 265 31 201 304 130 145 92 40 365 382 435 114 147 454 139 386 354 320 380 148 399 293 238 430 194 375 171 184 63 340 395 103 135 360 71 64 264 193 33 482 101 174 287 35 447 77 236 207 14 28 163 152 34 288 278 449 467 252 250 132 345 477 249 427 131 402 62 83 279 282 24 420 51 86 113 25 262 95 480 434 211 396 244 429 60 276 474 11 128 448 89 258 187 48 283 237 470 325 431 433 122 155 20 102 1 421 260 452 190 297 235 10 259 440 137 310 157 472 68 351 355 75 112 299 220 156 284 246 456 381 87 413 57 37 315 290 280 195 170 457 165 478 123 450 339 5 331 47 44 412 97 158 12 66 357 483 176 255 368 144 225 39 30 392 146 203 270 200 294 154 213 245 289 424 319 324 177 108 415 61 455 285 121 451 261 486 311 93 361 116 343 15 373 216 465 76 140 198 307 469 267 169 389 398 462 363 143 333 475 224 432 366 13 444 82 352 275 442 312 407 222 330 272 189 181 390 90 134 52 397 358 247 274 182
1 2
2 3
3 4
4 5
5 6
6 7
7 8
8 9
9 10
10 11
11 12
12 13
13 14
14 15
15 16
16 17
17 18
18 19
19 20
20 21
21 22
22 23
23 24
24 25
25 26
26 27
27 28
28 29
29 30
30 31
31 32
32 33
33 34
34 35
35 36
36 37
37 38
38 39
39 40
40 41
41 42
42 43
43 44
44 45
45 46
46 47
47 48
48 49
49 50
50 51
51 52
52 53
53 54
54 55
55 56
56 57
57 58
58 59
59 60
60 61
61 62
62 63
63 64
64 65
65 66
66 67
67 68
68 69
69 70
70 71
71 72
72 73
73 74
74 75
75 76
76 77
77 78
78 79
79 80
80 81
81 82
82 83
83 84
84 85
85 86
86 87
87 88
88 89
89 90
90 91
91 92
92 93
93 94
94 95
95 96
96 97
97 98
98 99
99 100
100 101
101 102
102 103
103 104
104 105
105 106
106 107
107 108
108 109
109 110
110 111
111 112
112 113
113 114
114 115
115 116
116 117
117 118
118 119
119 120
120 121
121 122
122 123
123 124
124 125
125 126
126 127
127 128
128 129
129 130
130 131
131 132
132 133
133 134
134 135
135 136
136 137
137 138
138 139
139 140
140 141
141 142
142 143
143 144
144 145
145 146
146 147
147 148
148 149
149 150
150 151
151 152
152 153
153 154
154 155
155 156
156 157
157 158
158 159
159 160
160 161
161 162
162 163
163 164
164 165
165 166
166 167
167 168
168 169
169 170
170 171
171 172
172 173
173 174
174 175
175 176
176 177
177 178
178 179
179 180
180 181
181 182
182 183
183 184
184 185
185 186
186 187
187 188
188 189
189 190
190 191
191 192
192 193
193 194
194 195
195 196
196 197
197 198
198 199
199 200
200 201
201 202
202 203
203 204
204 205
205 206
206 207
207 208
208 209
209 210
210 211
211 212
212 213
213 214
214 215
215 216
216 217
217 218
218 219
219 220
220 221
221 222
222 223
223 224
224 225
225 226
226 227
227 228
228 229
229 230
230 231
231 232
232 233
233 234
234 235
235 236
236 237
237 238
238 239
239 240
240 241
241 242
242 243
243 244
244 245
245 246
246 247
247 248
248 249
249 250
250 251
251 252
252 253
253 254
254 255
255 256
256 257
257 258
258 259
259 260
260 261
261 262
262 263
263 264
264 265
265 266
266 267
267 268
268 269
269 270
270 271
271 272
272 273
273 274
274 275
275 276
276 277
277 278
278 279
279 280
280 281
281 282
282 283
283 284
284 285
285 286
286 287
287 288
288 289
289 290
290 291
291 292
292 293
293 294
294 295
295 296
296 297
297 298
298 299
299 300
300 301
301 302
302 303
303 304
304 305
305 306
306 307
307 308
308 309
309 310
310 311
311 312
312 313
313 314
314 315
315 316
316 317
317 318
318 319
319 320
320 321
321 322
322 323
323 324
324 325
325 326
326 327
327 328
328 329
329 330
330 331
331 332
332 333
333 334
334 335
335 336
336 337
337 338
338 339
339 340
340 341
341 342
342 343
343 344
344 345
345 346
346 347
347 348
348 349
349 350
350 351
351 352
352 353
353 354
354 355
355 356
356 357
357 358
358 359
359 360
360 361
361 362
362 363
363 364
364 365
365 366
366 367
367 368
368 369
369 370
370 371
371 372
372 373
373 374
374 375
375 376
376 377
377 378
378 379
379 380
380 381
381 382
382 383
383 384
384 385
385 386
386 387
387 388
388 389
389 390
390 391
391 392
392 393
393 394
394 395
395 396
396 397
397 398
398 399
399 400
400 401
401 402
402 403
403 404
404 405
405 406
406 407
407 408
408 409
409 410
410 411
411 412
412 413
413 414
414 415
415 416
416 417
417 418
418 419
419 420
420 421
421 422
422 423
423 424
424 425
425 426
426 427
427 428
428 429
429 430
430 431
431 432
432 433
433 434
434 435
435 436
436 437
437 438
438 439
439 440
440 441
441 442
442 443
443 444
444 445
445 446
446 447
447 448
448 449
449 450
450 451
451 452
452 453
453 454
454 455
455 456
456 457
457 458
458 459
459 460
460 461
461 462
462 463
463 464
464 465
465 466
466 467
467 468
468 469
469 470
470 471
471 472
472 473
473 474
474 475
475 476
476 477
477 478
478 479
479 480
480 481
481 482
482 483
483 484
484 485
485 486
