10
151
144 123 3 30 82 125 25 31 110 14 134 148 47 21 32 90 127 86 54 77 8 55 28 138 150 29 146 22 50 78 67 132 83 131 117 79 61 64 111 60 43 75 113 4 7 46 72 100 89 119 122 133 80 42 44 40 135 65 101 130 1 5 112 13 136 10 24 74 36 109 16 39 104 33 57 118 6 114 9 116 124 41 19 94 85 52 38 145 49 107 91 27 56 59 121 106 128 63 12 105 147 95 34 99 84 37 151 35 2 11 73 92 97 58 23 62 102 70 141 149 139 93 20 108 120 103 129 140 76 45 53 48 69 17 143 26 96 88 51 142 98 126 115 87 68 18 81 71 137 15 66
1 2
1 62
1 63
1 64
1 65
1 66
1 67
1 68
1 69
1 70
1 71
1 72
1 73
1 74
1 75
1 76
1 77
1 78
1 79
1 80
1 81
1 82
1 83
1 84
1 85
1 86
1 87
1 88
1 89
1 90
1 91
1 92
1 93
1 94
1 95
1 96
1 97
1 98
1 99
1 100
1 101
1 102
1 103
1 104
1 105
1 106
1 107
1 108
1 109
1 110
1 111
1 112
1 113
2 3
3 4
4 5
4 124
4 141
5 6
5 140
6 7
7 8
8 9
9 10
10 11
10 118
11 12
11 114
12 13
13 14
14 15
14 131
15 16
16 17
17 18
18 19
19 20
19 117
20 21
21 22
21 150
22 23
23 24
24 25
25 26
26 27
27 28
28 29
29 30
29 132
30 31
31 32
31 128
32 33
32 134
33 34
34 35
35 36
36 37
37 38
38 39
39 40
40 41
41 42
42 43
42 146
43 44
44 45
45 46
46 47
46 137
47 48
48 49
49 50
50 51
51 52
52 53
53 54
54 55
55 56
55 125
56 57
57 58
57 138
58 59
59 60
59 115
60 61
62 123
63 122
73 127
75 151
80 116
91 119
93 135
97 120
98 139
102 126
102 130
103 136
104 143
105 142
106 121
112 144
119 148
123 133
128 129
128 149
141 145
144 147
149
102 129 124 55 53 34 65 46 80 64 73 92 114 32 140 39 134 96 45 75 13 51 115 56 57 62 66 49 29 137 38 12 103 43 70 59 138 2 122 118 110 116 22 16 136 85 47 18 20 123 35 24 121 99 79 67 128 33 37 83 145 88 42 104 68 25 126 4 89 19 101 10 106 117 28 149 84 58 54 97 61 69 1 3 93 6 131 27 111 132 72 15 112 81 120 40 143 14 109 36 94 141 41 21 31 113 105 127 63 95 23 74 108 50 77 146 44 91 90 7 9 142 26 125 48 147 71 87 144 119 107 52 100 17 76 82 11 8 98 135 5 78 130 86 133 148 30 60 139
1 2
1 61
1 62
1 63
1 64
1 65
1 66
1 67
1 68
1 69
1 70
1 71
1 72
1 73
1 74
1 75
1 76
1 77
1 78
1 79
1 80
1 81
1 82
1 83
1 84
1 85
1 86
1 87
1 88
1 89
1 90
1 91
1 92
1 93
1 94
1 95
1 96
1 97
1 98
1 99
1 100
1 101
1 102
1 103
1 104
1 105
1 106
1 107
1 108
1 109
1 110
1 111
2 3
3 4
4 5
5 6
6 7
7 8
8 9
9 10
10 11
11 12
12 13
13 14
14 15
14 114
14 131
14 132
15 16
16 17
16 123
17 18
18 19
19 20
20 21
21 22
21 120
21 146
22 23
23 24
24 25
25 26
26 27
27 28
28 29
29 30
30 31
30 121
31 32
32 33
33 34
34 35
34 113
34 119
35 36
35 142
36 37
37 38
37 134
38 39
38 118
39 40
39 149
40 41
41 42
42 43
43 44
44 45
45 46
46 47
47 48
47 116
48 49
49 50
49 128
50 51
51 52
52 53
53 54
53 133
54 55
55 56
56 57
57 58
58 59
59 60
60 115
62 137
63 112
64 143
66 145
74 148
75 138
79 129
90 140
95 122
95 130
101 135
103 136
105 124
114 117
114 127
116 126
118 144
123 125
126 141
138 139
144 147
159
63 108 80 157 126 16 140 139 45 136 18 98 31 117 138 25 123 93 58 76 34 132 37 115 24 127 112 68 146 109 94 137 133 17 22 121 158 35 5 131 99 7 143 156 85 145 32 12 55 118 119 120 96 40 54 69 89 88 124 84 91 150 77 20 114 27 113 79 122 65 19 110 154 149 86 2 26 116 142 48 10 73 144 67 95 9 129 4 39 155 11 92 128 28 46 71 15 72 49 66 153 75 3 103 6 61 41 36 81 100 105 130 8 148 97 78 87 159 82 107 106 13 14 70 125 60 90 57 74 104 53 59 102 38 30 21 151 42 64 56 51 147 134 50 83 111 52 141 152 23 1 101 62 47 135 33 44 43 29
1 2
1 65
1 66
1 67
1 68
1 69
1 70
1 71
1 72
1 73
1 74
1 75
1 76
1 77
1 78
1 79
1 80
1 81
1 82
1 83
1 84
1 85
1 86
1 87
1 88
1 89
1 90
1 91
1 92
1 93
1 94
1 95
1 96
1 97
1 98
1 99
1 100
1 101
1 102
1 103
1 104
1 105
1 106
1 107
1 108
1 109
1 110
1 111
1 112
1 113
1 114
1 115
1 116
1 117
1 118
1 119
2 3
3 4
4 5
4 150
5 6
6 7
7 8
7 124
8 9
9 10
10 11
11 12
12 13
13 14
13 148
14 15
15 16
15 137
16 17
17 18
17 149
18 19
19 20
19 128
19 140
20 21
21 22
22 23
23 24
23 120
24 25
24 139
25 26
26 27
26 145
27 28
28 29
29 30
29 156
30 31
31 32
32 33
33 34
34 35
35 36
36 37
36 123
37 38
38 39
39 40
40 41
41 42
42 43
43 44
43 154
44 45
44 126
45 46
46 47
46 135
47 48
47 143
48 49
49 50
50 51
51 52
52 53
53 54
54 55
55 56
56 57
56 121
57 58
57 158
58 59
59 60
60 61
60 153
61 62
62 63
63 64
64 129
65 159
71 144
84 122
87 127
94 147
95 125
95 151
100 146
101 157
102 132
102 134
107 141
108 131
113 133
116 155
120 136
125 130
128 138
132 142
149 152
148
12 10 97 20 13 62 43 72 108 73 118 80 41 101 91 84 48 74 33 24 98 75 6 65 90 147 99 87 100 95 26 23 110 70 125 38 89 5 30 102 1 146 54 53 130 17 59 64 22 58 16 66 140 15 9 134 47 109 40 85 45 77 83 143 135 11 71 21 27 112 115 55 106 111 35 113 117 121 78 138 144 92 50 137 145 107 96 126 36 61 116 76 31 25 63 3 68 136 104 123 120 67 69 7 52 132 79 114 18 122 133 86 128 29 105 51 127 39 4 8 60 119 94 34 141 49 42 28 131 88 19 148 32 93 44 46 124 37 142 2 57 81 82 139 56 103 14 129
1 2
1 60
1 61
1 62
1 63
1 64
1 65
1 66
1 67
1 68
1 69
1 70
1 71
1 72
1 73
1 74
1 75
1 76
1 77
1 78
1 79
1 80
1 81
1 82
1 83
1 84
1 85
1 86
1 87
1 88
1 89
1 90
1 91
1 92
1 93
1 94
1 95
1 96
1 97
1 98
1 99
1 100
1 101
1 102
1 103
1 104
1 105
1 106
1 107
1 108
1 109
1 110
2 3
2 114
2 142
3 4
4 5
5 6
6 7
6 127
7 8
7 131
8 9
8 113
9 10
10 11
11 12
12 13
13 14
13 133
14 15
15 16
16 17
16 111
17 18
18 19
19 20
20 21
21 22
22 23
22 144
23 24
23 123
24 25
24 121
25 26
25 125
26 27
27 28
28 29
29 30
30 31
31 32
31 143
32 33
33 34
34 35
35 36
36 37
37 38
38 39
38 129
39 40
40 41
40 119
40 122
41 42
41 124
42 43
43 44
44 45
45 46
46 47
47 48
48 49
49 50
50 51
51 52
52 53
53 54
53 130
54 55
55 56
56 57
57 58
58 59
62 115
63 136
66 140
71 128
74 126
75 120
75 139
76 112
77 117
79 138
87 132
87 147
90 145
94 135
99 148
111 116
113 118
114 137
117 146
123 134
140 141
147
142 141 32 57 23 94 130 133 62 143 73 146 37 33 34 137 102 131 27 60 41 71 25 134 139 136 129 90 56 113 67 61 83 124 69 63 117 105 79 114 147 110 3 135 92 38 40 36 2 6 35 112 10 15 72 74 116 122 97 39 47 82 75 99 49 21 52 12 24 44 54 125 53 118 86 68 5 95 58 42 127 30 31 140 26 64 18 87 108 93 43 22 126 84 111 109 77 104 107 115 66 101 16 20 98 120 28 4 65 11 48 59 128 81 51 7 55 50 119 29 121 132 78 96 9 80 1 88 100 144 89 46 14 103 76 85 8 19 138 45 106 145 91 70 123 17 13
1 2
1 60
1 61
1 62
1 63
1 64
1 65
1 66
1 67
1 68
1 69
1 70
1 71
1 72
1 73
1 74
1 75
1 76
1 77
1 78
1 79
1 80
1 81
1 82
1 83
1 84
1 85
1 86
1 87
1 88
1 89
1 90
1 91
1 92
1 93
1 94
1 95
1 96
1 97
1 98
1 99
1 100
1 101
1 102
1 103
1 104
1 105
1 106
1 107
1 108
1 109
1 110
2 3
3 4
3 131
4 5
5 6
6 7
6 130
6 147
7 8
8 9
9 10
10 11
10 129
11 12
12 13
13 14
14 15
15 16
16 17
17 18
18 19
19 20
19 136
20 21
21 22
22 23
23 24
24 25
25 26
26 27
27 28
27 134
28 29
29 30
30 31
31 32
32 33
32 112
33 34
34 35
35 36
36 37
37 38
38 39
38 118
39 40
40 41
41 42
42 43
42 138
43 44
44 45
45 46
46 47
47 48
48 49
48 115
49 50
50 51
50 139
51 52
52 53
53 54
53 135
53 143
54 55
55 56
56 57
56 133
56 145
57 58
58 59
60 144
64 119
64 124
64 141
67 125
72 116
74 117
74 140
79 126
79 127
90 128
90 137
93 121
93 146
94 111
98 113
101 132
105 120
110 114
120 123
121 122
127 142
155
126 72 64 133 76 77 7 9 138 21 53 68 26 102 106 107 4 19 54 104 31 73 27 46 101 100 81 22 12 135 70 51 29 18 75 66 74 33 108 146 91 122 130 111 149 88 105 11 61 83 50 48 28 144 20 15 143 127 13 43 114 39 2 115 92 17 95 139 10 38 131 96 119 34 82 112 151 145 60 89 93 67 71 35 153 30 37 62 32 24 42 103 65 110 141 40 52 59 148 118 8 124 109 117 3 99 23 125 142 86 132 98 136 97 55 1 58 49 116 113 78 134 5 6 128 57 85 152 36 14 129 121 79 16 47 120 56 123 84 69 137 41 154 150 87 63 45 94 25 140 90 80 147 44 155
1 2
1 63
1 64
1 65
1 66
1 67
1 68
1 69
1 70
1 71
1 72
1 73
1 74
1 75
1 76
1 77
1 78
1 79
1 80
1 81
1 82
1 83
1 84
1 85
1 86
1 87
1 88
1 89
1 90
1 91
1 92
1 93
1 94
1 95
1 96
1 97
1 98
1 99
1 100
1 101
1 102
1 103
1 104
1 105
1 106
1 107
1 108
1 109
1 110
1 111
1 112
1 113
1 114
1 115
1 152
2 3
3 4
4 5
5 6
6 7
7 8
8 9
9 10
10 11
11 12
12 13
12 139
13 14
13 124
13 134
13 150
14 15
15 16
16 17
17 18
17 131
18 19
18 144
19 20
20 21
21 22
22 23
22 129
23 24
24 25
25 26
25 133
26 27
26 119
27 28
28 29
29 30
30 31
31 32
32 33
33 34
34 35
34 132
35 36
36 37
37 38
38 39
39 40
39 126
39 148
40 41
41 42
41 138
41 146
42 43
43 44
44 45
45 46
46 47
47 48
48 49
48 137
48 155
49 50
50 51
51 52
51 128
52 53
52 117
53 54
54 55
54 120
55 56
56 57
57 58
58 59
59 60
60 61
61 62
61 135
64 116
67 145
77 143
82 141
84 118
84 125
91 122
91 142
95 140
107 121
113 127
116 123
120 149
121 130
124 153
129 151
130 136
131 154
143 147
154
151 25 98 153 80 101 54 124 147 21 134 87 143 144 46 26 121 61 122 49 130 142 7 17 127 78 36 89 50 60 52 118 67 48 85 1 137 108 95 88 56 126 149 150 19 154 33 43 76 102 115 148 64 32 140 38 58 70 103 128 145 4 65 141 63 39 15 11 84 2 27 99 41 86 97 47 105 132 110 16 53 68 119 13 81 31 55 12 100 69 90 138 112 79 133 92 77 71 146 113 74 57 35 129 29 136 14 28 152 24 104 107 18 111 23 72 131 66 125 91 5 82 3 30 106 116 9 6 94 44 37 117 40 93 73 109 42 135 75 120 114 34 123 8 83 139 51 22 45 59 10 96 62 20
1 2
1 63
1 64
1 65
1 66
1 67
1 68
1 69
1 70
1 71
1 72
1 73
1 74
1 75
1 76
1 77
1 78
1 79
1 80
1 81
1 82
1 83
1 84
1 85
1 86
1 87
1 88
1 89
1 90
1 91
1 92
1 93
1 94
1 95
1 96
1 97
1 98
1 99
1 100
1 101
1 102
1 103
1 104
1 105
1 106
1 107
1 108
1 109
1 110
1 111
1 112
1 113
1 114
1 115
2 3
2 147
3 4
4 5
5 6
6 7
7 8
8 9
9 10
10 11
11 12
11 135
12 13
13 14
14 15
14 124
15 16
16 17
17 18
17 136
18 19
19 20
20 21
21 22
21 125
21 143
21 151
22 23
23 24
24 25
25 26
26 27
26 120
27 28
28 29
29 30
30 31
31 32
32 33
33 34
34 35
35 36
36 37
36 129
37 38
38 39
39 40
39 118
40 41
41 42
42 43
43 44
43 116
44 45
45 46
45 132
46 47
47 48
48 49
48 119
49 50
49 126
49 130
50 51
51 52
52 53
53 54
53 131
53 137
54 55
54 128
55 56
56 57
57 58
58 59
58 134
59 60
60 61
60 153
61 62
64 117
66 150
71 138
72 142
74 123
76 122
80 152
84 141
86 139
97 149
100 148
103 121
104 154
109 140
116 127
118 133
135 145
140 144
140 146
145
78 12 132 40 139 95 100 121 39 1 58 6 41 68 142 113 7 57 32 143 5 94 80 52 106 96 141 123 105 134 51 109 44 23 98 49 2 73 119 21 128 28 75 91 67 42 29 140 30 124 79 14 15 89 133 47 66 122 70 61 25 72 76 50 81 88 17 31 144 90 37 126 45 56 71 83 60 64 145 87 97 111 48 13 3 33 65 136 26 131 22 11 103 62 129 135 8 115 101 34 9 19 46 117 112 114 55 74 108 86 85 27 138 137 16 107 38 54 35 125 20 130 43 92 110 84 120 104 63 99 69 77 59 102 53 93 118 18 127 36 24 116 82 10 4
1 2
1 59
1 60
1 61
1 62
1 63
1 64
1 65
1 66
1 67
1 68
1 69
1 70
1 71
1 72
1 73
1 74
1 75
1 76
1 77
1 78
1 79
1 80
1 81
1 82
1 83
1 84
1 85
1 86
1 87
1 88
1 89
1 90
1 91
1 92
1 93
1 94
1 95
1 96
1 97
1 98
1 99
1 100
1 101
1 102
1 103
1 104
1 105
1 106
1 107
1 108
2 3
3 4
4 5
4 126
5 6
6 7
7 8
8 9
8 127
9 10
9 112
10 11
10 121
11 12
12 13
12 124
13 14
13 123
14 15
15 16
16 17
16 128
17 18
17 135
18 19
19 20
20 21
20 117
21 22
22 23
23 24
23 109
24 25
25 26
26 27
26 136
27 28
27 116
28 29
29 30
29 113
30 31
31 32
31 129
32 33
33 34
34 35
35 36
36 37
37 38
38 39
39 40
39 120
40 41
41 42
42 43
43 44
44 45
45 46
46 47
47 48
48 49
49 50
50 51
50 114
51 52
52 53
53 54
54 55
54 139
55 56
56 57
57 58
57 122
68 118
70 138
77 115
77 134
77 141
79 143
80 125
83 130
84 142
87 132
95 110
97 111
105 133
107 137
107 144
116 119
128 131
137 140
144 145
153
31 32 20 103 1 113 54 105 122 152 112 133 57 55 121 108 76 13 117 24 51 66 14 40 18 94 119 38 6 58 44 96 21 136 64 53 41 48 26 42 92 33 63 145 130 56 138 78 146 126 83 62 99 50 131 28 95 3 27 2 84 114 123 34 129 46 8 85 22 77 116 15 132 10 151 137 11 16 30 39 148 118 59 45 149 93 102 65 4 127 9 61 52 111 80 17 150 74 12 73 125 29 23 100 72 109 35 82 71 144 75 97 70 43 101 98 106 134 69 88 153 139 60 143 86 128 81 37 110 49 90 124 135 68 87 91 115 142 89 5 141 67 7 25 79 120 104 107 36 140 147 47 19
1 2
1 62
1 63
1 64
1 65
1 66
1 67
1 68
1 69
1 70
1 71
1 72
1 73
1 74
1 75
1 76
1 77
1 78
1 79
1 80
1 81
1 82
1 83
1 84
1 85
1 86
1 87
1 88
1 89
1 90
1 91
1 92
1 93
1 94
1 95
1 96
1 97
1 98
1 99
1 100
1 101
1 102
1 103
1 104
1 105
1 106
1 107
1 108
1 109
1 110
1 111
1 112
1 113
1 114
2 3
3 4
3 120
4 5
4 137
5 6
6 7
7 8
7 128
8 9
9 10
9 148
10 11
11 12
12 13
13 14
14 15
14 139
15 16
16 17
17 18
18 19
19 20
20 21
21 22
21 124
22 23
23 24
23 138
24 25
25 26
26 27
26 147
27 28
28 29
29 30
29 151
30 31
30 121
31 32
32 33
32 150
33 34
34 35
35 36
36 37
36 153
37 38
38 39
38 140
39 40
40 41
41 42
42 43
42 149
43 44
44 45
45 46
46 47
47 48
47 115
48 49
49 50
50 51
51 52
52 53
52 116
52 125
53 54
54 55
55 56
55 123
56 57
57 58
58 59
59 60
59 143
60 61
60 145
64 117
66 126
68 132
75 136
80 127
81 119
81 130
84 122
86 133
91 135
104 118
105 134
109 129
117 152
118 141
122 146
125 142
127 131
130 144
160
27 121 157 107 116 30 66 9 73 84 1 11 43 34 83 88 140 18 143 38 74 109 80 4 55 133 20 3 17 153 139 136 134 33 103 123 117 59 155 90 29 19 47 152 95 41 101 125 35 61 126 67 114 25 148 54 72 137 150 40 141 32 128 151 71 76 159 7 28 85 15 62 110 144 87 51 102 68 49 5 130 77 96 22 124 78 118 104 154 6 57 111 39 45 16 145 21 8 106 44 97 93 81 98 64 120 46 23 24 89 156 42 100 113 122 92 12 119 52 48 56 142 146 65 26 147 60 75 115 158 131 135 69 2 91 37 53 149 50 10 31 36 13 160 94 58 138 127 112 82 79 108 14 86 105 70 132 99 63 129
1 2
1 65
1 66
1 67
1 68
1 69
1 70
1 71
1 72
1 73
1 74
1 75
1 76
1 77
1 78
1 79
1 80
1 81
1 82
1 83
1 84
1 85
1 86
1 87
1 88
1 89
1 90
1 91
1 92
1 93
1 94
1 95
1 96
1 97
1 98
1 99
1 100
1 101
1 102
1 103
1 104
1 105
1 106
1 107
1 108
1 109
1 110
1 111
1 112
1 113
1 114
1 115
1 116
1 117
1 118
1 119
2 3
3 4
4 5
5 6
5 125
6 7
7 8
8 9
9 10
10 11
11 12
12 13
12 123
13 14
13 160
14 15
14 141
14 147
15 16
15 153
16 17
17 18
18 19
18 124
19 20
19 149
20 21
21 22
22 23
23 24
24 25
25 26
26 27
27 28
28 29
28 133
29 30
29 150
30 31
31 32
32 33
33 34
34 35
35 36
36 37
37 38
38 39
39 40
40 41
41 42
42 43
43 44
44 45
45 46
46 47
46 121
47 48
48 49
49 50
50 51
51 52
52 53
53 54
53 140
54 55
55 56
55 128
56 57
56 157
57 58
58 59
59 60
60 61
61 62
62 63
63 64
63 122
74 126
74 139
75 144
79 130
80 138
83 136
86 120
87 127
93 131
93 158
94 142
98 135
105 132
105 134
108 129
114 156
119 146
120 155
129 154
130 151
134 159
135 137
135 143
135 145
135 148
148 152
