10
150
4 65 122 124 55 114 146 34 19 116 25 30 81 32 89 95 103 128 78 79 73 86 126 134 121 127 50 12 31 106 52 33 141 62 76 3 41 143 69 11 99 119 140 88 72 93 144 77 51 20 123 6 60 5 26 53 43 54 90 1 120 74 27 111 36 48 87 35 137 80 61 63 39 18 117 58 68 13 40 2 8 135 97 138 46 23 105 94 59 107 75 57 71 9 47 112 21 113 100 145 44 7 130 42 149 66 10 91 142 92 67 108 22 115 125 29 118 98 15 45 56 64 17 104 96 148 37 101 84 129 109 82 150 133 85 132 16 147 139 38 131 24 83 49 70 110 28 102 136 14
1 2
2 3
3 4
4 5
5 6
6 7
7 8
8 9
9 10
10 11
11 12
12 13
13 14
14 15
15 16
16 17
17 18
18 19
19 20
20 21
21 22
22 23
23 24
24 25
25 26
26 27
27 28
28 29
29 30
30 31
31 32
32 33
33 34
34 35
35 36
36 37
37 38
38 39
39 40
40 41
41 42
42 43
43 44
44 45
45 46
46 47
47 48
48 49
49 50
50 51
51 52
52 53
53 54
54 55
55 56
56 57
57 58
58 59
59 60
60 61
61 62
62 63
63 64
64 65
65 66
66 67
67 68
68 69
69 70
70 71
71 72
72 73
73 74
74 75
75 76
76 77
77 78
78 79
79 80
80 81
81 82
82 83
83 84
84 85
85 86
86 87
87 88
88 89
89 90
90 91
91 92
92 93
93 94
94 95
95 96
96 97
97 98
98 99
99 100
100 101
101 102
102 103
103 104
104 105
105 106
106 107
107 108
108 109
109 110
110 111
111 112
112 113
113 114
114 115
115 116
116 117
117 118
118 119
119 120
120 121
121 122
122 123
123 124
124 125
125 126
126 127
127 128
128 129
129 130
130 131
131 132
132 133
133 134
134 135
135 136
136 137
137 138
138 139
139 140
140 141
141 142
142 143
143 144
144 145
145 146
146 147
147 148
148 149
149 150
153
25 147 125 63 37 32 142 104 86 132 109 116 84 151 153 74 126 33 101 134 123 3 98 102 103 39 107 121 124 90 139 79 85 117 70 106 122 35 99 47 56 48 148 5 16 52 130 44 110 8 18 49 127 20 144 17 67 131 94 136 133 62 66 12 120 34 19 24 81 11 6 76 135 152 89 91 26 2 14 108 97 15 38 13 146 80 50 41 75 145 93 7 43 96 82 83 140 150 28 113 59 36 64 137 138 57 22 73 119 95 69 128 40 60 53 118 54 30 143 31 10 92 87 1 112 68 46 29 114 71 149 115 42 27 105 9 88 45 21 65 111 72 58 100 78 55 51 4 141 77 61 129 23
1 2
2 3
3 4
4 5
5 6
6 7
7 8
8 9
9 10
10 11
11 12
12 13
13 14
14 15
15 16
16 17
17 18
18 19
19 20
20 21
21 22
22 23
23 24
24 25
25 26
26 27
27 28
28 29
29 30
30 31
31 32
32 33
33 34
34 35
35 36
36 37
37 38
38 39
39 40
40 41
41 42
42 43
43 44
44 45
45 46
46 47
47 48
48 49
49 50
50 51
51 52
52 53
53 54
54 55
55 56
56 57
57 58
58 59
59 60
60 61
61 62
62 63
63 64
64 65
65 66
66 67
67 68
68 69
69 70
70 71
71 72
72 73
73 74
74 75
75 76
76 77
77 78
78 79
79 80
80 81
81 82
82 83
83 84
84 85
85 86
86 87
87 88
88 89
89 90
90 91
91 92
92 93
93 94
94 95
95 96
96 97
97 98
98 99
99 100
100 101
101 102
102 103
103 104
104 105
105 106
106 107
107 108
108 109
109 110
110 111
111 112
112 113
113 114
114 115
115 116
116 117
117 118
118 119
119 120
120 121
121 122
122 123
123 124
124 125
125 126
126 127
127 128
128 129
129 130
130 131
131 132
132 133
133 134
134 135
135 136
136 137
137 138
138 139
139 140
140 141
141 142
142 143
143 144
144 145
145 146
146 147
147 148
148 149
149 150
150 151
151 152
152 153
156
106 123 68 76 45 72 66 61 56 46 129 26 151 41 125 84 155 31 156 7 95 59 63 152 124 42 44 77 154 69 148 4 143 34 13 32 47 103 114 144 102 121 87 98 71 74 80 3 36 9 22 128 18 6 39 40 10 122 134 16 136 28 113 140 19 49 64 85 52 38 62 53 149 97 25 100 33 150 94 108 75 88 60 1 117 132 90 73 20 112 70 27 93 127 120 37 116 30 29 142 12 107 35 135 96 137 109 138 48 89 130 79 145 105 131 21 153 119 139 110 81 126 11 147 5 111 101 133 92 58 83 82 15 104 115 57 99 17 8 2 65 55 86 78 67 146 50 51 54 141 24 23 14 118 43 91
1 2
2 3
3 4
4 5
5 6
6 7
7 8
8 9
9 10
10 11
11 12
12 13
13 14
14 15
15 16
16 17
17 18
18 19
19 20
20 21
21 22
22 23
23 24
24 25
25 26
26 27
27 28
28 29
29 30
30 31
31 32
32 33
33 34
34 35
35 36
36 37
37 38
38 39
39 40
40 41
41 42
42 43
43 44
44 45
45 46
46 47
47 48
48 49
49 50
50 51
51 52
52 53
53 54
54 55
55 56
56 57
57 58
58 59
59 60
60 61
61 62
62 63
63 64
64 65
65 66
66 67
67 68
68 69
69 70
70 71
71 72
72 73
73 74
74 75
75 76
76 77
77 78
78 79
79 80
80 81
81 82
82 83
83 84
84 85
85 86
86 87
87 88
88 89
89 90
90 91
91 92
92 93
93 94
94 95
95 96
96 97
97 98
98 99
99 100
100 101
101 102
102 103
103 104
104 105
105 106
106 107
107 108
108 109
109 110
110 111
111 112
112 113
113 114
114 115
115 116
116 117
117 118
118 119
119 120
120 121
121 122
122 123
123 124
124 125
125 126
126 127
127 128
128 129
129 130
130 131
131 132
132 133
133 134
134 135
135 136
136 137
137 138
138 139
139 140
140 141
141 142
142 143
143 144
144 145
145 146
146 147
147 148
148 149
149 150
150 151
151 152
152 153
153 154
154 155
155 156
148
34 144 128 87 111 42 129 55 95 73 140 105 65 58 139 7 48 99 78 40 10 107 121 146 148 69 30 38 103 28 132 46 93 108 84 50 76 11 29 147 31 54 91 45 18 75 85 98 26 43 86 135 27 70 136 82 3 122 104 134 115 5 100 94 1 119 68 114 77 32 71 37 6 96 14 41 81 66 24 63 56 142 64 16 123 21 44 116 57 74 20 19 4 39 90 51 117 126 23 130 124 36 72 52 145 79 109 2 120 53 83 112 13 62 141 33 22 113 137 88 47 9 12 15 92 133 110 61 80 25 60 118 138 125 106 67 49 143 89 97 131 8 35 59 127 102 101 17
1 2
2 3
3 4
4 5
5 6
6 7
7 8
8 9
9 10
10 11
11 12
12 13
13 14
14 15
15 16
16 17
17 18
18 19
19 20
20 21
21 22
22 23
23 24
24 25
25 26
26 27
27 28
28 29
29 30
30 31
31 32
32 33
33 34
34 35
35 36
36 37
37 38
38 39
39 40
40 41
41 42
42 43
43 44
44 45
45 46
46 47
47 48
48 49
49 50
50 51
51 52
52 53
53 54
54 55
55 56
56 57
57 58
58 59
59 60
60 61
61 62
62 63
63 64
64 65
65 66
66 67
67 68
68 69
69 70
70 71
71 72
72 73
73 74
74 75
75 76
76 77
77 78
78 79
79 80
80 81
81 82
82 83
83 84
84 85
85 86
86 87
87 88
88 89
89 90
90 91
91 92
92 93
93 94
94 95
95 96
96 97
97 98
98 99
99 100
100 101
101 102
102 103
103 104
104 105
105 106
106 107
107 108
108 109
109 110
110 111
111 112
112 113
113 114
114 115
115 116
116 117
117 118
118 119
119 120
120 121
121 122
122 123
123 124
124 125
125 126
126 127
127 128
128 129
129 130
130 131
131 132
132 133
133 134
134 135
135 136
136 137
137 138
138 139
139 140
140 141
141 142
142 143
143 144
144 145
145 146
146 147
147 148
156
88 151 152 112 9 35 26 131 49 71 143 11 94 108 156 124 10 34 142 128 7 154 140 132 149 38 25 30 20 57 84 118 126 125 29 21 16 17 1 100 98 81 102 56 77 80 93 46 33 63 148 139 155 69 67 72 18 146 153 134 40 79 75 129 90 60 145 137 47 111 116 91 51 45 44 99 50 12 122 115 121 87 64 4 123 66 68 31 2 61 141 101 59 28 92 13 37 97 36 106 52 43 54 5 6 41 107 27 86 119 78 62 110 147 73 104 120 65 42 24 22 150 23 53 135 136 39 8 96 127 133 19 114 138 113 15 85 76 103 117 48 95 83 109 58 3 105 32 130 89 55 70 14 82 74 144
1 2
2 3
3 4
4 5
5 6
6 7
7 8
8 9
9 10
10 11
11 12
12 13
13 14
14 15
15 16
16 17
17 18
18 19
19 20
20 21
21 22
22 23
23 24
24 25
25 26
26 27
27 28
28 29
29 30
30 31
31 32
32 33
33 34
34 35
35 36
36 37
37 38
38 39
39 40
40 41
41 42
42 43
43 44
44 45
45 46
46 47
47 48
48 49
49 50
50 51
51 52
52 53
53 54
54 55
55 56
56 57
57 58
58 59
59 60
60 61
61 62
62 63
63 64
64 65
65 66
66 67
67 68
68 69
69 70
70 71
71 72
72 73
73 74
74 75
75 76
76 77
77 78
78 79
79 80
80 81
81 82
82 83
83 84
84 85
85 86
86 87
87 88
88 89
89 90
90 91
91 92
92 93
93 94
94 95
95 96
96 97
97 98
98 99
99 100
100 101
101 102
102 103
103 104
104 105
105 106
106 107
107 108
108 109
109 110
110 111
111 112
112 113
113 114
114 115
115 116
116 117
117 118
118 119
119 120
120 121
121 122
122 123
123 124
124 125
125 126
126 127
127 128
128 129
129 130
130 131
131 132
132 133
133 134
134 135
135 136
136 137
137 138
138 139
139 140
140 141
141 142
142 143
143 144
144 145
145 146
146 147
147 148
148 149
149 150
150 151
151 152
152 153
153 154
154 155
155 156
158
102 57 83 74 36 21 49 27 95 9 121 131 92 66 30 28 123 51 34 52 115 144 50 105 149 85 127 109 14 56 68 147 150 2 113 46 12 25 58 5 100 70 133 43 75 67 79 87 116 3 64 13 103 81 55 38 23 44 29 20 139 26 134 119 156 35 111 126 155 154 135 158 97 63 122 117 153 101 78 138 60 148 71 94 125 107 33 48 45 130 4 47 136 143 8 132 118 146 106 41 84 59 22 42 10 77 124 24 104 80 142 151 17 137 61 157 91 62 99 76 72 110 39 93 141 16 53 82 7 129 88 31 18 1 73 98 54 108 140 15 40 86 96 128 37 152 89 145 69 6 120 11 32 114 90 19 112 65
1 2
2 3
3 4
4 5
5 6
6 7
7 8
8 9
9 10
10 11
11 12
12 13
13 14
14 15
15 16
16 17
17 18
18 19
19 20
20 21
21 22
22 23
23 24
24 25
25 26
26 27
27 28
28 29
29 30
30 31
31 32
32 33
33 34
34 35
35 36
36 37
37 38
38 39
39 40
40 41
41 42
42 43
43 44
44 45
45 46
46 47
47 48
48 49
49 50
50 51
51 52
52 53
53 54
54 55
55 56
56 57
57 58
58 59
59 60
60 61
61 62
62 63
63 64
64 65
65 66
66 67
67 68
68 69
69 70
70 71
71 72
72 73
73 74
74 75
75 76
76 77
77 78
78 79
79 80
80 81
81 82
82 83
83 84
84 85
85 86
86 87
87 88
88 89
89 90
90 91
91 92
92 93
93 94
94 95
95 96
96 97
97 98
98 99
99 100
100 101
101 102
102 103
103 104
104 105
105 106
106 107
107 108
108 109
109 110
110 111
111 112
112 113
113 114
114 115
115 116
116 117
117 118
118 119
119 120
120 121
121 122
122 123
123 124
124 125
125 126
126 127
127 128
128 129
129 130
130 131
131 132
132 133
133 134
134 135
135 136
136 137
137 138
138 139
139 140
140 141
141 142
142 143
143 144
144 145
145 146
146 147
147 148
148 149
149 150
150 151
151 152
152 153
153 154
154 155
155 156
156 157
157 158
146
78 34 104 134 17 101 48 106 89 118 121 58 47 85 124 126 129 36 79 88 82 107 66 33 100 64 142 90 13 54 44 38 32 24 49 123 51 52 75 63 61 95 81 117 31 141 98 115 22 92 105 30 59 145 72 74 80 9 42 55 102 94 14 39 10 99 114 65 135 112 143 76 96 3 20 35 109 50 25 73 21 77 53 86 122 139 16 68 40 45 2 125 67 84 6 71 108 37 60 28 119 41 103 136 110 12 93 127 69 62 18 8 111 57 113 128 15 29 140 116 19 70 146 1 132 27 5 97 4 26 131 120 7 133 87 46 130 56 144 23 11 137 91 83 138 43
1 2
2 3
3 4
4 5
5 6
6 7
7 8
8 9
9 10
10 11
11 12
12 13
13 14
14 15
15 16
16 17
17 18
18 19
19 20
20 21
21 22
22 23
23 24
24 25
25 26
26 27
27 28
28 29
29 30
30 31
31 32
32 33
33 34
34 35
35 36
36 37
37 38
38 39
39 40
40 41
41 42
42 43
43 44
44 45
45 46
46 47
47 48
48 49
49 50
50 51
51 52
52 53
53 54
54 55
55 56
56 57
57 58
58 59
59 60
60 61
61 62
62 63
63 64
64 65
65 66
66 67
67 68
68 69
69 70
70 71
71 72
72 73
73 74
74 75
75 76
76 77
77 78
78 79
79 80
80 81
81 82
82 83
83 84
84 85
85 86
86 87
87 88
88 89
89 90
90 91
91 92
92 93
93 94
94 95
95 96
96 97
97 98
98 99
99 100
100 101
101 102
102 103
103 104
104 105
105 106
106 107
107 108
108 109
109 110
110 111
111 112
112 113
113 114
114 115
115 116
116 117
117 118
118 119
119 120
120 121
121 122
122 123
123 124
124 125
125 126
126 127
127 128
128 129
129 130
130 131
131 132
132 133
133 134
134 135
135 136
136 137
137 138
138 139
139 140
140 141
141 142
142 143
143 144
144 145
145 146
153
75 49 72 91 102 118 53 121 32 45 5 98 63 64 42 101 73 139 33 34 81 28 88 48 77 146 52 131 65 129 114 36 69 122 47 2 150 109 58 127 103 76 138 60 113 4 140 43 67 111 145 92 59 85 30 93 80 100 37 23 83 68 137 55 22 9 79 29 41 19 82 12 110 31 74 50 38 116 3 8 40 46 142 57 112 62 18 78 120 152 97 14 115 117 149 107 108 15 123 86 125 51 84 20 134 26 143 39 128 21 106 119 153 104 16 144 17 44 124 96 133 99 61 70 95 151 1 126 90 10 6 66 7 135 148 141 27 24 71 56 54 136 13 25 132 11 130 105 87 147 94 35 89
1 2
2 3
3 4
4 5
5 6
6 7
7 8
8 9
9 10
10 11
11 12
12 13
13 14
14 15
15 16
16 17
17 18
18 19
19 20
20 21
21 22
22 23
23 24
24 25
25 26
26 27
27 28
28 29
29 30
30 31
31 32
32 33
33 34
34 35
35 36
36 37
37 38
38 39
39 40
40 41
41 42
42 43
43 44
44 45
45 46
46 47
47 48
48 49
49 50
50 51
51 52
52 53
53 54
54 55
55 56
56 57
57 58
58 59
59 60
60 61
61 62
62 63
63 64
64 65
65 66
66 67
67 68
68 69
69 70
70 71
71 72
72 73
73 74
74 75
75 76
76 77
77 78
78 79
79 80
80 81
81 82
82 83
83 84
84 85
85 86
86 87
87 88
88 89
89 90
90 91
91 92
92 93
93 94
94 95
95 96
96 97
97 98
98 99
99 100
100 101
101 102
102 103
103 104
104 105
105 106
106 107
107 108
108 109
109 110
110 111
111 112
112 113
113 114
114 115
115 116
116 117
117 118
118 119
119 120
120 121
121 122
122 123
123 124
124 125
125 126
126 127
127 128
128 129
129 130
130 131
131 132
132 133
133 134
134 135
135 136
136 137
137 138
138 139
139 140
140 141
141 142
142 143
143 144
144 145
145 146
146 147
147 148
148 149
149 150
150 151
151 152
152 153
155
38 120 136 30 95 76 15 121 8 149 53 125 102 107 144 68 86 3 23 138 21 81 124 140 153 129 24 147 114 122 52 108 6 77 72 130 37 67 29 112 54 150 33 145 40 16 117 148 83 19 73 62 44 74 2 65 119 155 131 32 63 12 31 45 27 35 43 116 79 104 105 70 18 92 142 36 64 134 85 137 20 41 51 4 96 152 93 97 84 113 49 9 123 89 106 48 17 133 82 109 13 135 141 10 60 46 111 146 118 14 80 58 88 101 151 75 5 69 78 99 98 11 56 90 26 61 34 127 28 47 94 7 100 57 1 91 39 59 25 126 71 50 110 132 103 115 139 22 128 87 42 143 66 55 154
1 2
2 3
3 4
4 5
5 6
6 7
7 8
8 9
9 10
10 11
11 12
12 13
13 14
14 15
15 16
16 17
17 18
18 19
19 20
20 21
21 22
22 23
23 24
24 25
25 26
26 27
27 28
28 29
29 30
30 31
31 32
32 33
33 34
34 35
35 36
36 37
37 38
38 39
39 40
40 41
41 42
42 43
43 44
44 45
45 46
46 47
47 48
48 49
49 50
50 51
51 52
52 53
53 54
54 55
55 56
56 57
57 58
58 59
59 60
60 61
61 62
62 63
63 64
64 65
65 66
66 67
67 68
68 69
69 70
70 71
71 72
72 73
73 74
74 75
75 76
76 77
77 78
78 79
79 80
80 81
81 82
82 83
83 84
84 85
85 86
86 87
87 88
88 89
89 90
90 91
91 92
92 93
93 94
94 95
95 96
96 97
97 98
98 99
99 100
100 101
101 102
102 103
103 104
104 105
105 106
106 107
107 108
108 109
109 110
110 111
111 112
112 113
113 114
114 115
115 116
116 117
117 118
118 119
119 120
120 121
121 122
122 123
123 124
124 125
125 126
126 127
127 128
128 129
129 130
130 131
131 132
132 133
133 134
134 135
135 136
136 137
137 138
138 139
139 140
140 141
141 142
142 143
143 144
144 145
145 146
146 147
147 148
148 149
149 150
150 151
151 152
152 153
153 154
154 155
145
82 37 18 50 143 68 24 114 84 106 54 102 39 19 121 125 113 55 89 48 77 107 2 65 4 14 36 30 105 117 43 126 145 138 9 119 13 56 108 81 133 5 122 1 139 22 132 127 66 85 91 86 16 123 49 76 38 116 80 98 59 60 103 29 95 75 96 57 20 137 58 112 21 144 90 142 64 100 67 140 130 135 131 51 118 11 53 83 15 109 35 101 87 72 23 28 129 128 46 34 94 63 115 111 93 7 52 120 74 97 17 27 44 69 136 61 134 42 88 41 45 12 32 26 62 3 71 25 70 33 73 141 40 78 31 10 110 6 79 99 92 124 104 47 8
1 2
2 3
3 4
4 5
5 6
6 7
7 8
8 9
9 10
10 11
11 12
12 13
13 14
14 15
15 16
16 17
17 18
18 19
19 20
20 21
21 22
22 23
23 24
24 25
25 26
26 27
27 28
28 29
29 30
30 31
31 32
32 33
33 34
34 35
35 36
36 37
37 38
38 39
39 40
40 41
41 42
42 43
43 44
44 45
45 46
46 47
47 48
48 49
49 50
50 51
51 52
52 53
53 54
54 55
55 56
56 57
57 58
58 59
59 60
60 61
61 62
62 63
63 64
64 65
65 66
66 67
67 68
68 69
69 70
70 71
71 72
72 73
73 74
74 75
75 76
76 77
77 78
78 79
79 80
80 81
81 82
82 83
83 84
84 85
85 86
86 87
87 88
88 89
89 90
90 91
91 92
92 93
93 94
94 95
95 96
96 97
97 98
98 99
99 100
100 101
101 102
102 103
103 104
104 105
105 106
106 107
107 108
108 109
109 110
110 111
111 112
112 113
113 114
114 115
115 116
116 117
117 118
118 119
119 120
120 121
121 122
122 123
123 124
124 125
125 126
126 127
127 128
128 129
129 130
130 131
131 132
132 133
133 134
134 135
135 136
136 137
137 138
138 139
139 140
140 141
141 142
142 143
143 144
144 145
