10
145
72 85 75 11 54 64 58 79 84 88 91 125 1 142 78 137 109 37 38 43 115 86 80 123 128 124 87 110 90 2 47 93 60 66 107 145 111 49 74 12 42 83 105 119 3 25 39 6 35 121 98 106 102 140 122 141 30 132 27 136 22 32 51 34 100 68 33 116 94 17 96 133 18 131 81 139 120 46 26 92 40 31 19 114 52 23 95 21 62 10 16 104 118 44 97 113 7 103 112 59 70 56 63 69 5 126 29 144 8 20 138 53 28 65 82 77 129 57 117 108 99 48 50 45 71 36 55 24 130 89 4 101 14 143 13 135 73 15 41 134 61 76 67 9 127
1 2
1 3
1 4
1 5
1 6
1 7
1 8
1 9
1 10
1 11
1 12
1 13
1 14
1 15
1 16
1 17
1 18
1 19
1 20
1 21
1 22
1 23
1 24
1 25
1 26
1 27
1 28
1 29
1 30
1 31
1 32
1 33
1 34
1 35
1 36
1 37
1 38
1 39
1 40
1 41
1 42
1 43
1 44
1 45
1 46
1 47
1 48
1 49
1 50
1 51
1 52
1 53
1 54
1 55
1 56
1 57
1 58
1 59
1 60
1 61
1 62
1 63
1 64
1 65
1 66
1 67
1 68
1 69
1 70
1 71
1 72
1 73
1 74
1 75
1 76
1 77
1 78
1 79
1 80
1 81
1 82
1 83
1 84
1 85
1 86
1 87
1 88
1 89
1 90
1 91
1 92
1 93
1 94
1 95
1 96
1 97
1 98
1 99
1 100
1 101
1 102
1 103
1 104
1 105
1 106
1 107
1 108
1 109
1 110
1 111
1 112
1 113
1 114
1 115
1 116
1 117
1 118
1 119
1 120
1 121
1 122
1 123
1 124
1 125
1 126
1 127
1 128
1 129
1 130
1 131
1 132
1 133
1 134
1 135
1 136
1 137
1 138
1 139
1 140
1 141
1 142
1 143
1 144
1 145
153
68 21 69 152 33 23 145 130 6 131 66 117 97 137 95 46 48 65 26 74 114 4 99 28 90 49 7 36 43 77 89 83 45 105 136 106 31 80 12 132 9 39 8 148 104 87 81 124 40 61 19 35 94 79 128 100 109 14 91 118 110 101 84 62 88 125 47 75 64 59 121 18 2 92 1 34 127 42 96 67 82 24 51 15 73 38 70 76 52 116 30 112 142 123 133 120 98 32 111 78 93 58 153 17 138 3 86 41 27 60 126 143 140 135 22 144 44 71 55 139 5 53 13 85 37 119 50 54 102 107 10 146 20 141 103 149 129 108 147 29 63 115 57 16 72 56 150 25 134 122 113 11 151
1 2
1 3
1 4
1 5
1 6
1 7
1 8
1 9
1 10
1 11
1 12
1 13
1 14
1 15
1 16
1 17
1 18
1 19
1 20
1 21
1 22
1 23
1 24
1 25
1 26
1 27
1 28
1 29
1 30
1 31
1 32
1 33
1 34
1 35
1 36
1 37
1 38
1 39
1 40
1 41
1 42
1 43
1 44
1 45
1 46
1 47
1 48
1 49
1 50
1 51
1 52
1 53
1 54
1 55
1 56
1 57
1 58
1 59
1 60
1 61
1 62
1 63
1 64
1 65
1 66
1 67
1 68
1 69
1 70
1 71
1 72
1 73
1 74
1 75
1 76
1 77
1 78
1 79
1 80
1 81
1 82
1 83
1 84
1 85
1 86
1 87
1 88
1 89
1 90
1 91
1 92
1 93
1 94
1 95
1 96
1 97
1 98
1 99
1 100
1 101
1 102
1 103
1 104
1 105
1 106
1 107
1 108
1 109
1 110
1 111
1 112
1 113
1 114
1 115
1 116
1 117
1 118
1 119
1 120
1 121
1 122
1 123
1 124
1 125
1 126
1 127
1 128
1 129
1 130
1 131
1 132
1 133
1 134
1 135
1 136
1 137
1 138
1 139
1 140
1 141
1 142
1 143
1 144
1 145
1 146
1 147
1 148
1 149
1 150
1 151
1 152
1 153
153
69 48 44 80 137 115 93 32 3 113 6 97 65 77 123 96 33 116 100 72 31 53 133 87 95 83 119 146 74 129 149 13 29 41 10 67 68 75 70 89 103 91 138 150 132 109 26 134 21 78 141 108 47 120 17 27 58 7 90 151 9 56 148 76 73 38 139 152 142 52 34 110 81 127 45 98 92 4 60 62 66 85 61 59 136 30 106 18 46 20 118 40 102 15 55 39 12 107 50 54 125 84 131 135 111 42 122 144 86 140 64 24 94 121 43 22 49 145 8 143 2 128 99 35 5 112 16 124 130 11 19 1 36 104 28 79 101 51 82 105 25 88 114 23 117 57 126 14 71 147 153 37 63
1 2
1 3
1 4
1 5
1 6
1 7
1 8
1 9
1 10
1 11
1 12
1 13
1 14
1 15
1 16
1 17
1 18
1 19
1 20
1 21
1 22
1 23
1 24
1 25
1 26
1 27
1 28
1 29
1 30
1 31
1 32
1 33
1 34
1 35
1 36
1 37
1 38
1 39
1 40
1 41
1 42
1 43
1 44
1 45
1 46
1 47
1 48
1 49
1 50
1 51
1 52
1 53
1 54
1 55
1 56
1 57
1 58
1 59
1 60
1 61
1 62
1 63
1 64
1 65
1 66
1 67
1 68
1 69
1 70
1 71
1 72
1 73
1 74
1 75
1 76
1 77
1 78
1 79
1 80
1 81
1 82
1 83
1 84
1 85
1 86
1 87
1 88
1 89
1 90
1 91
1 92
1 93
1 94
1 95
1 96
1 97
1 98
1 99
1 100
1 101
1 102
1 103
1 104
1 105
1 106
1 107
1 108
1 109
1 110
1 111
1 112
1 113
1 114
1 115
1 116
1 117
1 118
1 119
1 120
1 121
1 122
1 123
1 124
1 125
1 126
1 127
1 128
1 129
1 130
1 131
1 132
1 133
1 134
1 135
1 136
1 137
1 138
1 139
1 140
1 141
1 142
1 143
1 144
1 145
1 146
1 147
1 148
1 149
1 150
1 151
1 152
1 153
146
73 65 114 122 31 105 54 43 100 64 8 146 19 90 119 116 59 53 126 91 67 16 74 60 87 14 22 92 94 12 23 21 128 134 139 113 98 111 79 104 35 44 118 117 131 58 25 123 47 106 78 50 77 17 115 36 143 97 80 140 133 110 55 81 7 70 56 49 63 89 127 120 135 144 62 41 18 83 112 108 71 33 27 2 102 95 101 103 15 45 84 38 145 82 11 40 26 93 75 48 125 42 142 69 124 1 136 24 96 57 66 52 51 68 141 29 28 86 130 99 13 5 20 85 137 109 107 37 39 132 121 76 10 30 61 88 138 4 32 72 129 46 34 3 9 6
1 2
1 3
1 4
1 5
1 6
1 7
1 8
1 9
1 10
1 11
1 12
1 13
1 14
1 15
1 16
1 17
1 18
1 19
1 20
1 21
1 22
1 23
1 24
1 25
1 26
1 27
1 28
1 29
1 30
1 31
1 32
1 33
1 34
1 35
1 36
1 37
1 38
1 39
1 40
1 41
1 42
1 43
1 44
1 45
1 46
1 47
1 48
1 49
1 50
1 51
1 52
1 53
1 54
1 55
1 56
1 57
1 58
1 59
1 60
1 61
1 62
1 63
1 64
1 65
1 66
1 67
1 68
1 69
1 70
1 71
1 72
1 73
1 74
1 75
1 76
1 77
1 78
1 79
1 80
1 81
1 82
1 83
1 84
1 85
1 86
1 87
1 88
1 89
1 90
1 91
1 92
1 93
1 94
1 95
1 96
1 97
1 98
1 99
1 100
1 101
1 102
1 103
1 104
1 105
1 106
1 107
1 108
1 109
1 110
1 111
1 112
1 113
1 114
1 115
1 116
1 117
1 118
1 119
1 120
1 121
1 122
1 123
1 124
1 125
1 126
1 127
1 128
1 129
1 130
1 131
1 132
1 133
1 134
1 135
1 136
1 137
1 138
1 139
1 140
1 141
1 142
1 143
1 144
1 145
1 146
157
47 102 78 51 3 73 52 68 156 123 99 154 17 75 84 8 35 147 91 33 62 20 53 9 131 106 70 30 46 124 54 146 98 100 39 130 152 148 150 67 155 141 113 138 63 24 48 6 14 104 119 149 2 40 82 117 4 36 140 25 10 74 114 153 144 101 29 122 95 103 37 45 105 89 26 97 145 116 44 66 59 94 69 32 128 127 81 38 111 21 90 1 126 16 136 125 133 61 80 65 7 22 120 96 109 118 58 134 93 12 76 87 57 5 23 43 137 60 157 108 132 139 71 86 34 77 11 28 107 151 18 135 31 19 27 56 13 79 112 143 115 110 49 85 41 129 72 42 55 15 50 83 142 92 121 64 88
1 2
1 3
1 4
1 5
1 6
1 7
1 8
1 9
1 10
1 11
1 12
1 13
1 14
1 15
1 16
1 17
1 18
1 19
1 20
1 21
1 22
1 23
1 24
1 25
1 26
1 27
1 28
1 29
1 30
1 31
1 32
1 33
1 34
1 35
1 36
1 37
1 38
1 39
1 40
1 41
1 42
1 43
1 44
1 45
1 46
1 47
1 48
1 49
1 50
1 51
1 52
1 53
1 54
1 55
1 56
1 57
1 58
1 59
1 60
1 61
1 62
1 63
1 64
1 65
1 66
1 67
1 68
1 69
1 70
1 71
1 72
1 73
1 74
1 75
1 76
1 77
1 78
1 79
1 80
1 81
1 82
1 83
1 84
1 85
1 86
1 87
1 88
1 89
1 90
1 91
1 92
1 93
1 94
1 95
1 96
1 97
1 98
1 99
1 100
1 101
1 102
1 103
1 104
1 105
1 106
1 107
1 108
1 109
1 110
1 111
1 112
1 113
1 114
1 115
1 116
1 117
1 118
1 119
1 120
1 121
1 122
1 123
1 124
1 125
1 126
1 127
1 128
1 129
1 130
1 131
1 132
1 133
1 134
1 135
1 136
1 137
1 138
1 139
1 140
1 141
1 142
1 143
1 144
1 145
1 146
1 147
1 148
1 149
1 150
1 151
1 152
1 153
1 154
1 155
1 156
1 157
148
127 14 89 90 60 82 85 139 15 77 120 69 74 124 92 78 73 33 21 104 28 40 13 5 46 125 56 114 109 88 31 141 147 101 96 91 39 2 102 94 142 71 76 63 93 6 70 41 8 145 10 29 128 62 18 140 131 66 38 37 25 137 11 47 116 113 79 118 16 86 87 22 133 138 1 3 132 55 146 9 130 12 75 136 112 98 97 24 117 119 68 45 135 19 42 32 67 95 103 57 52 122 59 43 106 84 110 23 115 4 34 144 36 107 26 99 129 17 35 105 61 53 123 64 48 58 80 148 81 27 72 30 20 54 111 83 108 121 51 7 65 49 143 134 126 50 100 44
1 2
1 3
1 4
1 5
1 6
1 7
1 8
1 9
1 10
1 11
1 12
1 13
1 14
1 15
1 16
1 17
1 18
1 19
1 20
1 21
1 22
1 23
1 24
1 25
1 26
1 27
1 28
1 29
1 30
1 31
1 32
1 33
1 34
1 35
1 36
1 37
1 38
1 39
1 40
1 41
1 42
1 43
1 44
1 45
1 46
1 47
1 48
1 49
1 50
1 51
1 52
1 53
1 54
1 55
1 56
1 57
1 58
1 59
1 60
1 61
1 62
1 63
1 64
1 65
1 66
1 67
1 68
1 69
1 70
1 71
1 72
1 73
1 74
1 75
1 76
1 77
1 78
1 79
1 80
1 81
1 82
1 83
1 84
1 85
1 86
1 87
1 88
1 89
1 90
1 91
1 92
1 93
1 94
1 95
1 96
1 97
1 98
1 99
1 100
1 101
1 102
1 103
1 104
1 105
1 106
1 107
1 108
1 109
1 110
1 111
1 112
1 113
1 114
1 115
1 116
1 117
1 118
1 119
1 120
1 121
1 122
1 123
1 124
1 125
1 126
1 127
1 128
1 129
1 130
1 131
1 132
1 133
1 134
1 135
1 136
1 137
1 138
1 139
1 140
1 141
1 142
1 143
1 144
1 145
1 146
1 147
1 148
157
56 148 99 80 17 55 78 114 61 147 138 20 92 72 37 12 130 108 11 21 10 117 157 15 31 120 24 81 124 100 153 47 74 41 39 69 140 90 95 36 131 116 132 76 35 58 152 27 109 7 87 151 62 42 33 3 111 65 98 125 68 103 105 102 26 82 70 146 67 79 83 75 53 60 94 2 118 46 5 57 32 45 156 139 150 64 88 44 43 13 51 133 155 143 113 134 104 135 8 40 48 119 29 85 144 63 66 38 93 110 22 149 129 14 16 71 128 154 30 127 136 123 107 9 96 145 28 89 25 142 121 141 1 126 77 122 54 115 34 86 84 49 101 59 97 91 52 18 106 19 137 6 73 112 4 23 50
1 2
1 3
1 4
1 5
1 6
1 7
1 8
1 9
1 10
1 11
1 12
1 13
1 14
1 15
1 16
1 17
1 18
1 19
1 20
1 21
1 22
1 23
1 24
1 25
1 26
1 27
1 28
1 29
1 30
1 31
1 32
1 33
1 34
1 35
1 36
1 37
1 38
1 39
1 40
1 41
1 42
1 43
1 44
1 45
1 46
1 47
1 48
1 49
1 50
1 51
1 52
1 53
1 54
1 55
1 56
1 57
1 58
1 59
1 60
1 61
1 62
1 63
1 64
1 65
1 66
1 67
1 68
1 69
1 70
1 71
1 72
1 73
1 74
1 75
1 76
1 77
1 78
1 79
1 80
1 81
1 82
1 83
1 84
1 85
1 86
1 87
1 88
1 89
1 90
1 91
1 92
1 93
1 94
1 95
1 96
1 97
1 98
1 99
1 100
1 101
1 102
1 103
1 104
1 105
1 106
1 107
1 108
1 109
1 110
1 111
1 112
1 113
1 114
1 115
1 116
1 117
1 118
1 119
1 120
1 121
1 122
1 123
1 124
1 125
1 126
1 127
1 128
1 129
1 130
1 131
1 132
1 133
1 134
1 135
1 136
1 137
1 138
1 139
1 140
1 141
1 142
1 143
1 144
1 145
1 146
1 147
1 148
1 149
1 150
1 151
1 152
1 153
1 154
1 155
1 156
1 157
150
66 93 67 53 30 100 50 139 3 2 131 22 149 119 14 90 77 89 73 32 43 27 39 42 55 147 6 36 58 102 133 75 8 34 127 5 116 33 63 45 120 97 117 4 62 65 135 146 83 35 71 1 143 16 103 142 25 54 52 49 31 69 68 87 48 98 80 76 46 148 38 136 44 111 96 123 40 129 9 28 18 138 29 134 24 57 150 84 59 86 81 124 99 95 109 72 17 121 11 125 105 13 7 20 64 141 113 91 82 21 104 140 137 70 88 78 115 107 51 26 114 108 10 23 130 94 85 56 132 19 110 106 12 15 61 47 101 41 145 128 74 118 92 79 122 37 60 112 126 144
1 2
1 3
1 4
1 5
1 6
1 7
1 8
1 9
1 10
1 11
1 12
1 13
1 14
1 15
1 16
1 17
1 18
1 19
1 20
1 21
1 22
1 23
1 24
1 25
1 26
1 27
1 28
1 29
1 30
1 31
1 32
1 33
1 34
1 35
1 36
1 37
1 38
1 39
1 40
1 41
1 42
1 43
1 44
1 45
1 46
1 47
1 48
1 49
1 50
1 51
1 52
1 53
1 54
1 55
1 56
1 57
1 58
1 59
1 60
1 61
1 62
1 63
1 64
1 65
1 66
1 67
1 68
1 69
1 70
1 71
1 72
1 73
1 74
1 75
1 76
1 77
1 78
1 79
1 80
1 81
1 82
1 83
1 84
1 85
1 86
1 87
1 88
1 89
1 90
1 91
1 92
1 93
1 94
1 95
1 96
1 97
1 98
1 99
1 100
1 101
1 102
1 103
1 104
1 105
1 106
1 107
1 108
1 109
1 110
1 111
1 112
1 113
1 114
1 115
1 116
1 117
1 118
1 119
1 120
1 121
1 122
1 123
1 124
1 125
1 126
1 127
1 128
1 129
1 130
1 131
1 132
1 133
1 134
1 135
1 136
1 137
1 138
1 139
1 140
1 141
1 142
1 143
1 144
1 145
1 146
1 147
1 148
1 149
1 150
156
108 140 111 73 101 22 110 52 102 26 27 126 77 35 13 24 125 142 129 57 53 21 92 144 33 96 43 17 60 10 84 45 2 34 148 122 104 143 103 14 112 12 130 40 97 67 29 7 114 138 61 49 118 150 133 99 132 89 149 3 28 9 74 79 76 4 109 72 145 30 135 94 41 69 90 54 153 131 32 25 23 154 155 18 44 42 5 146 1 127 59 68 107 134 46 31 120 64 78 116 75 37 91 95 62 65 6 71 83 93 139 152 86 123 16 100 48 20 124 39 19 50 82 58 87 70 11 156 106 36 56 151 117 136 81 51 98 8 141 85 88 15 128 63 38 55 113 147 105 47 80 66 137 115 121 119
1 2
1 3
1 4
1 5
1 6
1 7
1 8
1 9
1 10
1 11
1 12
1 13
1 14
1 15
1 16
1 17
1 18
1 19
1 20
1 21
1 22
1 23
1 24
1 25
1 26
1 27
1 28
1 29
1 30
1 31
1 32
1 33
1 34
1 35
1 36
1 37
1 38
1 39
1 40
1 41
1 42
1 43
1 44
1 45
1 46
1 47
1 48
1 49
1 50
1 51
1 52
1 53
1 54
1 55
1 56
1 57
1 58
1 59
1 60
1 61
1 62
1 63
1 64
1 65
1 66
1 67
1 68
1 69
1 70
1 71
1 72
1 73
1 74
1 75
1 76
1 77
1 78
1 79
1 80
1 81
1 82
1 83
1 84
1 85
1 86
1 87
1 88
1 89
1 90
1 91
1 92
1 93
1 94
1 95
1 96
1 97
1 98
1 99
1 100
1 101
1 102
1 103
1 104
1 105
1 106
1 107
1 108
1 109
1 110
1 111
1 112
1 113
1 114
1 115
1 116
1 117
1 118
1 119
1 120
1 121
1 122
1 123
1 124
1 125
1 126
1 127
1 128
1 129
1 130
1 131
1 132
1 133
1 134
1 135
1 136
1 137
1 138
1 139
1 140
1 141
1 142
1 143
1 144
1 145
1 146
1 147
1 148
1 149
1 150
1 151
1 152
1 153
1 154
1 155
1 156
158
58 31 129 2 133 84 152 101 85 98 145 61 110 102 87 51 37 59 141 132 154 78 91 103 55 20 22 115 126 10 35 155 83 108 125 69 50 105 130 66 134 23 116 62 44 122 16 43 65 53 150 92 34 97 73 158 121 128 38 5 146 111 135 48 32 21 3 77 63 144 8 75 27 93 80 12 149 151 104 14 137 88 86 143 131 30 153 90 138 25 118 147 45 136 68 60 95 18 46 28 106 15 39 127 113 11 6 56 139 42 29 76 112 79 9 4 72 52 26 67 24 114 74 100 1 40 120 81 109 99 107 142 36 96 71 119 156 157 49 57 117 13 94 148 123 82 64 89 47 17 54 70 7 124 140 33 41 19
1 2
1 3
1 4
1 5
1 6
1 7
1 8
1 9
1 10
1 11
1 12
1 13
1 14
1 15
1 16
1 17
1 18
1 19
1 20
1 21
1 22
1 23
1 24
1 25
1 26
1 27
1 28
1 29
1 30
1 31
1 32
1 33
1 34
1 35
1 36
1 37
1 38
1 39
1 40
1 41
1 42
1 43
1 44
1 45
1 46
1 47
1 48
1 49
1 50
1 51
1 52
1 53
1 54
1 55
1 56
1 57
1 58
1 59
1 60
1 61
1 62
1 63
1 64
1 65
1 66
1 67
1 68
1 69
1 70
1 71
1 72
1 73
1 74
1 75
1 76
1 77
1 78
1 79
1 80
1 81
1 82
1 83
1 84
1 85
1 86
1 87
1 88
1 89
1 90
1 91
1 92
1 93
1 94
1 95
1 96
1 97
1 98
1 99
1 100
1 101
1 102
1 103
1 104
1 105
1 106
1 107
1 108
1 109
1 110
1 111
1 112
1 113
1 114
1 115
1 116
1 117
1 118
1 119
1 120
1 121
1 122
1 123
1 124
1 125
1 126
1 127
1 128
1 129
1 130
1 131
1 132
1 133
1 134
1 135
1 136
1 137
1 138
1 139
1 140
1 141
1 142
1 143
1 144
1 145
1 146
1 147
1 148
1 149
1 150
1 151
1 152
1 153
1 154
1 155
1 156
1 157
1 158
