100 1000
1 2 8
1 3 679
2 4 169
3 5 978
2 6 787
4 7 330
4 8 130
6 9 351
2 10 356
3 11 553
9 12 611
3 13 512
11 14 232
1 15 310
12 16 971
6 17 627
13 18 872
4 19 111
1 20 260
1 21 29
5 22 313
13 23 358
8 24 910
14 25 771
22 26 531
22 27 247
17 28 372
6 29 260
9 30 203
2 31 685
10 32 923
5 33 300
16 34 634
22 35 846
18 36 646
15 37 315
20 38 99
1 39 738
6 40 52
28 41 348
35 42 665
19 43 32
16 44 783
17 45 319
39 46 630
38 47 976
15 48 199
21 49 839
46 50 165
26 51 186
14 52 198
1 53 429
12 54 177
45 55 286
16 56 66
9 57 131
30 58 443
51 59 354
9 60 958
24 61 545
13 62 441
37 63 992
47 64 400
48 65 635
13 66 361
34 67 724
54 68 500
24 69 25
1 70 602
53 71 266
53 72 176
60 73 926
61 74 276
56 75 342
4 76 415
48 77 162
73 78 355
45 79 683
12 80 302
61 81 984
15 82 680
60 83 429
33 84 778
23 85 361
65 86 991
29 87 622
67 88 175
53 89 679
68 90 826
71 91 645
59 92 778
56 93 690
86 94 580
19 95 754
8 96 321
5 97 478
86 98 63
50 99 19
5 100 357
29 78 530
15 63 51
41 63 485
67 73 853
21 25 148
13 57 17
1 3 984
2 24 744
50 84 101
33 48 968
72 85 570
23 98 867
7 67 11
24 80 151
22 42 86
54 78 441
15 33 581
4 29 701
27 29 802
35 51 692
1 3 328
8 14 770
3 13 966
1 6 816
13 79 561
1 3 117
13 18 887
10 44 854
42 79 595
64 82 391
20 21 103
15 76 760
33 42 979
17 91 448
25 31 65
39 71 649
86 98 617
4 5 545
9 12 585
13 18 888
66 82 233
36 58 506
22 97 410
25 69 925
1 46 10
2 18 501
7 61 788
25 43 994
34 80 862
48 54 747
37 77 445
1 16 973
3 5 274
43 51 614
18 48 550
4 16 374
80 95 224
3 4 143
19 28 88
8 52 589
39 60 186
18 26 313
5 18 583
19 50 310
1 7 297
13 32 902
7 64 543
44 67 375
12 95 671
2 4 496
11 36 302
40 52 281
55 58 16
18 21 67
2 4 594
11 97 694
55 60 8
29 58 321
2 19 660
78 91 570
68 72 104
7 14 662
81 90 684
31 73 469
34 45 505
99 100 22
59 67 5
18 26 808
49 62 222
16 47 252
1 27 244
1 7 791
14 34 364
13 32 125
63 75 509
20 44 934
3 32 605
11 25 436
43 67 125
5 7 143
22 38 701
31 34 151
21 30 207
53 59 859
51 58 99
15 35 210
20 21 888
16 39 39
17 33 211
1 2 331
90 98 925
12 35 761
1 63 451
84 90 118
1 31 191
8 25 531
46 74 84
3 9 498
7 12 213
26 50 336
64 73 611
5 21 268
9 42 434
65 71 877
72 91 320
14 16 458
9 14 528
63 99 50
36 70 374
6 95 371
10 59 949
37 40 777
61 93 675
3 8 310
17 23 987
16 36 118
3 22 945
81 82 328
62 92 525
33 62 928
32 33 565
46 81 538
43 64 584
23 45 112
4 6 472
3 50 386
55 82 800
67 75 152
68 80 508
21 55 65
39 98 364
52 61 429
1 18 32
95 100 150
5 28 972
6 16 904
2 79 982
22 28 393
19 31 529
2 17 401
50 73 964
39 50 163
56 88 309
2 30 973
35 79 690
29 73 684
10 17 875
12 35 811
30 87 138
9 29 644
56 78 897
36 41 506
48 72 750
43 66 399
11 44 485
24 54 493
20 49 550
3 42 571
34 49 573
5 40 962
2 5 848
2 53 660
8 12 964
88 93 887
71 80 548
33 47 922
4 56 96
5 20 102
59 81 783
21 55 226
33 92 784
31 57 451
8 87 855
67 83 563
17 20 197
30 46 300
32 57 185
8 11 969
65 83 112
50 67 944
24 87 687
26 29 751
41 66 556
8 63 323
2 16 949
55 59 513
6 42 252
12 49 33
7 39 493
3 4 840
45 60 200
27 46 538
31 34 840
1 52 738
3 13 59
27 39 230
24 45 807
3 4 442
20 24 208
42 77 577
3 36 658
8 17 468
7 40 37
17 39 992
49 58 112
46 71 691
23 42 71
30 69 268
12 38 32
31 37 78
17 68 320
3 7 854
9 54 879
13 17 537
32 61 750
4 24 805
19 71 82
53 96 537
18 33 821
51 80 117
9 18 157
27 53 962
50 65 63
18 29 560
94 98 492
11 36 132
27 29 9
43 49 2
27 89 810
25 95 163
25 48 402
59 85 71
11 25 511
51 66 79
70 81 415
15 42 536
24 25 687
38 77 964
33 67 10
31 89 30
46 77 375
1 2 371
77 88 595
11 83 830
11 16 194
5 12 257
15 93 422
12 26 550
53 94 805
11 50 270
46 64 439
48 59 687
8 26 591
13 95 305
23 37 11
20 29 349
8 82 85
10 23 730
35 65 720
31 34 75
91 92 444
1 39 608
18 67 702
42 54 274
32 76 983
8 93 4
89 100 519
1 5 155
9 27 186
31 46 166
12 26 789
1 4 843
18 79 327
39 90 655
19 29 651
70 89 487
26 96 465
15 20 463
6 11 445
28 84 264
56 86 511
3 26 265
32 55 667
22 50 177
18 99 426
11 17 68
48 66 747
1 5 167
2 8 866
2 62 331
67 96 407
39 65 273
21 26 717
23 29 431
19 46 294
1 3 976
51 67 521
4 21 99
17 52 334
7 25 177
45 98 499
4 8 144
41 74 649
1 24 673
54 92 271
21 22 723
8 52 206
69 72 696
2 18 339
24 30 845
73 88 315
17 24 362
47 98 863
56 63 985
73 94 305
14 82 810
63 72 879
26 91 747
17 70 977
4 16 384
45 52 283
37 42 183
28 65 829
22 72 748
31 59 757
26 46 48
42 64 56
38 57 379
17 19 469
1 6 739
37 64 850
57 60 722
47 73 473
13 77 115
2 87 222
35 64 594
3 16 792
31 49 582
10 91 829
34 44 587
47 98 888
10 15 384
5 18 296
67 73 596
4 28 261
13 38 415
30 45 73
28 43 833
73 74 821
1 75 743
49 84 563
17 37 542
1 34 361
53 82 520
25 92 595
36 45 908
47 60 45
50 56 12
1 29 334
3 56 90
2 4 747
25 42 981
30 33 139
20 26 398
66 79 4
16 55 359
16 63 299
24 53 84
59 90 513
23 60 921
43 48 632
7 74 847
46 55 536
5 33 435
2 18 508
74 76 893
11 15 306
29 57 451
37 44 627
75 76 752
14 33 244
2 11 984
33 70 530
3 48 827
12 21 787
7 39 19
40 68 321
26 31 417
72 92 180
8 10 707
48 65 558
26 46 125
12 36 708
22 51 328
7 31 283
33 98 374
24 40 645
21 23 219
19 22 674
15 28 33
3 12 258
54 77 180
3 99 735
81 87 652
25 97 828
7 26 644
4 24 302
52 84 359
9 52 637
12 66 740
72 94 6
79 90 630
39 72 260
18 24 765
3 7 598
34 41 61
23 27 57
40 100 347
50 51 166
25 39 732
6 18 651
38 42 116
8 24 697
78 82 604
48 80 975
83 96 37
87 97 208
12 13 72
30 81 67
27 51 175
3 5 529
15 33 736
5 14 123
10 57 710
9 94 874
69 74 201
10 38 659
19 20 27
79 96 656
33 59 433
26 75 862
40 42 843
58 75 28
42 49 251
1 13 798
17 22 215
45 96 415
12 16 246
4 15 100
33 89 845
27 78 908
33 35 331
10 92 761
22 69 752
12 75 574
23 31 359
13 46 908
38 73 44
4 49 156
40 65 710
13 20 759
33 88 772
19 76 441
15 25 360
66 82 941
9 90 384
44 49 328
57 81 24
21 79 46
4 26 433
7 17 544
55 69 267
44 67 93
36 96 71
12 39 819
31 76 727
4 73 977
1 2 526
25 65 788
12 83 253
13 90 882
58 66 612
33 54 561
45 48 488
24 72 238
39 97 262
8 12 711
38 66 326
32 91 372
1 11 500
14 72 141
6 8 222
41 73 863
64 75 850
6 23 218
63 66 483
34 49 279
2 3 217
42 57 386
10 14 600
15 28 124
36 40 774
61 90 799
70 94 117
56 60 179
51 75 953
1 4 52
21 56 658
4 66 965
2 43 489
5 59 759
31 62 594
5 11 574
3 23 654
48 55 990
56 62 425
1 8 162
4 12 359
26 47 322
35 71 81
19 21 966
39 70 5
5 22 724
53 54 642
52 54 181
23 29 152
14 51 596
29 33 320
13 91 441
48 54 746
54 83 952
23 39 738
51 81 917
15 41 97
11 41 484
4 23 648
28 32 704
27 60 928
53 65 479
28 32 668
3 6 355
3 6 496
4 47 990
68 81 957
62 76 381
52 85 963
5 31 603
1 23 232
45 46 966
6 84 890
5 18 552
17 42 144
61 84 259
10 51 913
17 31 80
57 78 720
17 72 793
40 58 487
6 88 703
2 8 31
27 36 236
22 37 186
38 59 706
17 81 964
21 37 33
63 92 211
13 17 825
45 54 698
3 7 754
26 65 189
36 89 859
1 6 941
92 98 554
30 41 772
15 18 610
30 78 670
21 37 481
3 16 748
2 3 584
4 36 716
22 35 201
23 71 464
65 83 473
28 79 907
74 80 89
23 87 253
66 98 627
6 12 770
27 36 969
30 50 191
51 88 362
53 83 344
14 53 975
72 82 970
4 93 104
11 25 135
33 87 737
6 45 827
78 85 972
39 95 980
50 55 923
16 41 376
13 14 802
17 40 381
1 51 394
43 77 837
35 84 139
2 100 701
11 86 17
8 10 665
38 64 965
19 64 940
12 15 307
13 15 57
11 23 317
19 96 403
12 55 266
26 44 508
54 99 859
29 45 591
37 46 799
64 80 271
9 24 862
3 60 235
58 64 170
7 50 745
42 66 217
13 14 595
9 24 108
4 28 722
13 39 774
37 62 846
3 94 2
53 71 112
41 46 690
51 56 453
31 65 524
19 35 114
32 81 328
3 6 426
32 67 174
87 95 353
6 79 321
4 33 66
23 25 309
31 37 244
7 38 243
1 15 70
92 96 637
9 21 907
44 78 585
19 32 775
4 6 27
4 8 263
5 89 883
14 53 480
29 34 606
19 40 608
22 27 127
50 51 713
24 35 882
1 62 735
6 91 239
20 82 57
23 93 823
4 74 933
36 69 988
27 33 643
25 39 479
4 12 556
53 63 323
47 59 861
11 70 102
11 41 901
29 85 237
1 25 973
98 100 118
1 50 434
8 53 645
51 65 990
34 46 715
3 56 597
50 52 389
45 79 937
8 12 747
49 73 840
1 2 801
69 80 799
50 73 338
80 82 639
65 98 992
12 100 415
1 4 148
42 45 843
57 75 303
46 91 547
37 59 187
2 3 897
4 36 472
8 12 696
21 68 683
47 93 714
2 8 194
31 37 662
16 31 923
8 41 844
48 90 681
65 80 565
13 75 766
13 45 866
3 15 537
11 87 417
64 88 587
1 19 472
11 12 703
45 59 487
50 58 409
1 7 434
43 99 384
48 72 89
21 43 86
29 44 597
66 75 749
2 82 350
2 10 881
7 66 782
14 49 366
25 33 126
23 54 861
24 42 201
24 71 157
2 92 381
15 48 376
37 50 509
5 17 478
16 22 430
17 32 29
13 31 935
47 75 629
2 3 770
75 77 638
2 3 845
5 88 632
4 32 481
43 55 773
2 11 876
14 17 734
94 97 320
30 37 348
4 18 148
8 43 399
30 70 348
13 52 147
11 23 227
2 25 414
44 79 727
10 34 641
14 94 191
59 89 451
56 64 472
69 81 654
11 18 568
34 71 213
24 33 257
48 66 455
13 34 157
5 10 103
1 12 99
3 4 315
16 78 142
35 92 601
25 53 308
22 35 5
4 83 42
21 66 570
53 57 948
7 27 298
7 74 603
54 99 4
3 87 356
17 36 253
1 4 615
10 15 472
15 20 753
29 50 479
36 56 488
41 85 314
4 32 544
1 49 645
27 82 774
39 99 815
45 46 979
35 96 108
7 81 396
4 7 510
40 51 139
8 11 935
29 85 473
26 31 460
4 7 782
2 23 645
29 83 416
38 65 428
44 51 155
39 70 491
9 34 194
30 57 686
13 33 532
1 28 457
46 80 426
8 65 575
9 73 76
7 39 699
24 44 298
19 21 457
82 83 353
5 39 621
8 12 789
11 65 555
36 39 755
14 27 924
65 72 68
16 99 874
39 53 374
41 95 969
3 25 69
12 17 305
5 25 869
15 62 185
21 25 873
10 45 567
2 22 1000
12 13 619
64 84 621
15 91 792
20 76 847
2 3 841
72 87 636
62 96 246
14 36 280
22 31 514
3 36 571
41 90 592
39 63 214
4 29 614
3 5 566
26 84 370
20 25 602
47 66 770
52 94 985
17 48 551
41 62 639
29 38 166
17 86 441
16 34 204
30 68 329
20 28 253
48 72 652
2 15 630
90 91 310
3 5 692
33 61 70
36 40 438
8 80 679
40 44 110
47 51 375
27 38 611
5 70 641
16 50 918
1 57 538
12 37 904
21 54 184
34 58 701
40 84 710
10 25 975
20 24 995
22 85 278
6 33 778
48 56 157
12 25 134
7 25 168
