200 2000
1 2 416
1 3 842
2 4 542
2 5 26
1 6 989
5 7 765
2 8 23
2 9 234
9 10 731
7 11 469
6 12 708
3 13 363
2 14 849
14 15 462
6 16 374
16 17 893
2 18 114
16 19 111
5 20 819
4 21 241
14 22 343
5 23 175
1 24 324
6 25 808
17 26 523
10 27 45
13 28 664
13 29 338
18 30 717
18 31 542
22 32 992
4 33 464
11 34 226
21 35 123
8 36 809
27 37 259
12 38 536
18 39 96
15 40 741
5 41 666
41 42 516
28 43 22
6 44 2
20 45 785
36 46 325
18 47 585
15 48 362
33 49 20
9 50 726
26 51 491
43 52 193
37 53 423
5 54 424
51 55 688
6 56 546
32 57 642
6 58 638
30 59 528
24 60 11
6 61 749
12 62 327
17 63 417
40 64 444
45 65 712
24 66 728
60 67 626
21 68 404
36 69 254
50 70 231
51 71 672
65 72 996
15 73 277
39 74 881
4 75 253
44 76 193
49 77 688
18 78 981
9 79 884
24 80 486
80 81 406
3 82 638
73 83 494
12 84 784
65 85 144
79 86 245
7 87 24
63 88 257
10 89 990
55 90 373
38 91 906
54 92 38
18 93 466
6 94 837
16 95 90
37 96 416
52 97 835
61 98 234
13 99 319
84 100 895
32 101 428
21 102 586
68 103 511
35 104 18
8 105 67
101 106 2
1 107 458
97 108 480
40 109 50
32 110 353
41 111 932
89 112 611
63 113 377
3 114 355
9 115 814
106 116 815
64 117 778
48 118 974
52 119 390
93 120 879
27 121 972
49 122 792
41 123 666
39 124 137
53 125 657
93 126 744
35 127 561
25 128 429
27 129 816
106 130 440
130 131 251
8 132 2
7 133 580
46 134 426
115 135 476
19 136 193
89 137 578
21 138 368
40 139 549
76 140 376
83 141 535
131 142 897
101 143 458
67 144 680
62 145 343
6 146 995
44 147 693
103 148 199
19 149 551
41 150 860
136 151 842
114 152 222
59 153 629
25 154 880
81 155 681
79 156 12
128 157 411
51 158 694
3 159 287
57 160 154
129 161 791
146 162 123
7 163 157
99 164 294
49 165 358
98 166 493
85 167 583
163 168 752
113 169 276
72 170 385
16 171 590
97 172 311
65 173 117
10 174 918
67 175 39
92 176 557
27 177 632
171 178 528
91 179 754
122 180 694
73 181 302
44 182 606
52 183 820
104 184 478
26 185 848
172 186 700
25 187 669
179 188 520
113 189 662
84 190 417
99 191 499
64 192 112
70 193 977
173 194 978
50 195 85
89 196 953
127 197 562
139 198 613
52 199 697
160 200 847
52 63 404
147 173 494
43 47 351
10 59 871
60 99 776
16 23 650
5 13 591
8 11 678
12 19 100
142 190 149
10 24 969
4 9 468
48 65 463
30 188 732
54 62 135
122 173 437
132 169 408
31 36 772
20 110 192
37 122 762
158 179 340
1 2 6
63 71 437
42 57 575
3 44 250
1 7 428
68 125 100
15 85 134
12 60 160
9 32 19
34 109 901
1 22 573
22 64 339
31 47 905
11 108 907
11 34 84
37 43 986
88 104 906
28 181 196
69 114 338
105 143 372
61 158 86
5 6 427
86 127 136
70 139 682
110 112 958
18 19 53
97 98 470
27 130 831
12 14 943
5 11 963
86 92 85
19 30 430
40 79 286
13 37 71
1 60 781
7 99 276
2 8 100
22 26 641
8 162 864
147 194 415
21 71 740
68 156 843
123 133 751
12 32 663
27 163 491
38 96 883
105 125 52
34 140 531
30 31 303
52 63 816
56 75 312
7 76 286
65 84 108
61 105 168
26 91 398
5 92 491
37 51 739
46 60 217
15 95 887
20 56 974
59 93 620
147 175 534
33 175 752
31 58 188
102 107 406
53 166 795
47 126 137
102 170 845
34 91 781
61 196 156
10 169 784
10 18 536
32 41 564
19 61 874
31 151 29
24 66 927
29 55 770
1 132 647
58 118 871
56 159 789
39 114 74
68 153 964
5 180 400
11 100 876
10 131 30
28 39 759
34 94 941
11 164 498
9 31 812
74 95 554
2 9 753
23 51 86
37 171 724
58 81 873
19 75 618
67 139 31
59 63 416
44 145 996
19 25 548
33 80 301
101 185 374
36 175 661
5 17 493
42 77 323
55 96 354
94 121 19
104 136 889
59 76 844
177 183 672
24 46 536
152 165 159
68 85 214
79 127 545
60 62 735
12 13 539
27 46 564
58 63 844
118 168 433
136 161 742
129 142 623
68 142 935
5 10 880
31 111 731
4 31 878
66 74 653
43 115 453
1 55 524
52 98 453
22 118 83
172 173 247
16 151 213
42 131 915
48 150 655
3 15 677
8 42 271
112 197 352
186 193 536
9 16 117
96 174 408
19 50 127
7 9 228
151 185 157
21 110 745
101 111 807
32 173 229
83 178 113
39 51 961
20 156 703
100 167 645
11 33 693
121 145 920
77 89 634
3 71 357
56 137 596
28 41 318
41 192 456
11 157 377
150 182 481
20 76 525
1 35 726
119 172 735
22 95 942
37 68 165
31 40 657
16 41 111
27 76 923
3 14 383
82 83 511
132 148 485
66 131 129
115 117 501
89 125 573
34 114 413
69 75 86
102 163 144
46 110 879
46 85 967
60 136 434
27 135 265
81 85 109
2 197 11
58 84 779
28 62 348
83 84 538
12 30 423
176 191 989
2 126 842
59 75 386
3 40 343
154 160 206
1 62 359
160 194 436
70 122 188
3 134 128
36 96 36
1 65 885
158 173 336
34 35 391
2 129 5
122 184 999
17 39 905
50 171 669
27 112 677
26 180 217
17 85 77
138 149 171
24 28 313
89 171 56
15 23 621
42 83 691
2 4 884
67 167 221
43 101 317
102 154 435
84 156 345
109 148 728
89 97 427
2 64 700
27 64 462
77 168 397
9 68 335
64 111 538
25 30 743
29 106 477
120 129 354
73 160 438
43 122 825
6 15 656
57 193 561
10 12 346
8 145 600
3 29 329
16 75 756
14 18 171
8 199 979
51 176 18
89 97 475
105 159 997
15 103 735
94 193 504
9 11 544
5 10 691
7 22 81
14 16 481
2 90 651
33 56 142
65 169 681
178 184 300
8 12 994
54 90 255
4 111 939
32 102 681
77 117 544
36 72 199
1 29 847
17 107 291
8 12 329
16 89 158
37 58 292
17 43 258
3 11 427
45 108 714
141 187 545
88 94 21
181 192 790
38 62 491
47 51 117
13 20 95
60 127 271
2 34 347
70 153 800
12 86 168
2 3 649
7 22 131
8 185 185
31 55 183
125 170 510
38 110 115
1 3 105
43 109 502
32 173 469
38 187 536
6 85 96
96 191 822
6 62 340
28 61 877
1 3 55
41 82 628
47 57 769
40 148 395
129 180 870
51 113 67
58 62 516
120 136 2
37 71 664
6 68 211
141 191 247
18 145 531
36 102 331
42 161 265
48 144 1
17 80 46
55 102 884
34 108 376
19 78 103
57 72 825
26 52 123
9 192 624
23 77 724
91 153 306
13 190 51
153 180 590
90 183 523
130 186 543
69 169 358
16 27 564
27 34 962
36 77 226
113 123 734
193 194 321
72 143 890
137 145 906
60 129 751
54 70 458
41 181 981
115 156 911
63 177 531
28 114 810
6 135 159
9 19 389
1 80 694
141 198 272
43 47 609
38 51 653
71 104 44
169 196 160
11 117 97
148 155 711
61 76 192
3 10 956
5 76 838
82 133 940
23 26 935
5 6 363
28 34 315
55 93 394
4 40 748
6 11 418
10 100 826
105 162 944
148 193 933
75 153 441
79 145 628
8 67 805
68 107 262
65 105 201
59 199 454
80 138 115
29 181 405
95 148 276
11 15 350
7 15 209
9 13 414
15 75 788
44 132 215
48 80 696
58 76 320
34 166 704
59 60 617
58 181 613
16 73 984
38 104 331
39 159 500
18 112 208
55 101 156
81 138 934
37 113 31
63 97 331
1 6 587
25 94 217
25 118 220
1 6 927
87 111 684
78 83 678
2 4 943
120 145 323
9 10 28
20 21 526
47 73 136
98 99 93
47 123 524
1 94 375
13 15 133
7 109 557
2 21 994
22 147 645
76 155 43
39 80 207
58 163 735
10 113 431
74 175 366
9 105 401
67 155 922
59 85 293
30 53 303
111 129 38
111 167 27
78 141 264
6 7 878
20 30 178
1 2 331
85 172 561
67 77 73
61 141 341
2 5 930
97 115 726
22 52 892
2 57 580
36 164 576
43 97 58
124 156 937
4 102 758
2 4 809
109 157 956
2 56 610
44 191 587
6 53 3
34 50 138
34 71 261
6 7 491
83 141 994
30 77 310
56 129 912
34 62 141
44 129 799
20 41 81
105 140 173
52 72 631
28 76 76
29 126 551
19 97 624
8 37 181
87 125 731
12 20 674
6 29 255
90 151 92
19 161 903
88 132 898
18 19 945
43 128 513
59 60 427
11 32 349
49 136 410
60 124 292
12 52 699
68 153 643
58 180 910
29 64 338
87 158 680
27 31 956
1 29 141
48 64 283
102 148 248
48 111 693
42 183 239
20 31 713
139 167 238
52 72 328
4 5 752
1 3 386
24 37 350
70 148 843
82 92 525
31 111 174
47 172 139
44 90 244
52 154 743
30 61 51
49 168 980
102 159 746
31 98 440
36 60 481
13 82 773
69 195 182
9 154 444
23 50 617
30 127 11
135 178 603
11 32 954
43 175 667
7 12 490
65 83 19
168 173 131
103 169 360
13 84 402
10 16 404
59 61 195
77 104 419
132 134 160
103 157 898
5 23 782
81 99 743
10 25 273
9 12 966
54 166 93
130 157 108
47 99 509
31 50 118
136 161 689
66 77 363
24 39 521
1 168 902
5 11 663
86 135 660
30 43 101
9 42 735
9 23 174
13 16 389
71 120 80
4 8 854
1 179 380
9 17 389
46 51 569
88 145 639
6 46 320
35 83 464
32 143 808
1 2 115
79 146 348
103 154 845
144 193 620
11 23 47
49 100 417
36 120 342
61 109 558
90 129 590
26 87 168
6 56 56
84 92 86
61 111 73
55 91 118
68 116 139
16 85 869
22 145 77
14 75 768
16 148 650
43 188 964
60 104 342
5 77 303
12 200 534
6 13 459
150 162 186
2 124 158
26 64 832
62 142 116
19 36 288
18 115 970
8 15 613
2 19 729
131 159 41
45 91 826
19 33 534
1 2 971
114 141 495
47 73 984
195 199 96
7 56 829
47 64 628
115 153 310
118 138 441
22 32 257
18 99 581
95 175 228
8 10 763
71 178 817
105 152 993
7 136 321
32 141 868
64 123 281
13 59 804
16 119 713
29 30 414
25 86 379
90 110 936
86 160 511
1 167 284
9 50 395
90 187 669
107 181 683
35 82 791
144 164 717
131 193 943
16 72 245
32 36 847
54 113 932
7 129 585
4 41 682
105 121 116
159 192 925
26 53 376
17 125 407
39 178 575
64 163 467
75 182 274
26 48 861
89 101 588
94 155 69
26 66 448
4 38 988
23 65 618
6 15 573
140 195 849
69 78 691
34 107 429
163 183 289
117 129 520
100 180 150
4 25 82
164 165 504
33 42 880
18 41 1
135 185 948
36 130 238
24 85 661
60 63 13
141 172 263
142 176 288
6 83 662
18 97 353
7 44 91
10 11 671
1 17 834
64 90 299
22 197 890
82 93 231
49 80 480
110 132 727
99 113 700
4 14 384
67 109 555
115 152 688
32 53 90
42 128 655
18 19 132
116 144 933
13 151 713
9 177 853
80 178 898
56 71 885
12 113 217
3 44 440
18 122 711
5 16 878
26 72 846
139 162 969
49 96 811
152 166 795
31 32 382
1 4 191
66 112 694
172 196 12
78 108 836
20 29 338
35 85 922
2 3 155
51 61 171
28 125 427
72 185 223
89 119 484
46 80 461
91 114 130
20 49 738
24 178 365
8 16 294
15 23 944
12 42 703
158 174 470
25 190 140
36 100 718
26 29 341
47 49 475
52 89 802
1 4 430
10 163 115
7 28 137
36 64 677
1 3 577
49 101 89
130 149 581
1 47 693
11 171 320
12 71 113
12 28 315
63 99 279
22 64 647
2 71 31
7 8 165
15 16 89
62 189 999
36 41 150
16 93 659
71 81 199
61 111 964
16 66 660
7 14 219
80 178 893
17 22 455
93 127 840
3 19 816
108 167 86
8 150 445
49 196 898
110 193 240
99 121 531
110 188 903
54 179 507
52 124 241
33 65 903
1 21 404
21 120 735
1 36 316
73 165 266
24 81 724
15 27 743
50 71 790
44 51 476
125 160 534
47 62 866
67 184 779
113 154 132
110 114 261
41 66 142
9 67 419
85 111 513
47 158 222
57 86 139
4 19 242
25 77 904
32 75 37
12 149 216
104 121 586
60 137 893
48 153 345
79 145 698
37 45 292
57 90 990
34 175 518
2 197 465
16 19 600
49 92 958
10 84 778
8 51 532
54 187 505
31 47 832
5 33 818
6 127 639
55 70 141
36 38 828
181 192 686
27 161 747
36 137 699
26 79 981
156 157 818
82 95 471
10 50 110
6 9 435
19 170 455
37 115 461
3 13 218
20 26 997
29 32 370
120 126 967
32 192 37
107 132 411
31 32 179
2 17 947
42 74 463
109 124 883
28 37 601
118 123 723
2 85 725
63 73 313
150 155 476
22 74 345
62 88 674
52 195 164
20 22 315
97 130 251
21 97 480
159 185 398
23 63 936
28 85 466
125 135 191
21 39 363
1 3 881
9 39 641
87 117 947
85 125 805
23 25 432
27 37 763
71 82 651
20 54 894
18 35 197
117 156 621
18 70 367
29 166 223
1 3 922
51 164 93
64 83 145
46 61 265
114 137 776
7 9 250
52 159 536
46 116 873
18 160 257
44 45 814
39 87 609
54 163 768
61 73 759
5 7 185
5 24 791
59 63 290
36 38 635
12 25 663
50 177 773
97 132 662
40 167 255
23 89 11
131 132 554
46 191 664
30 159 600
17 83 493
159 171 605
1 35 739
84 123 399
91 150 937
112 185 113
63 99 186
42 179 999
56 89 202
74 130 986
96 187 847
114 143 500
31 117 870
1 9 129
9 41 349
109 118 795
49 167 891
87 128 653
3 146 891
31 41 292
119 142 50
37 178 699
13 18 577
8 11 47
44 54 57
13 188 991
4 99 383
51 61 583
13 184 711
39 163 963
14 116 555
69 178 928
149 162 107
15 24 168
3 89 491
45 98 383
7 101 533
22 104 523
33 34 355
76 105 50
103 104 344
50 78 195
19 34 160
4 12 829
50 59 407
111 193 704
45 48 117
4 14 279
21 124 607
37 86 638
58 121 741
106 139 661
32 65 78
3 25 538
128 177 66
1 41 190
66 192 610
89 92 644
18 61 381
94 191 567
3 5 955
4 134 846
15 123 526
137 179 527
45 63 908
77 178 452
31 48 302
19 57 694
74 75 255
103 117 182
54 186 58
14 19 698
23 66 440
74 110 698
70 110 617
39 129 650
58 191 845
118 139 637
149 180 593
68 191 583
10 144 4
3 96 419
171 175 111
112 148 904
79 186 196
63 151 213
56 182 605
6 13 758
23 72 896
2 8 92
39 117 864
21 28 511
178 181 192
48 167 515
7 13 362
82 87 262
35 53 513
64 103 826
96 188 372
5 127 171
87 155 880
106 112 616
71 89 359
49 54 480
21 180 418
4 11 984
70 173 524
35 116 684
94 148 791
15 131 712
92 131 698
28 29 27
10 200 736
1 25 646
104 110 144
104 143 966
45 125 493
87 144 805
19 52 475
23 44 431
49 135 500
141 180 951
4 13 465
186 200 320
19 23 566
49 114 691
67 100 581
35 194 213
74 80 779
41 192 680
49 104 558
7 64 23
89 104 344
91 106 994
28 116 59
4 41 915
61 131 54
9 26 798
8 26 769
48 150 250
19 44 390
44 54 817
10 102 87
12 61 147
9 14 468
12 65 222
35 39 872
57 159 782
14 51 522
1 51 336
66 117 227
54 78 570
31 171 85
172 190 860
25 74 863
118 172 962
20 46 612
95 156 500
41 78 442
36 85 907
33 170 943
61 174 200
18 29 298
7 119 522
80 93 278
102 177 125
10 89 693
70 107 276
24 80 900
5 131 674
30 180 126
22 41 733
21 72 107
15 50 553
3 12 848
76 121 997
6 50 176
18 142 611
105 121 448
95 131 729
19 142 225
19 49 168
9 23 917
54 156 55
33 185 629
66 141 717
7 72 394
4 33 772
40 54 796
44 135 943
10 85 470
72 173 553
89 95 488
6 36 360
81 112 923
23 40 539
120 176 244
14 71 456
1 8 533
2 7 746
2 4 819
75 161 174
116 132 493
24 92 117
36 105 403
59 63 622
49 86 414
32 74 244
144 185 380
1 43 997
33 162 607
20 153 174
25 191 546
73 112 835
8 190 801
14 15 141
163 189 650
1 2 210
66 88 746
5 35 615
39 125 44
13 23 965
25 105 627
90 103 878
120 173 509
112 161 90
12 16 646
115 135 10
8 152 960
41 122 378
24 53 892
54 123 958
71 88 989
8 152 576
6 21 117
32 39 217
131 160 673
9 160 138
28 69 112
72 142 606
113 179 215
145 147 124
69 79 509
79 84 622
50 71 751
41 76 283
37 159 944
3 151 372
11 13 213
124 137 49
39 185 264
117 192 490
3 16 677
110 189 844
96 103 448
27 82 291
1 2 341
74 130 644
108 112 269
85 146 9
63 98 843
115 131 853
35 114 281
16 139 63
108 200 896
80 197 26
28 30 599
36 44 449
92 137 932
15 143 619
137 144 846
180 182 948
2 3 290
30 35 992
56 103 130
93 141 409
141 197 638
23 39 327
64 108 73
72 98 974
72 160 694
144 174 971
2 7 339
145 150 230
86 97 479
182 197 806
79 156 902
8 13 647
27 123 937
60 186 72
3 89 711
45 173 365
51 104 5
21 29 552
51 198 716
108 161 126
43 87 37
113 123 851
17 125 961
8 33 295
43 78 427
37 74 459
56 80 185
6 9 885
32 102 61
6 11 394
22 175 567
69 178 702
15 67 865
50 94 191
109 132 957
3 8 616
15 18 13
1 2 736
5 171 788
7 50 730
18 20 394
4 6 713
21 119 460
88 90 787
11 25 257
59 102 141
145 146 13
14 81 585
10 73 181
2 7 555
42 156 182
74 131 427
27 107 291
10 82 706
11 117 277
142 159 64
84 172 567
131 141 224
137 153 736
2 3 481
50 74 296
91 180 376
7 18 339
4 5 501
5 57 550
4 65 275
65 105 867
2 3 957
31 50 938
162 172 592
45 79 777
35 60 487
3 178 293
168 170 303
25 93 330
8 76 767
5 10 341
39 42 411
81 126 870
45 161 163
40 55 877
114 118 278
57 149 934
98 147 997
68 97 12
2 25 273
4 128 811
36 75 671
5 22 224
117 200 124
18 24 843
4 38 250
45 59 539
13 107 11
111 199 15
50 129 407
7 21 742
138 171 83
45 79 275
120 164 99
1 2 244
105 165 884
85 110 597
4 44 829
34 48 978
3 176 22
12 27 992
17 28 554
40 125 773
70 104 234
9 53 26
31 72 35
143 175 683
76 80 81
49 119 732
57 74 781
106 107 398
139 164 719
116 193 106
81 127 393
40 41 126
5 33 6
1 60 355
57 151 686
73 143 413
8 153 396
112 199 50
73 88 316
82 92 416
42 94 63
113 151 925
6 71 362
19 29 20
62 193 906
19 156 117
21 31 915
14 48 943
5 39 888
17 111 895
86 162 404
55 95 680
24 49 217
20 65 649
99 163 362
38 44 424
6 75 964
181 189 537
91 138 706
79 134 730
104 107 772
81 195 666
7 89 41
121 188 1000
35 150 893
35 78 551
43 78 965
58 93 88
4 9 185
37 77 556
11 182 259
83 152 710
98 177 767
23 68 298
54 65 283
33 99 434
106 127 284
70 153 635
16 78 274
12 78 613
123 164 628
17 54 222
8 64 719
84 127 39
72 161 994
124 142 492
55 149 744
122 143 84
44 74 335
10 59 580
5 61 149
93 119 528
30 124 416
41 59 275
68 166 21
26 39 968
40 62 683
112 141 287
123 180 16
12 21 42
10 94 988
67 137 693
67 139 101
17 26 222
12 95 155
5 18 609
84 113 78
46 129 198
37 169 360
4 151 494
61 70 193
51 185 571
113 160 842
4 6 429
1 6 648
9 105 66
163 196 989
38 49 194
45 174 308
40 109 111
100 118 474
4 140 61
78 127 469
18 84 160
6 16 891
10 25 142
66 128 109
40 43 844
1 3 911
13 23 620
104 115 447
61 114 532
7 89 508
64 131 814
4 116 234
114 151 713
7 49 131
85 170 578
7 149 714
56 112 800
111 117 808
46 48 998
29 190 633
130 160 99
11 29 2
22 30 173
28 31 26
12 60 593
4 165 880
42 122 748
128 143 14
170 182 344
68 106 69
66 159 220
29 50 707
107 128 537
120 177 766
162 178 594
65 102 378
41 197 605
100 138 289
66 142 572
112 171 81
76 114 662
53 74 168
85 188 86
34 35 953
22 47 103
114 170 935
4 8 894
51 69 608
169 187 807
26 99 19
24 116 732
69 115 81
35 73 635
70 166 292
50 104 149
2 6 899
68 166 228
2 10 604
17 83 32
30 57 192
70 89 553
98 200 984
66 154 498
40 105 887
1 32 885
2 67 559
2 183 775
1 46 268
2 47 690
160 165 169
17 35 210
11 198 958
104 166 79
34 188 186
77 86 30
35 111 850
53 107 544
124 186 751
33 124 516
31 62 623
70 174 101
20 35 712
4 12 167
10 19 162
28 74 85
61 163 232
59 116 253
25 30 835
7 14 122
2 3 657
49 97 512
132 148 464
26 31 968
23 28 956
13 76 70
157 198 248
8 52 970
13 72 351
64 85 254
1 18 50
109 147 701
166 174 543
7 10 795
13 142 336
6 35 441
100 102 569
6 45 356
26 123 118
91 142 812
71 88 636
19 91 140
3 15 608
11 38 104
77 112 329
22 33 199
18 170 28
35 124 511
80 146 54
132 135 654
103 162 11
130 136 509
100 145 792
38 176 540
2 9 590
43 90 446
141 142 359
13 119 153
149 197 710
29 127 873
25 42 782
45 170 413
21 99 61
1 133 396
6 184 43
16 26 633
28 45 684
105 158 18
58 80 581
12 133 826
40 146 781
24 40 146
70 126 52
91 129 199
152 176 322
9 154 553
6 178 869
29 58 4
96 200 198
89 132 905
79 164 558
37 141 487
31 94 891
26 83 163
94 99 783
40 44 354
8 128 627
14 28 843
11 93 979
9 61 625
49 67 179
20 75 218
48 89 445
137 176 63
21 69 468
35 53 1
12 146 478
69 87 227
74 111 389
60 190 859
93 117 742
12 65 855
78 149 230
53 102 715
54 84 105
25 38 92
67 92 814
58 114 959
4 76 356
2 15 951
94 105 24
54 152 189
24 64 257
10 95 392
88 143 386
91 144 637
10 58 431
2 3 12
10 91 998
83 84 406
142 160 774
44 121 712
178 197 540
141 189 708
9 56 490
15 84 593
15 72 576
8 32 898
3 4 294
21 108 353
59 105 121
20 66 324
59 136 132
70 130 444
114 200 618
64 174 847
1 6 73
124 192 491
55 69 276
12 186 684
6 45 70
11 73 223
36 174 460
119 183 210
88 90 301
14 133 514
120 124 856
24 160 99
3 10 561
63 135 226
78 178 656
40 45 545
102 152 810
82 168 534
117 145 828
12 180 57
2 45 863
33 54 749
100 145 449
46 76 168
23 32 812
27 53 988
18 25 696
25 61 316
19 124 319
107 137 480
1 61 1000
3 116 566
49 129 342
52 85 572
136 175 651
6 52 630
30 55 315
23 48 893
135 193 519
27 38 743
38 145 715
25 43 963
11 15 111
161 181 724
41 138 20
17 37 826
76 101 457
161 175 130
44 141 325
15 47 17
157 162 593
17 169 591
117 156 994
31 92 162
32 155 822
118 138 282
30 167 529
93 127 147
129 162 683
59 67 53
90 130 431
5 68 971
28 54 497
5 197 824
4 24 239
19 115 480
135 179 796
2 6 710
80 134 187
16 69 920
136 177 820
3 140 29
37 68 700
38 55 126
51 87 940
103 138 769
9 24 911
42 146 230
59 196 320
152 154 194
142 192 433
131 184 291
12 127 835
26 89 647
13 20 109
83 116 585
48 66 959
112 115 946
6 9 579
109 119 814
1 37 98
121 185 61
32 198 84
106 154 278
1 2 61
9 38 500
22 57 963
40 200 94
14 75 854
36 86 452
35 45 271
28 112 80
44 104 808
82 128 700
53 152 326
21 43 584
169 177 354
29 42 499
27 176 668
71 86 741
120 166 462
3 6 233
76 170 957
89 117 756
98 151 3
20 152 641
117 125 687
6 92 888
56 69 958
101 184 254
1 84 508
8 194 710
21 67 404
8 135 413
7 103 686
32 71 416
91 153 243
56 66 403
6 119 356
31 35 799
3 87 346
68 80 392
52 77 477
5 131 805
41 48 998
48 117 84
7 27 843
12 132 963
129 149 39
84 177 792
90 100 674
27 52 552
42 76 2
71 163 598
116 200 289
16 30 546
5 104 761
32 50 765
154 162 768
21 29 298
4 120 280
192 200 999
14 54 498
61 97 826
3 30 50
84 176 493
20 146 437
3 6 449
50 120 660
177 190 501
4 37 433
12 25 482
57 199 79
45 51 682
79 179 438
30 191 648
10 110 268
105 169 900
67 178 370
120 156 86
84 97 667
2 50 304
6 162 873
154 157 438
60 85 589
2 11 411
3 135 765
16 18 767
134 155 988
83 154 290
1 12 879
25 183 388
16 68 224
9 100 133
23 34 375
72 87 354
19 135 699
63 182 461
51 160 258
26 62 633
126 143 527
65 67 994
43 160 850
7 89 767
27 96 6
88 143 945
26 170 579
46 140 744
55 89 562
16 28 869
89 92 202
108 129 817
40 144 895
55 105 237
57 126 232
138 158 295
53 182 239
6 9 646
40 92 361
40 156 563
34 101 781
10 50 34
10 20 342
52 58 928
23 193 147
22 30 72
33 77 370
124 199 527
85 87 928
108 174 92
28 39 395
15 117 41
5 27 660
3 97 474
31 105 135
66 191 246
71 155 831
2 47 190
43 123 346
2 3 886
2 146 194
50 177 335
106 182 509
9 44 453
29 42 523
159 200 101
12 152 745
66 191 907
62 186 799
27 30 280
40 185 693
26 36 508
33 35 915
46 129 123
81 128 732
31 132 197
5 7 12
8 17 623
20 27 123
27 52 776
4 19 832
37 52 404
131 141 354
88 99 632
124 137 173
21 91 692
