100 1000 30 68 5
1 5 7 9 11 16 21 22 23 24 31 33 35 37 43 46 53 57 59 61 63 65 66 69 72 81 85 87 89 96 
13 17 18 19 25 26 27 32 38 39 41 44 45 48 49 50 54 55 60 70 71 73 74 76 77 79 86 91 93 98 
39 57 7 20
13 46 10 0
25 15 12 28
69 65 14 28
46 3 22 10
44 45 2 0
86 73 0 2
78 46 18 12
97 11 16 10
49 89 21 24
69 85 0 3
35 44 0 23
97 25 14 12
16 56 27 26
71 87 24 0
71 37 12 3
58 63 0 13
89 37 6 15
2 45 2 21
1 73 20 2
59 67 3 6
29 26 13 0
86 97 0 6
13 61 3 29
85 9 6 2
29 51 6 12
7 28 19 4
1 6 25 0
57 17 7 20
19 77 26 13
3 53 0 15
25 98 12 18
4 96 25 22
16 27 18 21
78 20 20 9
13 90 20 18
1 76 4 20
16 15 24 2
47 27 0 15
39 66 15 20
31 63 2 18
81 44 20 10
52 6 18 6
69 26 9 24
3 56 12 0
1 7 10 9
31 65 10 15
91 96 7 0
95 9 24 7
9 89 12 15
67 21 10 3
29 48 18 18
13 73 25 21
83 3 0 21
72 54 20 0
89 68 12 21
6 97 6 21
47 85 15 0
25 42 10 12
82 98 0 2
46 49 24 0
41 17 24 21
27 11 15 9
21 83 12 6
5 39 10 5
96 8 25 8
20 49 18 0
25 83 15 2
71 42 23 26
11 91 14 0
31 5 21 0
27 84 0 8
19 16 10 18
81 73 8 3
21 22 24 10
37 88 5 28
89 69 14 22
57 1 2 29
41 6 17 16
100 25 0 15
9 23 3 7
67 49 10 22
65 51 8 18
46 89 19 18
83 93 12 18
19 63 0 15
7 21 4 20
5 27 21 15
63 51 28 6
45 73 24 10
1 36 24 10
28 100 19 4
93 31 12 27
70 51 23 22
40 71 10 0
51 5 0 25
95 55 24 15
31 64 18 2
41 75 22 24
9 46 0 0
89 76 5 10
61 52 18 18
13 37 0 20
61 41 9 20
55 12 17 0
30 1 2 18
5 88 6 10
51 57 20 15
39 65 10 4
97 44 15 6
71 11 8 28
55 81 21 24
36 41 10 3
75 73 0 16
61 55 26 22
95 41 12 15
25 11 24 9
89 21 3 26
23 16 15 24
19 26 16 20
60 76 22 14
21 5 18 18
57 49 5 0
93 13 18 12
93 97 4 11
55 21 22 0
29 88 16 15
30 82 0 11
64 66 25 4
71 60 22 10
57 69 22 24
71 53 1 20
27 23 12 16
26 1 0 20
33 41 27 7
11 30 9 20
95 57 18 5
13 85 20 6
44 83 16 10
21 9 24 0
91 93 11 25
97 7 20 19
80 1 8 20
41 93 24 15
93 39 9 29
67 93 6 15
19 62 0 15
66 94 24 10
37 93 16 20
1 5 9 0
8 16 20 15
8 4 12 28
77 25 29 20
81 50 20 3
86 68 20 10
3 8 0 10
23 73 16 10
17 89 10 12
45 81 27 4
77 33 12 0
74 43 0 0
45 84 25 0
3 10 24 6
18 35 6 20
75 61 0 0
23 31 18 5
95 86 6 25
43 81 12 10
57 63 15 15
81 16 18 10
99 73 16 0
85 57 12 0
58 44 0 18
81 19 18 4
41 86 7 20
77 70 0 7
25 36 8 15
29 79 28 21
35 83 20 24
75 74 0 20
9 58 6 24
78 28 20 9
22 51 10 0
41 29 12 2
69 16 15 24
66 21 4 12
51 37 5 9
25 74 8 18
89 77 21 27
33 67 24 20
65 70 0 16
53 25 0 24
39 96 10 7
93 24 16 0
57 76 2 0
17 50 20 3
56 13 8 12
23 94 20 0
93 94 0 20
27 100 10 0
27 94 0 3
81 96 5 4
26 21 13 22
65 36 18 10
14 77 22 18
5 11 6 18
5 71 27 2
1 3 0 19
71 81 19 17
97 91 3 8
3 13 10 3
57 21 0 4
83 8 1 24
48 11 12 10
91 29 7 4
1 31 14 0
65 53 12 14
46 52 0 12
37 9 10 15
39 23 16 8
28 70 15 24
70 100 12 27
5 43 10 28
33 65 6 15
41 40 20 15
88 28 24 0
11 47 12 16
33 36 21 18
13 97 0 15
7 19 18 22
27 1 24 28
1 41 22 26
85 87 0 8
61 17 15 18
41 37 4 22
45 3 0 22
76 39 9 0
61 7 5 8
20 71 10 0
55 11 13 3
85 77 22 11
95 13 18 18
21 24 6 15
43 94 6 2
26 51 2 6
37 100 27 18
5 32 13 24
61 49 12 2
17 1 6 10
51 73 12 0
65 93 0 0
45 16 10 10
21 79 0 6
61 73 8 20
47 48 22 18
65 38 26 0
72 5 26 20
36 54 13 0
62 57 8 24
41 13 29 6
70 5 0 9
65 95 20 9
76 41 13 1
17 71 6 25
10 13 29 0
30 13 0 0
90 41 0 16
65 81 0 18
80 63 4 16
71 51 0 0
81 5 1 0
13 81 2 15
30 41 0 19
27 38 4 0
65 17 24 18
74 51 8 15
28 29 3 24
43 85 24 15
56 65 20 0
83 96 12 27
33 82 11 18
7 74 18 8
87 24 20 12
52 85 12 0
64 68 13 8
31 45 12 16
45 41 24 15
61 28 25 24
16 1 6 16
13 54 14 24
22 45 20 0
97 29 9 13
85 33 4 0
76 21 12 27
92 86 9 0
5 91 26 6
1 25 14 26
10 94 10 4
81 25 6 22
33 97 8 4
93 77 22 24
69 25 18 14
86 1 0 6
76 97 27 15
27 65 0 21
57 31 8 24
97 47 16 0
1 35 5 15
69 17 2 24
81 93 18 22
26 55 24 18
1 51 10 6
31 76 12 21
21 13 20 21
47 77 10 11
85 97 27 24
65 90 6 3
57 47 0 0
25 10 10 14
87 11 18 24
65 14 6 9
7 13 6 18
86 33 10 12
18 13 0 18
11 21 0 26
70 97 21 6
1 56 10 20
82 45 12 23
88 96 27 24
59 9 3 0
15 39 18 16
2 21 14 29
79 83 6 6
51 95 3 0
46 65 18 24
1 34 6 10
65 82 28 15
34 69 24 14
85 5 3 15
11 12 6 20
57 89 10 15
86 93 14 16
17 87 0 15
32 65 12 20
11 16 22 0
37 85 2 18
13 24 18 0
71 31 26 8
95 89 20 20
24 5 10 6
22 53 10 21
43 30 10 6
4 16 24 15
23 80 18 10
69 29 22 28
9 20 24 24
75 37 12 18
29 100 6 18
87 39 3 10
33 88 19 6
88 1 11 10
21 91 3 3
51 53 18 16
9 26 24 24
19 30 24 14
1 44 6 27
57 5 9 0
56 37 12 15
81 27 21 27
31 9 24 6
85 89 9 10
58 13 24 1
2 81 0 20
81 37 10 0
93 51 12 10
77 21 20 15
1 21 12 0
40 91 6 10
35 92 27 6
61 93 9 0
61 81 5 4
93 82 25 0
67 45 12 0
47 31 21 18
75 17 3 12
76 51 20 22
3 61 20 20
29 7 12 8
95 73 20 15
50 36 0 21
9 1 24 0
5 65 15 0
53 66 18 16
76 9 4 14
51 9 12 14
71 57 28 6
4 9 6 18
63 8 21 1
43 96 0 3
86 91 10 10
92 53 24 19
79 77 8 12
61 90 21 2
22 6 27 18
12 78 2 6
56 61 21 0
95 100 4 0
43 46 18 14
45 99 22 25
75 81 8 8
39 29 3 8
57 35 24 20
1 54 9 0
41 67 4 26
100 2 0 28
61 89 6 24
21 45 3 12
69 31 21 20
80 22 16 0
34 51 6 0
42 49 0 20
48 73 10 18
69 53 2 25
28 66 28 27
45 36 6 25
35 71 2 0
53 41 26 3
27 60 3 25
78 36 24 0
27 7 15 20
89 31 0 12
61 35 25 0
37 69 9 5
56 79 15 18
41 51 15 16
70 80 16 10
29 93 12 1
49 97 4 2
7 33 0 10
37 52 0 16
21 69 24 6
13 27 6 24
28 6 19 16
18 63 25 16
13 1 12 18
33 1 0 24
71 75 15 0
18 51 10 8
37 11 0 12
41 3 10 20
9 91 2 22
34 17 0 18
63 76 18 13
35 54 10 24
25 89 4 23
85 93 12 0
1 45 0 17
41 83 9 20
35 36 15 10
36 64 0 15
57 18 11 0
41 16 6 13
25 37 12 10
61 43 14 2
63 6 0 15
57 75 24 20
97 1 15 10
76 86 0 19
67 61 16 21
78 66 0 15
63 81 8 18
93 79 20 0
53 44 24 12
90 47 22 24
41 23 10 24
67 95 16 0
1 93 5 3
3 30 14 0
93 32 3 18
3 4 0 0
45 91 24 4
1 23 4 16
80 13 13 18
70 12 14 8
41 12 26 0
13 91 12 4
89 93 1 29
11 1 0 10
83 45 6 22
71 41 19 18
61 63 12 21
36 30 24 24
91 14 0 15
34 21 0 6
27 93 10 11
43 52 15 0
13 69 25 9
31 95 27 4
80 17 15 2
87 1 2 10
53 1 12 24
60 37 0 6
77 63 6 9
100 71 18 6
1 92 15 20
60 41 4 9
1 61 0 28
13 64 1 20
90 56 20 20
32 91 12 9
23 71 10 24
59 66 8 28
91 33 15 4
71 21 10 20
29 61 0 26
39 90 0 13
8 1 17 12
32 1 9 18
8 57 26 2
33 57 0 0
81 41 27 0
9 53 2 15
4 6 12 4
17 31 0 20
94 72 0 22
65 85 28 2
61 91 0 11
65 67 6 20
81 77 18 5
71 61 28 20
6 86 27 10
74 31 20 1
11 31 16 4
42 97 0 12
21 51 0 15
86 89 26 8
26 83 24 0
25 33 26 17
82 86 0 15
24 15 24 28
38 53 28 18
57 6 25 24
81 97 14 0
72 3 12 24
3 11 2 18
52 53 26 10
5 6 12 18
29 56 12 23
46 70 5 4
26 27 27 15
96 69 0 2
71 92 5 14
63 68 20 4
14 74 6 0
27 97 29 22
5 37 18 19
97 31 27 10
85 29 15 24
68 93 16 24
59 27 18 0
25 61 15 15
7 41 0 8
50 96 23 12
81 69 0 28
53 57 29 0
33 10 1 18
89 87 21 22
10 34 17 0
81 76 20 9
13 22 24 12
29 1 22 10
25 64 24 16
97 3 15 18
51 72 15 9
69 61 0 10
3 17 26 12
29 63 15 12
41 97 20 20
70 1 27 24
80 31 10 28
52 90 20 28
45 89 10 16
95 69 6 27
33 69 5 10
57 7 20 12
45 63 18 0
46 51 10 15
14 85 20 12
81 87 25 19
76 17 14 2
74 21 15 0
55 85 22 15
76 40 0 13
63 11 0 0
54 81 13 5
60 13 14 2
57 65 0 18
76 61 15 24
9 33 0 21
64 6 21 19
7 60 21 0
66 1 24 24
89 1 4 10
1 24 20 0
38 81 24 15
9 43 6 18
52 100 3 6
91 81 0 8
91 77 15 0
61 77 25 16
1 72 19 0
16 90 6 0
1 81 24 20
14 57 20 18
64 73 14 4
92 11 2 24
4 22 10 10
71 86 6 3
9 41 22 2
73 41 26 0
9 30 0 3
76 56 0 0
29 31 0 0
11 73 1 12
99 39 26 5
23 26 8 24
61 59 23 15
78 79 17 18
31 43 7 11
69 51 20 0
6 12 20 22
32 34 25 14
77 51 26 26
19 37 15 0
7 63 20 21
56 75 6 10
48 52 18 3
11 83 10 28
21 17 24 13
43 1 26 22
49 76 8 12
17 32 25 0
24 56 28 18
97 71 0 12
3 77 12 2
14 46 10 25
55 100 28 14
83 56 8 14
41 26 0 2
61 26 18 0
47 73 10 15
71 88 20 0
79 33 10 12
49 81 10 16
55 45 4 4
56 5 10 21
5 12 10 9
66 81 15 15
29 81 27 0
25 46 0 2
43 21 10 0
31 22 14 0
44 5 24 22
1 91 0 0
36 14 18 9
5 41 12 12
40 51 27 6
81 21 20 6
86 77 0 25
62 1 14 7
62 35 18 14
6 70 15 12
26 77 26 14
8 69 6 28
16 21 26 20
8 21 21 12
58 99 0 10
17 51 0 21
35 63 0 6
76 55 20 4
82 37 24 5
65 13 6 6
29 89 12 15
87 26 6 24
44 41 25 10
33 38 2 3
95 20 14 3
97 83 15 2
76 45 16 26
97 99 10 21
66 76 7 24
46 23 0 12
3 67 15 12
95 93 15 2
86 49 20 13
25 86 6 3
89 83 6 24
47 40 28 18
17 59 5 20
53 45 0 6
1 79 24 17
93 25 0 9
11 61 10 25
31 91 20 8
20 33 15 14
76 93 10 12
27 56 9 15
3 21 27 15
73 91 5 12
79 16 20 28
5 66 0 24
27 50 12 5
71 98 6 15
13 49 24 11
28 1 3 22
50 53 18 21
63 1 16 12
57 87 21 13
25 56 24 24
5 98 0 15
52 75 20 9
23 18 28 12
97 2 1 9
19 14 7 6
82 83 20 10
50 73 2 2
35 89 27 12
19 76 8 24
26 17 0 6
11 18 4 25
33 75 20 0
89 73 18 8
33 3 6 12
59 78 9 15
47 25 8 18
92 29 18 20
48 65 7 4
69 80 0 8
17 33 29 14
89 88 18 9
26 35 0 15
55 18 5 8
47 16 0 15
53 36 14 10
77 56 0 20
93 45 18 10
5 26 12 16
45 57 15 6
19 97 12 18
41 25 25 12
43 57 9 26
65 24 0 12
11 17 20 24
27 45 20 8
81 46 3 12
43 53 0 12
85 79 8 8
35 97 12 18
5 79 2 16
21 99 6 5
26 67 6 20
81 28 6 6
38 21 14 0
5 97 20 12
2 8 19 20
41 89 18 24
25 67 9 25
66 69 5 18
81 95 16 24
54 58 6 12
86 16 0 5
81 18 15 0
4 25 20 23
60 43 18 12
10 49 9 10
11 66 20 21
99 1 6 0
79 51 20 5
10 31 6 18
48 31 11 14
89 80 24 0
76 69 22 9
26 94 15 0
1 69 18 1
42 21 12 1
14 45 20 3
85 100 25 3
81 80 9 0
17 5 29 10
59 77 0 0
19 29 0 24
19 1 15 0
64 21 4 28
3 68 28 9
86 23 6 16
13 51 24 28
14 20 20 12
76 13 12 16
66 56 0 16
93 47 24 12
61 62 12 0
89 70 0 0
1 55 18 20
79 76 0 10
65 25 24 18
9 48 4 0
80 37 18 12
15 41 15 20
78 29 21 12
81 26 20 14
15 83 3 6
89 36 24 18
35 65 4 24
30 21 14 6
56 53 0 4
65 34 21 24
19 73 6 8
23 37 22 15
77 17 3 9
39 41 10 27
49 71 6 20
82 18 8 6
9 45 2 14
6 81 22 0
10 54 1 23
98 76 10 20
2 49 8 14
98 85 18 2
11 40 15 11
85 21 28 16
35 32 20 10
36 21 12 27
42 68 16 24
49 5 27 20
65 91 5 3
89 33 0 10
95 26 0 0
63 91 0 15
47 21 15 3
66 43 28 22
56 26 6 14
80 61 18 0
42 77 0 3
49 21 24 29
49 23 23 0
1 59 26 26
96 71 2 28
79 14 26 1
99 98 0 21
59 16 21 6
51 81 3 24
25 27 0 24
57 58 15 15
15 76 27 12
98 96 12 0
7 83 19 12
14 25 20 28
11 35 6 0
31 36 26 15
90 66 20 2
79 11 22 14
62 41 18 15
85 81 18 4
81 31 0 22
69 6 18 6
25 79 10 18
13 31 11 6
75 51 3 26
13 8 10 6
8 29 26 10
96 92 5 21
37 55 19 7
76 99 0 16
33 81 28 12
51 48 6 24
45 88 21 12
49 63 6 12
53 81 17 0
73 58 28 20
14 93 15 0
49 52 24 24
33 51 18 10
47 81 25 22
92 81 0 28
31 79 15 18
41 21 28 28
25 45 0 17
38 94 0 0
33 87 6 6
55 84 24 17
47 61 0 0
92 68 20 0
77 53 10 0
10 42 18 0
21 40 9 2
61 84 18 26
3 49 0 18
93 6 13 0
71 85 0 24
65 71 10 2
61 21 20 29
59 72 22 6
2 24 16 6
53 95 15 20
71 1 8 2
22 56 12 8
56 42 18 0
73 27 25 22
13 26 22 0
53 89 18 18
16 67 18 6
39 67 20 0
83 28 12 9
30 88 17 3
63 37 8 27
89 52 0 22
53 33 27 12
52 34 2 24
5 46 22 26
5 62 18 15
85 7 25 7
29 33 2 14
98 49 15 6
39 82 10 0
35 51 12 24
63 87 0 14
39 1 0 7
49 56 0 9
82 91 26 10
5 61 26 28
95 58 4 28
17 25 0 28
83 51 14 10
81 70 13 18
1 77 0 0
59 68 16 12
89 20 1 9
56 99 18 22
73 37 4 18
83 1 0 17
34 40 15 5
91 75 24 0
81 59 25 1
81 11 10 10
76 25 22 14
53 28 2 21
27 57 3 6
24 14 5 0
25 26 15 12
64 1 15 7
8 36 14 15
65 1 12 0
89 98 10 20
96 89 24 16
81 39 3 9
61 85 2 12
81 9 23 6
11 14 11 6
47 64 0 3
63 28 10 27
17 49 1 24
79 37 0 16
86 85 27 14
15 65 0 10
43 41 17 10
64 7 6 6
9 17 11 15
15 37 24 28
57 73 23 27
41 49 0 12
5 33 0 0
39 35 0 20
57 55 27 0
28 60 0 18
2 7 4 15
1 2 12 28
13 9 0 13
5 4 6 20
40 67 0 8
77 20 10 2
45 61 16 23
33 11 23 14
21 96 0 8
49 65 20 17
76 3 12 22
89 2 20 6
56 93 27 0
31 51 19 18
21 27 18 6
5 15 24 20
75 26 15 3
7 47 26 0
78 14 19 12
87 61 17 0
97 53 11 3
53 31 4 6
83 57 9 24
19 53 18 15
38 25 27 4
37 86 18 24
