100 1000 5 59 3
1 7 21 31 61 
13 39 45 49 79 
39 57 23 24
13 46 1 90
25 15 85 39
69 65 53 37
46 3 66 47
44 45 66 40
86 73 11 92
78 46 21 54
97 11 72 16
49 89 11 76
69 85 79 40
35 44 49 56
97 25 85 95
16 56 27 30
71 87 81 0
71 37 5 26
58 63 11 78
89 37 41 47
2 45 21 72
1 73 37 80
59 67 59 70
29 26 20 78
86 97 5 37
13 61 16 53
85 9 99 25
29 51 68 80
7 28 77 58
1 6 46 50
57 17 13 72
19 77 77 92
3 53 33 39
25 98 93 44
4 96 29 44
16 27 25 24
78 20 81 8
13 90 7 36
1 76 41 80
16 15 76 31
47 27 87 44
39 66 50 40
31 63 19 44
81 44 33 30
52 6 33 97
69 26 16 52
3 56 1 47
1 7 93 7
31 65 81 76
91 96 57 84
95 9 41 49
9 89 31 56
67 21 21 88
29 48 93 16
13 73 65 84
83 3 24 15
72 54 79 31
89 68 40 40
6 97 89 84
47 85 84 20
25 42 22 80
82 98 63 18
46 49 21 17
41 17 41 36
27 11 27 66
21 83 81 5
5 39 71 85
96 8 67 25
20 49 5 32
25 83 69 40
71 42 41 69
11 91 65 48
31 5 70 73
27 84 76 88
19 16 25 62
81 73 73 50
21 22 57 55
37 88 43 28
89 69 51 59
57 1 88 56
41 6 99 72
100 25 49 18
9 23 26 9
67 49 29 76
65 51 81 58
46 89 57 10
83 93 19 14
19 63 69 63
7 21 21 50
5 27 96 23
63 51 85 43
45 73 85 70
1 36 35 67
28 100 91 75
93 31 89 67
70 51 25 75
40 71 33 79
51 5 91 15
95 55 57 4
31 64 51 32
41 75 49 20
9 46 81 45
89 76 83 38
61 52 1 30
13 37 27 28
61 41 45 38
55 12 98 29
30 1 41 60
5 88 91 84
51 57 57 62
39 65 9 75
97 44 61 16
71 11 89 60
55 81 43 92
36 41 42 48
75 73 39 54
61 55 21 52
95 41 71 52
25 11 41 70
89 21 16 58
23 16 49 20
19 26 24 48
60 76 45 56
21 5 91 50
57 49 87 90
93 13 68 85
93 97 58 60
55 21 61 80
29 88 93 48
30 82 65 88
64 66 33 50
71 60 93 40
57 69 1 62
71 53 9 52
27 23 37 0
26 1 2 74
33 41 31 83
11 30 81 83
95 57 65 62
13 85 78 16
44 83 15 80
21 9 53 93
91 93 61 63
97 7 57 5
80 1 73 61
41 93 81 12
93 39 14 16
67 93 44 20
19 62 1 56
66 94 24 89
37 93 87 32
1 5 67 92
8 16 70 24
8 4 16 0
77 25 88 30
81 50 27 93
86 68 51 35
3 8 53 88
23 73 76 72
17 89 59 71
45 81 51 79
77 33 81 48
74 43 25 60
45 84 55 92
3 10 61 95
18 35 26 0
75 61 53 8
23 31 1 80
95 86 29 6
43 81 70 44
57 63 73 90
81 16 21 59
99 73 31 45
85 57 38 40
58 44 25 7
81 19 43 75
41 86 61 63
77 70 19 38
25 36 6 91
29 79 81 1
35 83 61 0
75 74 23 91
9 58 87 91
78 28 36 0
22 51 41 92
41 29 51 72
69 16 55 10
66 21 65 81
51 37 56 39
25 74 93 96
89 77 1 5
33 67 46 48
65 70 69 80
53 25 46 82
39 96 84 76
93 24 5 0
57 76 52 0
17 50 61 8
56 13 31 88
23 94 39 73
93 94 5 50
27 100 76 38
27 94 65 42
81 96 73 9
26 21 98 96
65 36 1 25
14 77 24 27
5 11 61 32
5 71 19 8
1 3 70 88
71 81 43 98
97 91 91 15
3 13 15 0
57 21 92 55
83 8 9 96
48 11 65 0
91 29 25 70
1 31 100 24
65 53 43 97
46 52 74 32
37 9 81 40
39 23 1 95
28 70 85 55
70 100 89 32
5 43 63 24
33 65 1 60
41 40 6 0
88 28 9 88
11 47 1 10
33 36 60 40
13 97 58 40
7 19 33 58
27 1 57 40
1 41 61 25
85 87 11 24
61 17 66 56
41 37 49 68
45 3 72 54
76 39 1 23
61 7 41 76
20 71 57 12
55 11 93 85
85 77 65 99
95 13 54 76
21 24 36 64
43 94 57 50
26 51 43 24
37 100 19 58
5 32 46 0
61 49 9 72
17 1 55 31
51 73 83 70
65 93 27 55
45 16 51 41
21 79 86 24
61 73 13 80
47 48 23 24
65 38 52 60
72 5 13 66
36 54 61 10
62 57 78 97
41 13 10 40
70 5 19 35
65 95 1 56
76 41 77 30
17 71 25 60
10 13 42 55
30 13 51 39
90 41 39 0
65 81 25 25
80 63 100 59
71 51 97 65
81 5 81 85
13 81 65 0
30 41 77 50
27 38 50 70
65 17 11 25
74 51 83 8
28 29 100 20
43 85 51 33
56 65 41 30
83 96 71 60
33 82 77 40
7 74 51 32
87 24 8 44
52 85 93 60
64 68 71 20
31 45 36 90
45 41 45 26
61 28 17 40
16 1 21 90
13 54 79 65
22 45 67 65
97 29 53 60
85 33 76 45
76 21 69 50
92 86 97 20
5 91 63 10
1 25 91 48
10 94 99 44
81 25 48 90
33 97 21 97
93 77 79 55
69 25 69 71
86 1 21 84
76 97 81 50
27 65 17 64
57 31 51 99
97 47 51 20
1 35 93 72
69 17 16 4
81 93 15 12
26 55 16 69
1 51 59 68
31 76 22 97
21 13 95 60
47 77 1 56
85 97 1 4
65 90 81 77
57 47 37 70
25 10 43 0
87 11 21 3
65 14 9 32
7 13 91 20
86 33 91 20
18 13 1 80
11 21 1 53
70 97 56 84
1 56 14 82
82 45 9 20
88 96 3 68
59 9 97 78
15 39 28 72
2 21 21 49
79 83 20 7
51 95 4 48
46 65 11 63
1 34 71 54
65 82 12 44
34 69 13 90
85 5 78 94
11 12 25 30
57 89 23 84
86 93 61 2
17 87 31 45
32 65 17 48
11 16 96 44
37 85 33 87
13 24 71 68
71 31 27 75
95 89 71 15
24 5 35 0
22 53 33 76
43 30 92 78
4 16 11 55
23 80 59 52
69 29 5 48
9 20 23 76
75 37 21 68
29 100 6 88
87 39 65 2
33 88 81 52
88 1 100 0
21 91 76 38
51 53 1 80
9 26 74 33
19 30 3 71
1 44 59 38
57 5 17 5
56 37 37 22
81 27 33 6
31 9 88 8
85 89 74 64
58 13 13 12
2 81 77 0
81 37 43 60
93 51 61 0
77 21 21 50
1 21 1 46
40 91 69 50
35 92 43 68
61 93 87 30
61 81 67 20
93 82 84 10
67 45 29 24
47 31 90 96
75 17 1 49
76 51 31 99
3 61 4 11
29 7 7 35
95 73 20 20
50 36 41 90
9 1 71 36
5 65 71 8
53 66 35 56
76 9 81 80
51 9 72 30
71 57 13 5
4 9 91 79
63 8 55 0
43 96 45 48
86 91 99 55
92 53 84 14
79 77 45 95
61 90 1 90
22 6 63 37
12 78 2 98
56 61 19 8
95 100 81 32
43 46 13 60
45 99 34 48
75 81 3 86
39 29 25 45
57 35 26 84
1 54 37 96
41 67 5 94
100 2 11 50
61 89 90 83
21 45 85 60
69 31 73 7
80 22 50 10
34 51 77 36
42 49 85 96
48 73 41 94
69 53 7 2
28 66 9 84
45 36 33 84
35 71 29 44
53 41 61 46
27 60 88 25
78 36 91 91
27 7 29 54
89 31 57 40
61 35 56 75
37 69 13 84
56 79 69 92
41 51 5 88
70 80 11 76
29 93 33 31
49 97 31 61
7 33 61 51
37 52 58 4
21 69 77 43
13 27 21 40
28 6 1 24
18 63 69 64
13 1 87 9
33 1 7 58
71 75 1 32
18 51 21 88
37 11 91 46
41 3 92 66
9 91 41 0
34 17 53 93
63 76 38 24
35 54 24 80
25 89 9 36
85 93 15 69
1 45 17 16
41 83 94 20
35 36 29 44
36 64 27 50
57 18 9 95
41 16 5 14
25 37 14 15
61 43 57 0
63 6 61 75
57 75 65 76
97 1 71 45
76 86 3 50
67 61 43 90
78 66 53 8
63 81 19 0
93 79 57 68
53 44 61 0
90 47 81 96
41 23 81 61
67 95 1 16
1 93 65 95
3 30 59 80
93 32 43 8
3 4 55 84
45 91 23 78
1 23 47 88
80 13 24 10
70 12 90 66
41 12 72 30
13 91 94 83
89 93 99 16
11 1 15 44
83 45 45 34
71 41 97 27
61 63 90 30
36 30 13 5
91 14 2 27
34 21 45 76
27 93 10 50
43 52 15 11
13 69 61 60
31 95 81 20
80 17 13 50
87 1 61 55
53 1 13 50
60 37 67 0
77 63 78 46
100 71 30 60
1 92 46 44
60 41 26 60
1 61 43 80
13 64 52 48
90 56 4 72
32 91 1 82
23 71 11 0
59 66 73 48
91 33 11 55
71 21 61 41
29 61 25 40
39 90 36 40
8 1 99 46
32 1 25 54
8 57 33 4
33 57 69 16
81 41 57 68
9 53 72 1
4 6 1 23
17 31 61 50
94 72 35 19
65 85 39 82
61 91 22 32
65 67 98 78
81 77 73 16
71 61 92 0
6 86 35 40
74 31 89 4
11 31 53 5
42 97 29 8
21 51 4 58
86 89 35 60
26 83 60 20
25 33 5 96
82 86 1 68
24 15 7 54
38 53 54 92
57 6 12 40
81 97 97 70
72 3 7 80
3 11 51 50
52 53 41 58
5 6 63 75
29 56 49 77
46 70 17 5
26 27 53 60
96 69 47 63
71 92 4 55
63 68 85 90
14 74 26 20
27 97 91 12
5 37 86 50
97 31 70 35
85 29 76 28
68 93 46 26
59 27 97 80
25 61 53 41
7 41 25 32
50 96 71 80
81 69 61 26
53 57 85 16
33 10 47 84
89 87 40 16
10 34 26 36
81 76 43 88
13 22 51 84
29 1 26 30
25 64 31 78
97 3 21 12
51 72 71 70
69 61 23 32
3 17 1 18
29 63 89 13
41 97 81 24
70 1 95 13
80 31 73 0
52 90 1 97
45 89 100 90
95 69 46 30
33 69 81 15
57 7 82 40
45 63 57 3
46 51 43 40
14 85 45 42
81 87 41 75
76 17 95 40
74 21 66 30
55 85 71 9
76 40 37 1
63 11 81 75
54 81 89 8
60 13 1 0
57 65 95 22
76 61 33 64
9 33 61 74
64 6 27 60
7 60 66 3
66 1 85 50
89 1 64 68
1 24 41 70
38 81 85 24
9 43 5 16
52 100 94 28
91 81 25 38
91 77 17 0
61 77 83 24
1 72 42 69
16 90 1 50
1 81 77 22
14 57 90 8
64 73 3 61
92 11 75 74
4 22 1 5
71 86 71 16
9 41 21 61
73 41 76 20
9 30 66 79
76 56 38 34
29 31 66 12
11 73 33 20
99 39 73 54
23 26 21 76
61 59 67 79
78 79 39 76
31 43 56 30
69 51 15 99
6 12 81 18
32 34 22 40
77 51 51 10
19 37 83 39
7 63 1 44
56 75 89 58
48 52 76 64
11 83 1 30
21 17 81 36
43 1 81 23
49 76 8 52
17 32 40 68
24 56 17 52
97 71 1 0
3 77 78 90
14 46 53 65
55 100 13 24
83 56 51 80
41 26 31 72
61 26 59 92
47 73 41 31
71 88 57 70
79 33 79 15
49 81 49 80
55 45 98 30
56 5 61 61
5 12 67 94
66 81 31 92
29 81 91 85
25 46 87 68
43 21 95 0
31 22 57 47
44 5 21 5
1 91 95 48
36 14 49 48
5 41 96 44
40 51 85 80
81 21 23 4
86 77 33 68
62 1 57 20
62 35 53 8
6 70 53 93
26 77 46 34
8 69 78 5
16 21 61 12
8 21 16 4
58 99 91 4
17 51 77 0
35 63 100 22
76 55 99 89
82 37 88 20
65 13 36 94
29 89 37 14
87 26 9 20
44 41 46 75
33 38 1 38
95 20 14 12
97 83 1 48
76 45 80 60
97 99 2 48
66 76 12 42
46 23 78 70
3 67 21 39
95 93 95 2
86 49 33 30
25 86 5 16
89 83 46 48
47 40 56 39
17 59 11 0
53 45 37 82
1 79 66 82
93 25 41 20
11 61 68 34
31 91 21 48
20 33 21 98
76 93 91 36
27 56 97 7
3 21 26 40
73 91 11 72
79 16 69 50
5 66 41 25
27 50 71 92
71 98 36 79
13 49 25 82
28 1 26 0
50 53 13 55
63 1 1 3
57 87 11 50
25 56 94 45
5 98 65 62
52 75 81 48
23 18 26 94
97 2 1 51
19 14 62 9
82 83 82 0
50 73 85 14
35 89 65 20
19 76 31 60
26 17 75 85
11 18 67 48
33 75 14 76
89 73 41 68
33 3 56 70
59 78 26 16
47 25 10 20
92 29 37 60
48 65 35 30
69 80 41 98
17 33 65 84
89 88 93 44
26 35 41 0
55 18 77 63
47 16 13 72
53 36 57 20
77 56 71 43
93 45 21 80
5 26 61 60
45 57 62 32
19 97 57 15
41 25 29 84
43 57 54 75
65 24 48 8
11 17 8 71
27 45 1 40
81 46 1 92
43 53 26 24
85 79 27 56
35 97 86 40
5 79 1 91
21 99 37 50
26 67 9 3
81 28 1 88
38 21 85 53
5 97 97 42
2 8 49 42
41 89 66 20
25 67 69 58
66 69 31 52
81 95 53 52
54 58 91 75
86 16 99 64
81 18 59 24
4 25 21 52
60 43 19 0
10 49 31 75
11 66 21 0
99 1 1 2
79 51 51 36
10 31 65 54
48 31 41 71
89 80 31 39
76 69 56 35
26 94 98 0
1 69 51 12
42 21 81 80
14 45 25 60
85 100 85 42
81 80 71 80
17 5 39 69
59 77 33 52
19 29 28 96
19 1 41 96
64 21 11 55
3 68 25 97
86 23 39 44
13 51 26 22
14 20 57 14
76 13 27 88
66 56 37 90
93 47 32 72
61 62 1 20
89 70 31 51
1 55 1 56
79 76 21 74
65 25 5 25
9 48 47 26
80 37 13 45
15 41 97 34
78 29 66 30
81 26 33 63
15 83 45 3
89 36 36 72
35 65 97 36
30 21 31 61
56 53 18 4
65 34 91 92
19 73 76 22
23 37 76 52
77 17 81 23
39 41 67 43
49 71 47 84
82 18 39 18
9 45 56 0
6 81 81 96
10 54 65 37
98 76 81 29
2 49 1 25
98 85 11 28
11 40 86 24
85 21 1 42
35 32 40 5
36 21 78 45
42 68 66 62
49 5 41 8
65 91 21 24
89 33 63 75
95 26 97 25
63 91 75 71
47 21 34 92
66 43 9 1
56 26 47 2
80 61 32 13
42 77 35 34
49 21 31 55
49 23 21 39
1 59 29 92
96 71 2 89
79 14 78 56
99 98 1 0
59 16 93 32
51 81 98 12
25 27 39 4
57 58 41 76
15 76 65 25
98 96 51 30
7 83 29 28
14 25 97 82
11 35 50 25
31 36 9 28
90 66 79 70
79 11 48 44
62 41 91 48
85 81 10 84
81 31 99 39
69 6 11 15
25 79 66 88
13 31 61 15
75 51 65 50
13 8 81 60
8 29 99 20
96 92 73 6
37 55 6 96
76 99 93 88
33 81 86 52
51 48 20 96
45 88 61 42
49 63 1 84
53 81 81 28
73 58 74 12
14 93 61 32
49 52 79 48
33 51 93 88
47 81 93 86
92 81 17 45
31 79 27 60
41 21 7 16
25 45 95 0
38 94 1 32
33 87 30 60
55 84 29 4
47 61 70 25
92 68 56 68
77 53 97 4
10 42 37 62
21 40 61 65
61 84 76 20
3 49 31 53
93 6 69 42
71 85 80 20
65 71 41 61
61 21 37 60
59 72 1 25
2 24 7 28
53 95 52 54
71 1 5 50
22 56 23 79
56 42 76 40
73 27 29 31
13 26 93 31
53 89 41 23
16 67 6 43
39 67 20 90
83 28 10 40
30 88 41 40
63 37 71 74
89 52 96 50
53 33 55 88
52 34 9 99
5 46 17 86
5 62 85 88
85 7 11 2
29 33 73 26
98 49 11 56
39 82 65 72
35 51 33 60
63 87 81 30
39 1 9 30
49 56 31 10
82 91 5 8
5 61 25 20
95 58 29 62
17 25 46 20
83 51 12 92
81 70 81 34
1 77 24 36
59 68 45 98
89 20 75 54
56 99 95 36
73 37 51 84
83 1 62 64
34 40 27 8
91 75 43 25
81 59 74 89
81 11 91 77
76 25 7 50
53 28 19 16
27 57 33 4
24 14 53 0
25 26 72 43
64 1 51 20
8 36 69 4
65 1 19 92
89 98 16 31
96 89 29 96
81 39 41 10
61 85 33 57
81 9 47 34
11 14 8 90
47 64 16 33
63 28 1 0
17 49 31 60
79 37 81 5
86 85 46 53
15 65 19 72
43 41 57 64
64 7 49 30
9 17 11 63
15 37 45 59
57 73 14 20
41 49 77 86
5 33 53 88
39 35 97 71
57 55 61 91
28 60 42 56
2 7 34 24
1 2 21 64
13 9 26 75
5 4 28 42
40 67 3 20
77 20 60 12
45 61 51 78
33 11 17 60
21 96 57 25
49 65 81 72
76 3 43 64
89 2 29 95
56 93 79 84
31 51 41 52
21 27 59 26
5 15 51 28
75 26 22 96
7 47 44 26
78 14 1 36
87 61 47 40
97 53 16 41
53 31 20 77
83 57 11 76
19 53 29 82
38 25 7 64
37 86 62 52
