200 1000 10000
80212
1986
95669
65271
92533
48280
31680
89102
95871
35421
94847
37395
53784
93260
26729
72131
90018
77361
70283
58808
3608
44909
6395
60042
15508
46384
83379
42822
3567
41439
26199
83778
43424
21868
49049
52308
86499
97080
57761
82370
32500
52607
36116
2635
45866
62845
91117
35883
56557
61399
11042
60165
6307
17437
36558
21815
63820
19936
64636
67387
77726
90834
67516
37501
29053
32916
89808
15552
29995
47568
14273
62494
16526
66740
65129
62392
45936
56245
14626
2493
33996
25668
79009
40302
43104
15566
62116
23275
35502
43103
7013
29579
50289
90881
67080
95693
23796
73239
27596
53791
37159
41868
32636
53684
24960
14116
16075
70895
86713
30701
89739
20708
72720
68747
77361
32175
665
55829
55449
36166
98931
78814
82096
65571
69694
49175
61264
93489
22414
88859
63631
59572
47079
12619
13255
88390
26734
45682
75636
29798
92734
81727
66857
65453
50473
44218
97627
51137
46
53075
3654
15328
48240
85750
80899
17933
51276
58514
11422
90041
63724
91404
49612
27154
4022
79219
15543
47108
41252
91179
93257
33985
72905
60114
99437
39729
20683
97063
7218
20728
66489
27223
52407
14729
12972
49657
32661
80600
8170
60434
70640
88246
51838
36604
15399
72211
32174
30942
35670
73425
171 148 28927
34 54 27728
14 107 23197
110 102 26074
134 119 7377
187 87 86747
94 155 15559
123 192 47571
110 52 50488
167 87 89737
172 4 15162
161 168 95462
195 61 93381
66 25 83938
56 70 3342
113 76 95497
53 68 81122
60 27 54011
59 106 39735
138 32 24576
186 121 43236
148 127 81711
153 116 61853
20 131 24010
54 180 90155
61 49 55964
148 84 8080
152 63 57080
102 117 35450
170 180 58485
96 12 14730
112 114 3763
101 57 9908
94 125 16520
146 88 37857
20 144 13105
34 117 1472
140 161 56238
118 139 40448
1 159 92015
41 38 10345
150 196 52269
144 76 15756
198 175 52587
84 71 83068
126 80 22699
49 146 97755
102 4 42703
136 78 16938
11 121 90007
121 19 33020
112 106 52237
145 129 14278
4 111 30519
172 168 5073
155 85 18030
68 41 3215
161 187 66544
124 91 12349
102 21 2878
13 163 62904
156 86 42268
139 33 84741
142 105 1023
104 75 60543
140 198 72823
7 136 26845
64 143 60757
21 91 49886
162 175 28551
180 176 30159
69 148 3079
193 24 65934
21 61 85047
68 119 21456
157 153 6402
98 184 46205
56 86 61369
147 196 49991
193 137 65327
58 163 2476
99 127 36799
3 187 95912
12 104 3146
118 18 5181
157 37 33459
188 41 10979
18 68 1416
184 126 38862
189 165 87898
15 158 90739
43 180 61028
128 170 75671
41 37 591
51 197 17490
43 24 68898
67 29 36770
47 173 65637
9 40 35954
146 152 11182
178 8 33181
86 188 9176
141 48 13880
153 129 53775
42 169 29758
138 44 62114
123 93 52322
192 156 90142
51 105 61888
135 22 86357
123 1 89353
185 143 32046
196 149 77301
144 5 75154
104 53 82816
114 107 87091
50 176 63678
94 199 92860
174 50 39562
176 93 63002
32 26 4658
156 6 22518
135 9 64607
175 97 17675
158 27 36094
174 21 38574
99 158 75637
154 144 67919
57 82 1006
40 89 98895
75 180 62111
3 136 32521
90 36 14956
49 137 36049
102 133 4718
122 16 40187
68 185 56868
174 108 99057
26 78 91714
33 149 80671
120 26 20763
26 94 69605
143 17 22568
199 130 82040
113 172 13299
198 110 23745
146 162 99624
105 162 33902
154 71 14349
69 188 69095
96 92 1704
196 92 44792
8 48 88336
15 75 96397
61 178 76932
149 17 7855
135 13 12663
163 96 26796
29 12 47686
121 149 75154
47 2 22474
17 139 85449
13 154 87868
125 166 36675
163 13 22004
12 27 53986
75 188 47753
129 148 98629
42 156 58977
200 98 16136
115 52 88444
24 91 49953
89 168 34153
172 101 52688
97 74 1936
163 122 75525
102 145 75795
32 154 62857
48 61 96675
78 154 98582
189 5 21651
99 7 58736
158 184 67695
46 17 5490
154 180 68741
120 50 62579
18 181 94670
195 107 74642
168 162 21984
140 94 43363
82 134 4225
41 166 64679
86 28 96213
200 27 60033
20 42 43417
185 74 44269
61 15 43884
108 175 50821
38 105 76720
66 82 38250
169 16 10638
84 104 18996
3 154 46063
114 137 83185
43 154 53669
58 57 8316
107 62 78138
121 52 37913
189 187 16880
199 163 99941
39 76 89263
19 21 41714
161 142 63564
148 183 44724
86 133 65195
111 50 18448
88 158 32857
2 115 13843
71 101 47432
58 161 63317
172 103 39925
124 42 58993
9 176 60978
188 190 25116
53 60 27554
74 113 70857
87 133 85616
176 110 66313
124 8 5104
4 185 38519
134 25 43065
101 198 62482
96 56 10760
17 103 71192
137 48 89702
69 90 91995
82 144 22491
75 37 64040
163 186 80596
161 125 10381
83 12 30563
2 148 57668
158 153 93806
36 159 14414
76 98 84072
43 87 85559
105 60 9897
96 39 3057
167 187 40715
19 184 27903
69 10 25107
170 148 76393
137 163 3587
160 64 63769
95 7 45940
181 34 25034
128 89 55385
152 31 25384
108 53 39385
18 101 64451
45 135 9080
49 200 66944
140 45 14400
88 138 88688
34 128 60600
95 99 85529
28 105 52838
39 73 49656
175 90 18706
181 49 56958
65 111 3925
140 2 73850
71 194 97396
59 159 41203
3 32 88086
190 69 92939
122 23 72014
182 46 48845
119 113 62587
103 126 57879
118 21 70473
192 151 25244
195 190 38033
32 141 96086
171 177 21027
110 30 70438
3 142 67737
167 144 611
169 114 92576
36 74 50967
140 185 63819
159 130 77827
3 131 36492
194 75 54949
24 171 80555
38 10 38615
4 116 88939
104 126 74337
33 188 71461
64 133 32764
172 94 56168
23 69 33789
41 74 80191
30 39 21740
33 180 92565
1 120 53428
9 15 32963
50 177 24918
37 172 74276
86 125 84883
112 62 25398
94 143 22209
178 43 20060
110 195 74010
177 120 99670
38 84 16711
33 60 42677
118 153 12444
130 72 1250
125 169 95633
59 169 23241
144 156 99252
178 154 96665
63 6 42009
139 9 20388
52 32 58474
138 20 83092
197 57 76472
23 69 26282
9 24 11023
55 41 89957
49 162 14491
155 80 94583
164 108 71851
162 57 77469
176 69 38702
162 176 16543
101 130 73264
94 2 78475
170 198 16852
113 177 74866
95 194 77350
196 47 88711
29 34 77460
11 42 37005
198 176 73647
141 33 48918
109 175 92297
139 55 31423
139 156 72037
61 110 47982
181 199 42304
58 119 65043
23 9 10436
11 185 63542
153 119 75082
42 66 35315
120 18 29069
177 182 22603
174 45 55369
29 70 44066
160 15 19271
131 35 33503
29 85 52835
64 191 8418
129 4 6521
100 120 51961
90 66 37275
108 196 80743
35 142 93224
157 29 7700
97 95 15395
44 42 37088
139 199 83391
199 10 47
87 17 52001
38 37 477
64 84 37094
134 35 15542
78 61 47961
142 17 31151
62 127 96709
81 190 19656
137 113 32818
129 196 14397
9 35 61034
41 184 27049
67 11 81463
119 49 69947
121 15 40178
77 131 36316
105 4 14104
5 96 96152
25 124 3475
103 123 57477
50 119 68355
48 80 22267
67 133 20794
94 106 31751
84 94 58672
79 194 12355
183 152 947
93 168 28837
138 155 3539
137 193 63614
52 116 68775
199 21 68597
77 12 53072
85 110 66778
101 169 92793
86 162 40685
72 11 45586
200 150 42563
45 74 4874
23 61 52694
72 17 53163
23 148 15954
64 77 20803
109 174 52870
137 94 59924
150 15 761
91 48 32763
122 30 44279
42 15 50458
124 198 91437
172 161 51662
13 168 20749
142 40 95072
111 112 96330
87 111 70327
45 12 96194
19 124 46774
156 114 93951
12 9 56936
194 190 24622
118 62 79655
137 167 78260
82 114 27443
51 67 47307
105 65 49945
10 36 53854
28 39 70864
23 176 47909
175 66 86969
189 11 98584
103 128 25964
196 45 13488
127 58 6923
147 145 56666
65 70 86962
79 145 13420
193 37 39372
133 160 11736
55 101 46920
7 74 93770
2 164 97785
94 68 47526
167 175 71281
112 155 67287
62 162 56024
10 67 31895
41 53 60646
55 109 71077
36 39 85524
176 53 64129
41 172 41732
137 150 55452
16 152 1930
34 11 80621
85 46 42582
43 107 78416
197 135 54717
41 73 41718
78 25 21376
49 181 84245
157 161 74873
86 140 75738
119 147 94226
144 26 19437
173 107 90907
6 96 52234
96 13 77464
159 171 30093
89 169 7576
127 167 44593
89 63 17807
151 117 23227
177 175 65301
62 8 98520
76 195 6651
182 129 96779
101 23 31608
110 122 49744
104 39 35682
31 135 21933
152 164 85448
6 119 75578
192 102 30907
31 38 75007
32 162 49086
152 151 4991
9 91 75310
139 56 55768
91 192 42216
8 70 76342
25 100 53403
87 186 46740
28 26 61988
97 83 43546
131 11 98366
171 75 40608
11 65 72348
141 147 63075
200 122 54558
36 167 41736
115 165 74031
93 18 3240
106 17 23998
52 173 22654
78 103 29645
125 131 15078
169 99 88467
148 199 761
103 51 91003
32 68 80826
105 151 42489
176 95 89532
152 14 70322
141 125 34442
87 176 23390
161 124 61227
38 9 55606
192 170 79463
172 198 39824
91 187 62167
2 67 33816
184 128 85219
193 74 71764
174 192 89088
25 163 79342
40 149 84837
141 26 7698
101 47 53017
14 9 59677
143 184 19251
147 6 79986
113 200 13189
165 42 61294
174 104 47897
199 141 27471
77 100 3288
156 154 20010
32 89 99920
194 158 23542
153 169 3594
118 169 75271
85 56 41064
93 28 79149
149 134 93692
60 144 97890
195 160 54594
26 140 26122
153 35 46170
6 183 9489
59 88 21235
57 104 36833
105 11 30949
92 155 62084
57 163 81319
57 84 36226
15 41 21211
13 113 89694
108 198 43520
194 6 72706
129 58 40371
37 185 66504
33 21 81173
32 75 11802
50 38 96391
109 180 70464
40 42 74600
78 140 74851
155 90 96841
157 174 69119
64 75 38911
8 161 79423
188 46 49544
103 51 38747
198 139 54309
90 101 46626
74 18 31102
133 74 38699
198 152 38458
33 27 72320
28 148 88141
94 27 68825
177 83 66430
41 103 992
94 189 96960
114 164 57781
182 158 91806
155 94 28695
189 66 22670
165 131 67115
170 104 11596
151 141 20713
26 159 59573
165 126 87674
95 35 26262
153 38 49229
44 87 19127
21 15 93493
153 51 78079
21 162 65178
61 37 80946
32 54 43612
154 121 92864
98 186 46803
31 63 56098
70 32 41566
126 11 60361
81 161 26741
185 60 38040
182 180 34314
134 131 90759
34 12 78702
35 91 17947
15 52 28145
3 132 99382
129 182 3767
107 32 48983
12 9 85781
72 78 36036
95 195 90082
199 70 62852
53 147 92530
198 109 10277
157 192 59496
174 69 66389
119 122 12617
94 15 10054
178 126 99736
157 46 96217
34 105 56729
143 20 53906
65 29 8629
164 138 56929
24 64 77438
196 146 43344
75 16 17802
55 32 15519
95 150 62110
111 27 45953
167 169 90463
51 53 64469
98 35 85840
164 71 27102
99 33 18874
81 76 29807
175 14 67971
187 137 85152
100 187 2953
15 122 87360
148 92 51397
24 174 80613
31 162 85953
58 40 79528
10 155 54630
21 160 2370
12 106 70525
91 38 80875
141 71 57711
118 142 58291
196 27 63997
59 10 84889
141 167 88161
140 138 24918
56 80 28473
46 94 4207
28 103 75683
169 196 49066
153 118 13654
192 119 42400
108 3 3129
152 41 46078
126 114 27958
6 17 30017
69 197 51280
78 28 94956
48 153 92756
136 185 79948
50 60 82589
99 140 4733
11 43 49846
76 80 7281
176 77 26461
23 100 19867
43 106 33994
143 179 24748
78 14 23387
103 74 10776
137 25 14130
109 40 69716
139 79 45451
54 78 29741
23 150 60868
95 5 51825
137 83 47257
97 71 87220
71 70 14551
76 57 55333
18 186 83549
142 52 13829
158 22 53817
77 44 54664
186 180 25754
76 57 61250
172 22 6231
2 19 54347
113 198 11989
174 198 22590
133 90 26479
85 129 49015
199 159 80027
87 51 87188
136 192 47085
166 188 51940
177 43 50423
86 117 48174
50 77 20697
41 30 30497
87 72 68276
197 63 35388
40 55 22712
19 98 58890
152 167 90173
121 178 23907
56 61 4949
39 96 6738
41 162 25506
83 59 95903
2 159 85502
162 131 19574
2 20 46315
32 189 72867
126 99 86936
104 151 46164
63 158 95109
111 61 62421
63 18 3988
59 6 85223
100 175 51845
134 154 27164
6 89 14753
189 85 74471
103 84 76882
166 37 61903
146 51 50920
155 19 14659
71 193 65575
112 101 96948
74 39 90887
23 169 40425
158 116 57365
147 22 52871
92 93 56860
191 164 71864
54 10 79926
1 143 98201
56 137 65632
162 67 83992
127 51 59396
44 148 21248
140 94 27370
69 4 40252
56 189 23430
60 137 78158
122 134 13013
21 68 33015
89 79 37779
58 59 64433
60 199 40331
41 98 36046
182 83 51675
23 186 47638
5 106 6916
134 9 92522
124 14 93876
101 110 9330
17 176 66026
134 187 46893
54 63 19484
73 20 36475
158 33 59983
108 176 19225
200 35 88078
83 181 25103
46 152 36305
133 139 81368
123 13 11745
69 59 54340
34 103 93338
26 190 1324
137 15 76982
14 117 24810
195 46 92938
148 60 65166
25 62 13103
151 14 44918
87 188 3832
50 153 3550
4 65 80503
22 2 36669
46 12 6152
83 171 37489
31 55 96097
130 77 52909
114 54 55040
5 177 76647
160 157 97588
138 154 7732
95 173 89509
158 56 19299
147 158 7240
159 76 8399
31 43 61061
185 62 2980
123 154 56953
116 157 91073
110 111 6740
58 79 97352
58 195 36740
200 191 92270
154 115 37195
78 5 56504
184 100 3075
156 77 41660
191 124 69835
92 91 44249
48 191 57877
19 53 88145
170 124 64595
185 40 93204
89 81 79828
188 56 1003
34 125 29189
151 75 89403
6 5 64966
142 45 90411
137 64 83291
38 185 53294
195 24 27501
182 113 28003
79 168 88614
60 65 90761
33 57 24898
64 21 98131
162 29 19085
130 183 43743
142 96 91961
88 108 85479
108 148 59450
5 171 36133
100 81 89257
189 84 26575
86 180 73457
37 141 7968
67 51 7525
12 81 30997
171 82 24573
122 198 75332
173 156 49718
135 26 71666
135 48 81147
119 58 84065
96 47 76504
66 190 43312
93 130 77129
5 190 76720
77 130 5986
195 56 71636
150 151 15865
35 132 13104
11 15 31926
85 48 35879
127 124 98560
20 64 38672
54 129 1023
129 4 33430
128 199 58448
33 1 87979
165 94 3390
96 198 87255
96 162 10733
176 185 63254
74 57 99971
164 125 28865
55 76 30845
188 47 55576
200 20 2419
85 16 35619
190 144 35367
24 82 65607
145 85 978
92 174 51261
49 55 32882
151 79 10727
168 163 86881
110 168 33140
35 53 94659
118 159 30684
107 8 47635
144 192 10465
42 84 17867
142 5 41248
185 49 90198
173 175 53966
110 115 51156
133 147 78305
141 57 51312
46 26 27910
182 185 68804
54 196 53168
38 114 69321
88 138 69650
15 8 82700
43 99 74961
1 54 92584
63 142 25164
58 99 67816
43 157 63438
171 155 59629
21 91 99929
41 109 69679
157 52 79268
88 120 7797
113 167 54238
125 183 78517
19 105 64989
164 64 93712
182 149 28168
38 182 67674
23 29 39449
197 36 4904
153 83 3410
37 98 47375
148 196 63436
115 164 16953
166 130 34138
106 158 57948
68 170 56676
151 54 53286
198 36 75049
131 22 34670
95 176 95990
6 15 91026
141 13 37496
127 82 43637
163 144 51659
22 162 74259
157 183 70316
145 51 54618
149 44 44987
111 164 13467
162 43 7257
167 192 41585
16 38 69862
18 74 7549
35 32 59375
195 121 1298
47 23 86951
128 124 12225
27 166 83725
50 152 17741
173 52 37106
107 133 6802
81 53 29984
180 21 41171
128 57 82045
143 159 3150
95 151 58755
90 106 69584
168 117 55955
28 142 6230
23 175 35703
62 183 70693
78 184 32554
155 138 47099
197 182 55130
127 94 68013
73 152 89542
10 177 16007
101 74 85289
23 195 27200
141 165 44518
29 77 56633
132 101 75083
106 132 80944
14 68 36052
12 20 46366
154 51
10 7
4 78
57 34
8 199
198 194
141 115
1 66
3 82
17 135
151 165
119 175
47 87
118 84
90 42
1 44
92 10
2 48
87 10
33 46
8 182
192 148
96 144
165 51
25 181
137 175
98 56
101 144
94 170
179 183
11 179
26 55
140 179
102 27
188 86
24 148
67 15
47 114
158 12
164 182
144 101
157 193
108 57
137 1
179 67
183 189
198 161
43 137
139 96
115 79
133 139
178 199
153 24
65 111
187 180
44 83
32 200
75 139
9 163
91 187
30 74
127 27
186 170
115 76
17 30
154 150
120 83
100 72
107 164
134 45
96 178
129 154
18 89
116 108
27 97
133 154
75 118
75 190
146 91
171 51
192 90
134 92
161 192
7 47
36 54
24 115
181 104
68 150
193 183
9 19
80 94
172 106
163 198
95 108
89 65
159 32
106 92
123 19
83 82
65 70
135 40
184 67
143 51
16 135
186 177
106 17
70 29
122 184
27 17
92 115
33 50
98 91
93 21
109 127
54 173
196 188
12 180
55 106
30 22
193 167
150 98
183 171
78 105
155 104
73 198
170 57
199 68
147 91
40 55
17 93
179 164
80 142
143 86
48 125
60 192
91 9
41 26
180 118
82 86
22 154
83 143
162 81
10 109
123 49
115 91
93 94
54 173
35 197
10 34
73 69
177 115
30 17
140 9
87 21
94 60
126 128
2 88
8 164
148 130
164 62
20 57
155 25
181 142
173 190
127 45
11 104
160 40
72 51
48 158
24 93
17 149
172 171
188 131
134 135
12 97
197 183
153 103
7 133
196 180
75 123
24 85
178 135
124 49
186 123
159 161
167 127
109 138
68 182
31 79
79 179
61 183
82 67
68 29
46 142
151 22
26 80
156 101
81 93
23 39
53 189
117 114
78 166
162 145
147 144
23 177
123 35
112 156
101 179
184 99
72 87
120 49
166 27
149 198
72 123
188 76
63 105
189 140
70 150
36 168
94 58
97 168
44 8
123 144
138 58
194 9
144 113
57 62
92 157
59 163
31 47
38 93
151 179
32 172
128 67
91 173
76 139
140 71
146 14
14 35
72 160
43 15
24 51
76 115
159 135
29 189
133 19
81 35
197 64
6 76
82 48
49 109
187 140
179 84
154 145
119 25
104 113
191 127
116 67
194 74
153 22
63 37
40 95
71 188
159 28
64 192
75 112
101 13
51 31
97 156
175 167
180 30
31 171
157 146
189 102
20 93
75 34
129 67
128 199
54 38
26 117
30 52
180 130
65 183
160 113
138 87
31 118
116 61
40 24
159 28
125 178
72 152
11 200
18 90
150 23
128 175
140 157
178 71
38 42
53 149
106 143
35 88
60 103
101 51
126 59
30 3
36 101
154 198
52 123
39 1
145 166
127 36
74 104
107 111
98 111
60 155
53 46
43 64
148 143
66 26
1 95
180 188
147 85
137 198
7 175
150 103
141 76
139 166
180 197
77 29
59 88
183 64
85 25
127 185
119 193
10 119
39 141
58 186
25 194
135 31
169 85
133 61
112 23
26 91
171 54
71 30
93 54
93 130
30 171
114 149
115 75
19 106
15 77
43 39
22 177
21 142
13 105
2 125
128 180
167 50
185 38
79 30
43 123
159 72
46 72
20 160
146 191
17 112
19 59
150 40
188 170
182 200
74 135
76 153
66 195
3 51
184 33
80 26
156 190
49 1
61 21
112 158
11 129
69 29
187 170
20 174
91 153
126 116
88 153
69 105
147 71
107 82
55 186
107 10
127 108
162 187
128 26
96 138
154 116
118 92
85 89
18 127
42 143
43 81
95 111
185 194
133 92
75 187
29 134
149 156
41 110
94 168
135 190
57 40
57 126
132 142
14 149
68 55
43 110
87 89
172 72
82 104
115 109
43 95
42 191
50 82
52 96
1 139
37 9
178 93
134 61
186 99
161 6
154 155
67 192
44 39
15 77
94 129
185 88
176 178
78 25
11 82
72 11
20 108
171 149
1 104
162 138
3 74
143 108
29 10
51 24
200 66
52 93
146 37
181 121
166 10
98 177
43 169
139 14
77 110
163 29
165 76
118 167
101 61
26 81
22 77
104 21
94 108
65 39
96 197
160 61
159 57
37 1
25 176
15 53
37 129
33 1
4 151
120 104
163 145
185 184
173 40
4 66
147 68
105 42
17 16
103 175
72 91
175 48
18 189
53 54
117 37
55 72
139 126
128 101
22 112
84 195
103 39
12 2
59 68
43 75
83 97
49 106
140 23
154 157
164 158
163 80
194 169
152 133
94 31
185 115
142 21
61 196
59 73
197 117
92 192
191 175
88 39
80 179
14 185
88 177
142 50
56 88
170 159
172 63
189 156
129 82
176 142
78 187
166 26
103 57
17 94
31 57
84 63
35 49
47 122
25 141
123 33
180 92
143 151
106 132
58 187
165 34
128 194
20 93
20 74
101 188
119 84
44 155
146 31
3 144
152 28
36 27
60 15
70 2
165 176
85 23
114 2
8 41
147 179
85 166
4 185
106 123
20 149
77 165
179 79
61 83
58 96
61 117
111 130
71 27
57 107
1 170
108 160
10 55
90 46
172 94
183 77
168 2
178 44
119 108
74 179
190 132
74 2
200 136
132 70
163 188
177 115
158 36
75 119
90 164
117 14
9 99
90 176
52 67
171 170
175 197
148 116
80 174
70 79
109 1
101 23
140 29
138 49
64 12
120 106
127 36
119 136
86 8
63 137
27 34
107 153
30 6
20 109
179 89
139 40
41 39
62 181
67 199
29 83
162 148
188 89
135 106
176 20
65 38
157 43
23 15
195 4
172 167
64 151
55 3
142 96
193 155
28 12
106 8
94 67
156 81
107 42
138 82
62 154
72 170
197 94
184 143
98 155
109 161
57 164
115 150
11 108
105 38
71 10
45 164
28 152
196 135
194 133
168 7
38 39
176 34
85 159
177 134
65 85
94 74
200 161
23 10
20 79
199 90
88 196
53 116
147 200
2 92
84 169
98 121
160 73
155 44
183 83
177 200
167 22
73 119
134 47
128 153
126 127
194 13
74 198
80 20
197 33
64 80
2 161
153 113
186 107
156 168
141 84
167 59
57 191
177 191
38 105
95 163
183 89
127 56
38 159
27 35
191 90
66 144
3 18
56 188
76 163
155 168
46 74
27 55
64 3
45 53
59 91
167 41
179 94
48 17
4 27
3 194
68 20
138 70
190 193
57 65
108 164
33 105
189 11
159 4
13 155
57 72
46 23
64 176
68 64
144 71
90 98
17 157
118 154
27 107
98 35
123 5
150 107
62 138
117 20
94 130
175 150
1 172
124 16
147 144
79 91
14 168
188 30
77 57
135 55
163 185
41 86
141 191
192 2
80 61
22 173
190 148
74 142
119 198
157 65
141 188
107 106
155 47
88 183
103 174
189 66
158 30
103 99
20 46
100 51
106 73
24 47
20 97
188 90
46 97
155 138
84 13
196 190
59 83
125 114
8 113
131 166
142 185
16 113
30 67
164 88
92 187
134 63
35 74
153 81
122 59
18 5
71 13
146 82
47 70
195 55
183 77
172 124
61 139
189 42
5 152
129 48
138 15
111 172
40 63
4 161
121 22
117 143
186 62
24 33
84 170
39 66
198 10
141 58
100 129
100 56
80 180
104 169
194 14
93 33
28 48
145 148
69 61
42 7
75 66
39 158
187 77
23 185
38 115
194 137
196 93
192 27
73 47
196 18
60 40
51 87
87 147
186 108
8 28
114 34
45 104
191 183
132 165
119 121
79 113
57 26
5 200
53 29
47 200
47 58
39 49
97 77
195 82
136 154
61 49
187 57
104 177
40 35
93 110
155 124
22 163
149 179
163 1
159 161
200 5
18 190
5 66
67 200
148 2
105 160
3 92
169 106
20 160
141 113
69 47
36 43
10 136
21 124
137 131
84 88
136 53
78 92
119 96
43 18
97 148
129 51
191 97
157 162
56 49
74 125
47 61
167 56
197 139
179 85
69 14
172 156
67 1
48 185
96 90
154 145
189 82
195 131
179 103
93 34
103 166
110 150
179 76
5 127
14 136
163 35
149 86
190 167
87 37
151 134
79 56
78 19
138 25
150 68
79 42
101 182
159 11
83 89
38 39
167 52
174 129
86 75
167 27
41 53
16 144
186 46
199 16
64 136
40 165
3 118
158 56
51 69
18 133
109 55
172 76
106 145
156 143
19 122
122 12
126 137
155 112
182 153
79 197
41 118
114 195
35 71
50 86
91 67
170 200
122 141
27 179
38 134
74 8
56 195
19 133
83 173
44 64
126 74
12 118
191 125
112 178
148 114
15 190
180 184
141 53
125 167
184 114
101 57
121 108
3 140
40 85
64 36
100 141
109 63
58 100
140 170
29 39
35 43
28 14
26 169
19 102
135 2
15 187
10 88
94 164
27 134
200 90
169 51
31 29
113 40
128 4
161 108
42 195
150 70
161 128
190 179
181 124
132 148
63 93
35 156
56 61
41 7
102 161
57 84
190 121
76 69
125 36
177 166
31 126
187 143
5 176
121 186
52 4
133 114
96 167
21 151
179 62
157 32
22 165
68 11
85 143
80 161
178 8
79 160
133 17
102 138
193 174
75 196
177 7
109 72
125 81
174 55
142 82
38 116
198 105
78 35
47 109
195 177
116 25
88 1
42 190
138 34
115 164
181 92
122 89
115 46
121 41
52 63
122 89
130 120
194 7
154 192
68 100
168 183
125 56
183 166
197 72
151 63
35 131
154 156
171 21
153 91
61 4
105 134
45 34
5 38
193 110
181 60
10 149
194 134
156 129
51 104
200 1
166 187
83 72
94 53
44 199
143 104
154 200
189 198
33 194
187 177
103 168
188 64
68 182
197 175
110 199
30 61
199 147
199 81
170 93
85 13
43 180
68 196
179 57
194 163
2 132
140 104
99 79
168 166
60 116
92 121
67 121
134 65
68 132
98 189
176 134
2 18
113 21
14 91
77 159
54 30
90 145
86 189
23 5
106 35
72 150
107 138
70 40
155 89
172 52
78 99
185 31
117 50
51 130
140 80
40 145
109 129
89 194
69 64
150 127
98 22
76 156
159 97
196 113
138 119
116 167
17 53
197 85
102 47
166 41
78 5
186 139
134 26
84 154
41 34
80 138
55 107
46 13
4 41
78 141
111 193
107 127
197 55
164 98
53 129
91 131
134 28
69 19
53 152
172 94
185 4
183 191
110 28
156 113
20 33
5 130
177 63
9 174
117 172
71 122
100 113
52 185
140 72
3 193
23 127
38 160
130 172
102 191
152 57
56 171
41 60
53 170
75 61
184 165
64 83
78 67
20 17
138 22
161 113
100 150
72 29
122 173
172 73
182 27
195 22
38 47
143 112
59 85
7 42
2 70
77 31
137 96
199 74
69 160
138 169
61 9
149 182
134 120
6 67
146 1
40 184
47 183
47 106
19 53
99 172
123 175
2 11
70 1
36 139
112 174
59 172
134 7
106 19
127 111
85 72
111 77
7 110
11 54
167 29
106 65
1 180
40 2
190 61
154 178
151 65
151 9
189 36
168 94
55 94
156 91
117 67
119 124
128 129
129 94
158 186
166 101
63 107
162 17
84 64
33 186
25 173
22 192
66 28
85 22
118 153
40 37
28 119
117 156
164 26
142 73
135 59
126 198
165 87
166 1
102 150
186 126
75 159
117 140
186 153
113 56
106 104
44 133
22 160
89 137
186 182
10 120
40 87
69 156
125 186
108 26
88 94
152 162
4 20
53 190
173 118
45 78
21 40
10 195
199 50
131 184
183 92
56 174
178 76
82 102
14 189
80 101
34 183
14 38
2 66
179 174
183 175
3 156
14 13
102 12
14 184
148 149
28 3
122 5
30 3
59 43
144 90
95 177
72 108
14 73
126 144
199 60
118 1
15 131
165 68
95 179
52 42
127 79
196 200
35 177
155 45
20 98
134 66
74 5
174 40
30 51
135 28
110 53
28 77
135 193
144 29
123 147
22 1
25 169
152 12
146 106
56 165
3 142
30 29
98 155
20 127
157 154
106 67
158 86
95 93
78 190
73 152
137 95
152 113
63 103
124 160
161 132
124 115
73 106
95 170
12 114
49 169
20 154
187 129
39 33
173 68
22 46
19 110
92 122
175 106
177 98
66 137
181 141
51 53
198 146
175 162
11 175
82 182
80 68
111 71
52 35
138 73
80 109
135 123
182 109
29 158
158 46
94 91
138 97
95 136
42 69
49 4
195 130
186 75
149 48
145 200
82 34
24 114
142 158
36 76
18 16
33 128
13 127
18 151
175 112
38 16
181 86
19 127
15 156
1 163
3 145
162 85
131 137
198 24
47 185
99 64
1 132
191 165
10 8
115 184
72 152
151 4
189 169
130 3
125 131
165 79
27 78
163 157
167 112
181 13
97 79
76 49
162 19
13 171
178 80
154 49
183 104
52 172
25 182
174 101
64 91
179 90
120 94
47 86
5 179
98 53
9 126
53 171
96 18
141 73
97 47
74 31
102 125
2 78
58 128
178 121
170 109
163 41
2 161
127 158
139 176
11 147
53 63
117 148
80 10
173 128
56 198
111 109
122 112
187 132
191 116
4 160
24 166
153 25
126 79
135 16
6 145
115 59
159 31
158 191
192 82
70 199
79 180
108 153
92 46
84 34
161 87
146 137
5 98
113 130
128 47
98 133
191 12
143 102
194 53
92 186
134 161
184 165
141 43
117 184
40 152
169 1
190 114
89 194
163 1
76 90
48 173
23 190
136 117
91 129
121 134
114 7
47 50
171 139
44 39
122 84
190 42
36 131
156 124
77 118
124 104
160 123
28 134
65 163
50 107
91 171
41 5
129 87
6 99
177 49
89 50
84 78
91 119
160 198
194 36
116 70
91 75
192 118
8 56
80 9
163 171
131 155
127 59
193 132
109 169
132 197
18 16
26 60
86 186
58 80
149 64
199 140
133 158
148 13
118 62
135 49
16 13
59 160
96 168
128 27
164 97
194 142
156 80
79 13
159 51
137 107
66 87
198 199
44 97
163 162
158 49
162 125
61 20
36 156
139 115
182 55
163 176
196 119
55 74
83 165
76 172
71 94
58 20
44 54
117 6
167 26
54 128
103 114
147 90
21 86
5 2
92 167
129 87
37 135
160 120
99 187
91 169
80 100
141 123
153 9
80 119
34 85
46 88
150 145
178 170
182 134
124 73
100 52
111 137
187 22
8 85
8 98
6 40
149 98
114 102
106 194
20 91
30 18
179 180
114 108
101 47
41 24
119 92
76 181
28 14
2 35
50 9
84 7
48 33
104 114
86 161
107 57
52 88
26 182
67 139
89 168
185 81
143 55
172 170
35 152
183 36
138 185
197 22
191 196
6 47
109 43
7 167
99 58
55 125
39 121
63 79
40 200
111 135
6 35
104 41
186 39
28 123
23 176
96 165
172 53
11 32
95 18
199 194
27 53
70 18
125 84
96 117
35 159
51 41
193 154
33 178
192 60
52 166
188 148
131 159
152 141
190 47
110 188
192 137
192 13
154 117
96 1
185 131
111 35
123 103
140 155
32 84
166 84
49 153
183 179
63 134
72 53
180 181
192 123
69 136
135 22
4 31
175 188
113 85
174 35
140 113
189 171
196 106
54 45
59 36
175 121
170 46
125 101
27 69
24 95
4 110
69 7
140 195
146 4
31 119
38 170
31 178
141 179
84 146
175 94
134 149
166 55
147 91
155 173
111 130
19 114
40 39
72 131
185 169
135 16
87 124
137 69
54 77
47 89
175 173
182 108
122 147
162 68
189 68
192 99
150 162
164 189
153 35
119 137
3 5
152 41
129 41
110 134
117 108
22 43
81 3
150 154
101 63
21 90
131 164
140 80
125 104
20 77
166 45
95 69
37 175
109 146
108 26
6 129
68 38
83 170
191 183
32 11
24 114
126 164
145 50
19 164
79 60
54 44
104 100
112 93
26 21
38 85
198 195
165 17
32 47
138 22
181 122
184 5
35 109
120 132
111 90
95 189
149 100
184 5
151 95
97 176
67 86
12 16
81 176
185 64
22 122
86 3
43 21
159 30
130 30
161 40
119 7
180 67
59 163
23 9
9 119
137 28
5 148
195 37
124 179
100 97
53 137
51 95
158 161
76 87
190 36
78 108
195 9
127 53
123 101
13 83
20 149
62 176
49 57
164 124
187 63
20 39
200 23
86 109
183 161
147 173
149 176
32 95
184 110
147 58
11 159
92 182
60 154
109 108
162 72
183 148
134 2
139 85
176 24
145 159
136 91
83 36
130 1
176 28
58 138
187 150
119 198
55 27
57 16
50 39
163 135
192 53
20 168
76 116
78 164
7 160
199 72
25 81
25 152
108 82
89 46
183 159
43 37
137 99
4 186
137 119
121 129
171 92
48 199
7 125
162 13
84 160
37 60
192 13
12 100
46 52
145 29
11 188
17 99
38 173
85 175
91 5
55 13
48 102
11 54
26 172
19 61
84 7
120 75
19 83
174 64
135 71
44 97
58 13
195 95
185 31
21 27
35 75
39 82
128 50
88 105
173 58
165 8
64 37
83 34
119 8
49 5
30 45
53 87
57 200
134 193
30 106
19 65
181 9
98 60
58 137
165 183
194 129
190 9
165 24
42 36
184 43
192 13
87 45
52 95
44 137
87 73
42 57
89 174
65 139
34 75
75 198
57 21
78 198
29 195
22 23
30 157
65 173
169 103
17 172
197 12
108 83
37 150
91 77
123 155
167 108
29 194
105 37
14 183
35 194
177 8
16 158
164 32
130 84
134 99
56 82
62 163
116 50
64 6
127 139
113 93
46 93
86 151
130 51
85 116
45 13
123 12
170 38
44 51
121 129
149 176
11 163
91 78
12 106
84 90
44 148
183 90
40 20
192 169
23 76
36 67
40 158
78 9
147 73
59 68
2 160
195 164
122 37
41 133
143 76
23 186
23 157
27 63
128 18
183 150
45 19
168 84
128 46
44 75
70 55
94 23
14 40
186 87
77 179
19 171
6 193
108 181
101 135
195 181
104 177
130 101
147 98
136 27
95 180
53 116
34 98
139 199
137 124
85 165
54 55
135 12
48 43
192 100
129 186
80 184
114 162
84 13
11 20
39 105
199 43
20 184
140 158
182 28
34 66
193 39
120 79
50 119
73 41
19 153
178 98
137 92
11 20
56 21
191 46
125 141
88 97
124 179
6 105
158 191
122 150
182 42
181 31
112 5
24 130
158 153
180 46
44 190
65 51
11 8
96 87
148 135
135 72
113 93
128 71
35 50
172 16
91 104
199 2
109 22
84 18
174 15
63 170
4 79
172 166
86 68
5 34
2 139
57 67
183 184
137 18
33 60
33 75
116 31
29 24
4 112
193 130
126 55
51 81
133 22
199 171
41 3
4 43
93 60
109 76
43 197
93 28
8 77
102 123
60 130
146 15
193 138
96 70
144 146
103 77
120 101
47 160
55 2
154 147
13 62
22 55
10 66
34 18
95 136
140 106
17 38
72 162
127 168
31 71
65 85
99 136
185 97
96 39
98 49
138 110
63 159
116 24
177 150
41 23
37 181
128 5
18 199
166 96
118 149
166 183
33 64
118 170
160 165
160 57
166 97
118 180
8 186
3 184
87 44
158 123
176 37
127 145
187 45
40 105
193 6
87 25
69 156
146 181
121 106
189 38
2 107
17 9
44 19
144 130
14 101
4 189
137 130
133 124
126 125
180 118
130 18
95 150
173 40
82 45
145 71
34 147
129 50
107 172
21 51
101 34
103 56
175 192
137 59
67 63
183 46
180 64
15 26
14 187
66 47
184 162
117 17
60 197
19 167
168 39
169 20
24 23
75 198
166 12
57 32
74 191
29 5
55 43
183 20
182 48
66 165
161 183
133 21
179 151
139 99
189 107
70 13
81 145
162 47
108 18
78 133
9 59
89 15
53 71
70 99
150 31
33 83
3 164
185 141
14 174
199 83
138 79
179 99
125 38
69 155
122 29
165 11
43 17
33 28
51 103
78 152
85 111
186 39
26 171
179 39
96 129
73 185
159 4
35 84
41 55
190 163
83 154
173 77
170 157
104 172
11 182
76 95
44 61
85 21
183 15
11 78
143 83
14 102
86 49
137 79
103 78
41 138
31 165
166 152
121 22
76 132
155 151
178 150
163 63
170 146
77 180
175 172
14 141
25 52
189 161
130 43
190 122
132 172
86 98
75 158
71 150
41 25
52 19
174 167
33 95
64 109
26 38
32 39
130 56
42 70
168 123
113 157
44 196
128 81
45 3
39 115
104 79
91 156
49 16
74 81
110 137
142 135
126 173
126 56
29 119
125 196
42 189
105 85
185 32
166 181
186 156
96 90
186 138
197 35
154 70
115 15
6 56
150 83
181 27
138 9
145 63
156 138
3 12
23 187
196 140
168 181
47 15
22 32
104 170
66 57
39 133
72 196
188 173
79 120
151 16
128 47
30 36
185 33
199 159
171 194
50 90
175 96
56 148
79 160
118 145
168 108
77 191
104 16
163 134
136 65
101 15
112 83
2 48
67 1
6 37
194 55
79 120
102 134
68 180
45 137
76 13
44 152
155 99
120 70
32 7
134 85
21 197
167 175
44 33
175 49
69 120
55 99
40 156
33 59
88 29
195 163
193 190
67 148
89 186
17 120
192 150
156 164
147 122
138 190
154 64
191 175
184 45
73 175
153 57
185 192
86 131
154 78
120 172
25 8
157 41
80 100
143 35
16 41
109 105
30 62
169 172
188 104
17 61
30 121
69 14
112 154
96 17
184 15
189 160
175 97
1 6
149 95
192 164
135 100
68 116
114 188
88 101
43 56
113 72
176 182
37 39
87 132
55 70
99 43
30 73
92 182
30 40
28 21
3 162
73 22
29 138
10 116
190 52
171 103
76 98
36 112
136 122
44 191
144 94
185 125
166 76
106 147
115 85
119 69
46 191
91 26
128 52
142 70
55 64
172 130
162 159
42 97
32 37
39 127
130 176
51 47
3 108
193 70
192 111
90 189
54 180
15 133
183 108
2 38
171 125
167 132
83 160
181 67
196 171
193 77
98 44
123 101
151 67
122 95
130 11
83 183
191 49
115 173
156 69
162 127
193 129
10 28
88 190
94 36
113 86
112 10
81 187
62 184
5 183
78 134
194 112
68 136
113 135
60 68
3 22
146 147
102 156
174 189
97 19
24 161
57 88
171 137
74 184
72 30
167 101
164 112
165 31
199 77
165 10
96 119
183 194
66 84
149 191
25 197
10 200
110 66
87 32
154 112
15 26
142 133
78 57
44 42
87 194
70 4
4 166
74 186
159 139
70 59
82 94
7 91
45 116
108 132
147 13
195 162
190 136
94 68
192 90
109 31
83 131
186 38
96 59
24 6
150 45
64 31
90 22
73 134
138 180
17 36
192 12
149 182
99 195
1 43
84 109
73 118
191 10
108 86
20 83
43 169
127 58
199 168
80 71
53 169
2 70
4 146
33 153
127 131
147 127
173 182
187 197
51 178
6 158
15 26
40 58
146 118
115 97
85 146
119 90
114 121
159 118
66 191
22 144
73 120
22 46
101 8
42 151
137 200
61 104
177 100
161 122
18 27
18 54
173 137
143 86
9 53
155 74
195 128
169 68
47 190
65 99
149 106
50 86
57 62
189 33
161 101
107 130
127 124
136 51
12 30
89 20
83 43
45 77
123 13
96 169
154 160
68 103
18 69
140 74
130 128
59 42
180 165
124 58
40 59
109 4
40 197
175 122
191 172
151 113
136 46
82 90
6 101
192 175
169 83
48 50
10 58
91 141
174 14
198 166
24 106
169 64
102 95
137 45
66 39
157 2
85 190
43 42
90 186
16 10
68 15
59 29
73 102
169 198
67 166
163 91
24 83
106 77
178 194
121 195
33 30
148 69
19 190
62 61
175 77
70 42
43 81
22 67
182 190
65 48
108 27
90 131
62 195
7 39
141 80
185 173
109 133
193 79
122 54
139 97
82 9
90 124
89 112
191 22
53 55
69 160
33 159
42 94
105 1
84 45
80 69
169 140
1 113
18 74
166 157
122 47
117 12
171 157
75 113
178 127
119 198
39 151
156 80
197 61
32 80
57 111
100 178
2 52
90 20
126 8
128 47
54 44
10 176
152 36
88 129
163 6
78 153
109 34
184 105
46 16
136 54
78 36
31 80
39 73
99 164
80 26
163 85
21 124
61 172
160 100
52 74
58 129
26 118
114 9
22 159
176 109
165 54
96 147
85 135
19 183
160 164
135 180
88 147
103 47
198 106
72 55
34 97
172 100
57 145
58 33
54 174
38 149
121 122
35 91
56 85
141 15
200 27
146 87
173 200
85 170
105 156
177 90
4 100
189 61
45 199
45 50
172 82
150 92
155 185
183 10
21 75
176 20
101 121
59 73
120 95
194 176
51 122
65 6
22 54
66 18
52 62
19 23
95 168
115 49
104 49
58 76
123 33
48 23
105 106
47 176
200 192
151 2
114 16
8 87
21 25
104 72
87 122
94 181
41 160
182 145
160 191
20 34
24 67
56 80
124 54
8 76
198 158
29 111
125 36
149 145
13 4
168 51
125 62
183 117
173 164
61 133
155 33
166 130
99 174
161 175
179 168
50 176
38 154
66 186
51 30
189 18
80 65
31 14
182 4
130 194
88 84
26 5
165 77
130 125
51 109
45 52
36 122
81 26
27 146
11 77
127 152
47 6
168 77
172 101
32 101
95 119
136 72
76 100
100 5
176 150
65 20
153 101
93 34
126 72
131 88
148 58
191 194
15 159
23 186
11 54
86 57
173 21
129 200
72 28
4 48
130 69
19 34
121 112
67 46
183 198
133 82
7 76
28 21
186 50
7 196
103 44
53 27
65 133
26 136
112 30
135 193
50 154
27 170
17 45
167 199
194 51
32 200
126 59
21 111
108 179
107 11
22 111
189 38
195 15
126 106
196 60
99 45
13 125
166 29
169 132
179 163
182 11
114 108
21 134
170 129
64 28
91 86
138 79
123 132
45 48
190 40
60 88
36 72
164 1
53 84
132 31
198 114
193 112
173 166
197 142
46 61
170 136
98 59
166 20
143 163
20 132
2 79
171 38
102 134
38 154
169 122
137 167
35 81
78 159
46 26
100 91
86 69
178 183
128 96
155 22
10 126
153 11
156 123
200 57
8 190
163 176
111 51
142 97
83 171
55 81
197 154
123 34
175 53
169 54
100 123
75 109
200 179
119 155
101 71
163 108
60 77
35 122
79 177
170 162
99 24
194 47
129 116
81 55
168 49
60 67
123 134
175 122
112 46
28 164
116 190
23 127
19 58
200 97
186 169
10 84
192 3
83 72
71 115
79 38
115 138
57 37
72 183
110 135
28 89
99 95
30 73
173 48
130 172
145 67
140 106
103 83
109 185
107 179
99 185
168 13
122 176
1 145
159 62
80 138
150 130
185 179
2 157
27 84
129 123
150 20
180 52
103 88
188 161
18 86
145 138
50 66
113 2
163 23
63 42
161 12
123 145
143 76
53 169
111 181
43 61
153 22
64 7
62 4
167 31
89 111
120 91
128 33
92 90
7 155
83 167
118 157
63 60
33 116
180 143
48 22
155 152
196 171
158 9
174 124
39 14
186 111
104 66
143 148
107 101
102 190
20 171
146 82
31 130
149 10
25 149
184 179
100 179
149 10
139 74
133 129
88 71
39 143
136 133
90 42
34 143
183 53
114 81
86 144
10 35
105 186
135 88
165 186
18 65
195 156
139 80
85 178
150 75
120 37
8 10
78 41
152 13
45 65
93 130
8 54
116 65
40 2
152 156
188 170
172 182
77 110
61 113
39 10
140 159
46 147
168 76
139 119
40 183
136 132
64 95
137 132
159 176
133 63
83 120
184 55
102 60
116 162
125 155
124 64
113 121
162 32
148 100
102 187
34 37
70 49
132 7
180 42
134 113
104 169
32 87
23 85
99 138
199 23
92 74
38 156
194 199
187 94
98 89
32 83
125 102
131 8
60 111
2 145
23 105
113 6
144 87
43 42
25 41
16 68
114 53
24 59
51 162
152 100
50 136
182 127
37 64
86 48
174 87
144 148
144 9
106 87
95 148
128 71
188 143
139 53
147 114
111 197
75 15
48 77
102 29
3 138
92 40
137 18
127 80
117 70
40 22
108 135
169 35
5 108
129 95
112 75
160 175
23 35
141 70
63 42
98 17
131 141
56 67
110 182
98 27
3 138
200 110
24 169
144 28
28 24
75 92
98 34
66 120
20 6
141 82
47 38
98 129
131 154
147 40
87 44
18 90
133 18
151 108
138 47
136 117
70 162
8 120
195 73
191 167
30 132
48 28
121 98
156 3
3 102
195 89
98 12
130 182
29 81
90 118
127 177
35 148
138 194
67 132
67 58
50 48
141 98
76 61
147 183
64 149
85 58
189 182
21 119
163 2
151 52
119 77
28 105
176 117
99 43
1 117
52 50
164 144
147 191
4 93
174 19
193 58
28 182
191 1
100 105
2 50
157 72
78 136
177 53
53 27
47 53
143 50
54 58
193 1
49 149
45 22
119 38
31 99
171 21
99 70
77 100
71 185
171 100
121 99
104 125
125 103
129 19
152 182
77 97
134 125
45 131
98 115
120 128
13 90
100 111
111 176
162 133
161 133
184 33
183 87
109 108
141 189
78 93
170 154
141 56
30 185
138 127
99 57
6 64
98 57
174 160
33 136
92 145
20 75
129 2
113 37
61 6
25 139
98 146
44 38
153 74
174 90
152 24
98 158
39 195
166 13
106 198
100 197
94 119
23 174
72 88
10 85
93 186
23 142
84 18
131 36
91 56
78 195
31 175
104 70
122 69
82 27
19 181
176 112
51 150
86 122
189 47
6 81
185 180
174 68
150 104
55 192
111 132
186 142
59 89
11 132
158 44
110 176
176 37
39 26
187 76
99 175
75 57
8 59
188 181
126 137
37 132
129 147
64 66
40 74
155 50
5 64
45 66
191 20
103 181
197 89
57 96
15 131
104 174
141 91
155 18
180 143
149 60
41 12
125 81
85 31
82 41
46 127
107 36
98 9
17 95
49 25
142 15
107 197
189 47
39 95
64 18
37 164
176 106
61 12
136 143
5 134
21 111
121 70
71 89
116 71
113 57
85 171
5 73
169 44
119 184
13 155
148 42
136 123
147 196
86 34
119 62
152 40
132 174
128 47
196 193
56 81
163 12
105 132
55 24
115 68
130 62
61 65
136 7
61 174
192 102
15 111
164 119
150 47
92 77
45 88
21 100
120 184
112 176
67 118
199 181
185 129
195 45
145 82
3 157
55 147
59 22
57 22
140 158
20 183
186 64
22 7
116 93
190 179
69 56
96 67
188 33
147 134
29 92
16 32
48 22
178 58
43 186
31 134
143 50
117 128
114 90
134 29
183 75
7 51
82 54
69 70
86 16
3 115
107 170
98 106
144 27
164 186
12 194
72 106
196 140
185 109
29 71
137 11
145 95
13 27
148 82
48 34
97 50
100 155
172 197
12 115
52 138
121 123
43 116
62 27
176 43
97 64
53 194
158 18
20 57
99 19
42 147
68 141
101 191
89 112
105 63
39 109
152 111
31 194
178 45
173 153
87 21
168 139
14 77
108 185
133 6
3 175
152 23
67 4
165 156
68 70
170 58
178 122
120 160
115 97
4 39
1 90
60 120
181 25
196 88
162 128
46 164
54 149
138 121
105 103
76 172
124 45
181 53
118 100
164 185
148 168
23 100
9 34
19 141
11 14
29 172
93 26
87 147
174 177
67 78
31 94
1 154
138 133
158 8
32 121
192 131
88 166
30 49
189 162
13 169
85 106
194 171
4 120
99 70
149 129
163 102
34 52
34 191
59 18
112 2
148 151
168 178
199 119
177 140
80 142
108 164
199 54
86 2
173 185
23 73
65 137
174 99
188 160
89 199
177 152
200 124
103 119
37 182
144 116
75 52
31 25
57 69
26 29
53 200
53 117
136 179
167 75
138 56
73 114
159 25
189 61
143 42
66 180
175 9
47 1
12 78
25 68
146 50
48 150
1 53
18 136
31 185
10 168
192 35
81 150
59 21
163 1
14 180
132 188
140 179
188 104
8 164
171 105
13 171
6 165
23 175
100 5
159 62
172 102
96 4
4 154
24 118
106 190
97 38
177 36
168 117
139 175
80 62
31 45
184 36
161 158
10 61
162 121
74 85
174 169
88 177
74 63
94 179
52 142
168 181
130 135
49 20
61 80
33 91
76 16
78 37
125 88
49 86
160 122
122 133
90 9
62 115
24 107
93 27
49 61
7 178
147 7
197 8
87 182
50 162
197 128
150 122
167 198
159 78
71 33
162 112
193 23
26 16
130 119
43 130
131 1
59 29
8 7
36 94
188 38
7 137
165 157
10 83
106 120
160 177
152 121
88 145
144 66
112 25
136 154
106 66
155 116
94 114
122 82
159 110
119 165
198 35
73 7
117 131
126 76
59 78
148 98
22 43
163 133
19 98
39 124
115 145
39 161
58 113
194 16
174 112
132 171
98 157
177 14
87 102
41 97
131 188
194 104
183 157
37 1
6 27
125 121
123 115
81 132
27 26
99 200
137 30
122 186
138 98
151 24
200 191
120 82
130 66
186 64
22 174
65 179
200 141
99 122
55 131
53 34
156 103
185 44
132 107
181 70
156 131
45 107
73 117
189 155
182 174
18 155
147 82
133 98
22 184
19 29
66 23
14 174
125 198
17 8
56 150
29 12
80 26
118 153
142 106
107 75
79 76
29 177
158 161
74 131
96 44
159 162
66 172
135 142
122 103
102 177
52 82
188 132
107 58
36 200
163 94
74 194
169 102
122 78
15 196
9 110
39 167
23 57
91 109
150 12
12 51
188 15
85 128
98 191
137 85
191 51
178 16
44 147
118 166
24 84
113 184
145 151
151 168
159 193
28 109
4 191
111 143
6 195
22 55
138 158
140 80
9 117
95 4
15 164
121 191
47 185
174 192
136 76
111 94
68 138
154 23
129 65
118 86
11 139
140 148
49 79
27 9
196 74
12 162
37 85
152 36
69 78
27 156
153 89
2 173
178 155
147 58
171 64
143 182
155 35
129 3
113 108
11 60
133 174
22 169
10 125
4 79
154 182
186 107
70 187
31 200
94 177
57 64
193 152
45 147
186 126
149 98
185 111
110 117
84 83
37 46
159 41
124 113
22 61
171 44
48 1
195 93
129 51
156 121
2 153
67 139
30 167
37 14
77 98
82 113
180 118
158 90
158 33
2 132
93 172
127 92
124 121
184 53
123 140
125 77
44 192
15 73
158 3
86 35
100 167
99 31
84 56
121 194
88 74
77 132
46 155
24 121
75 7
173 149
98 50
25 141
41 40
13 150
42 50
136 142
168 34
124 4
89 44
197 128
70 25
60 115
179 83
187 5
41 112
153 139
161 178
31 1
17 196
102 10
45 38
151 13
71 27
16 112
22 164
191 91
140 50
5 118
84 144
74 125
55 26
155 45
167 123
192 68
133 37
105 35
1 128
61 168
191 83
131 181
173 70
183 130
139 66
73 12
142 127
189 156
93 144
153 59
66 96
126 198
132 183
185 132
62 45
99 52
79 181
184 52
2 166
133 92
184 157
55 125
83 44
33 127
139 137
185 4
32 110
154 116
44 138
199 105
134 50
108 13
30 92
16 184
9 148
75 192
104 130
69 138
125 53
64 63
141 200
18 172
61 123
39 105
12 38
9 146
87 69
110 116
160 125
51 168
24 126
112 79
7 132
168 83
184 183
145 124
182 162
47 42
37 86
98 48
123 59
193 161
127 102
28 86
178 79
5 1
156 68
31 114
151 198
196 134
180 140
9 161
53 56
155 89
93 52
137 167
110 81
127 188
135 154
25 112
184 182
65 139
1 95
52 152
45 47
85 24
138 46
137 191
53 91
31 145
94 167
63 156
48 189
143 182
94 120
45 78
101 109
168 101
156 20
52 200
18 89
175 156
134 111
146 186
153 176
82 47
95 144
154 94
132 48
27 177
167 71
54 67
132 22
120 39
193 123
38 10
11 12
117 144
75 62
81 27
190 162
73 36
57 178
129 188
26 155
117 192
177 170
11 60
143 82
98 87
4 135
97 15
99 13
110 173
27 143
199 168
56 24
155 113
1 83
52 178
189 168
122 117
90 84
177 184
165 74
71 120
161 167
86 59
131 148
31 109
90 181
28 145
156 182
9 157
16 61
86 156
180 7
73 69
90 49
53 6
74 75
126 34
193 163
44 123
110 26
184 199
7 11
96 162
145 104
70 160
116 156
116 48
114 140
68 156
140 72
161 13
146 38
199 138
153 42
13 62
68 196
13 26
158 108
187 102
163 9
14 31
164 81
78 29
20 145
184 159
17 97
123 162
86 121
52 38
163 64
100 182
11 112
7 120
171 145
174 85
153 187
115 68
67 144
97 38
41 80
196 9
176 118
122 14
191 173
51 105
188 150
86 198
13 92
70 135
188 43
20 141
181 86
8 199
30 104
36 22
136 183
30 63
52 151
76 42
76 127
146 63
28 183
13 193
26 82
127 14
76 146
154 56
184 113
54 13
17 41
186 104
175 15
166 26
117 42
20 192
120 117
55 99
100 19
91 77
100 18
90 175
115 195
182 98
108 187
62 76
179 199
179 153
13 144
178 82
137 149
73 56
66 79
155 117
97 197
145 196
166 187
122 81
181 55
130 40
41 144
115 19
142 45
171 107
141 101
188 77
1 12
85 66
91 191
134 187
187 31
135 153
17 8
185 197
63 66
189 55
161 55
74 55
100 196
113 40
48 100
68 49
111 152
66 153
142 200
92 81
30 26
185 198
185 169
146 47
186 134
102 147
189 127
153 88
122 65
79 170
116 146
18 178
98 83
131 191
34 22
23 15
199 7
12 183
127 158
30 113
43 83
11 31
9 163
70 130
179 148
51 94
46 20
71 95
103 153
85 88
174 108
55 124
107 193
175 88
105 18
170 67
200 130
181 70
11 159
169 62
52 14
81 74
108 135
27 145
175 152
4 29
76 69
94 134
61 21
173 117
190 142
183 189
23 163
10 33
73 179
46 76
144 79
150 4
13 128
148 139
79 103
167 106
123 13
191 136
33 163
52 174
56 187
162 78
101 172
63 174
102 108
49 45
186 150
200 151
77 99
89 108
1 8
165 76
20 156
11 4
70 14
177 126
200 90
3 53
13 65
178 114
125 178
111 62
128 110
12 156
9 53
15 161
12 180
36 31
87 198
186 156
12 162
81 163
3 36
15 16
52 144
81 176
122 143
38 49
5 1
156 13
5 171
125 16
150 113
46 36
110 31
143 73
144 24
36 147
59 2
114 110
146 194
38 67
89 75
67 93
27 174
57 32
144 181
47 45
32 155
27 175
27 171
198 14
69 8
16 134
69 113
79 106
131 167
132 197
59 159
170 115
190 66
96 188
110 140
32 142
46 59
116 25
181 65
190 1
24 5
134 92
69 12
150 199
179 81
147 189
191 117
104 180
182 151
120 43
90 151
184 88
161 51
64 93
67 53
93 90
10 178
134 78
190 83
77 120
115 23
108 106
91 11
37 24
113 156
67 155
59 2
42 171
5 105
64 71
109 108
113 118
86 198
196 27
32 24
98 146
198 5
3 41
168 192
64 80
99 82
34 157
36 27
80 40
83 143
62 192
2 126
61 87
123 8
65 154
31 162
52 181
119 54
21 38
197 84
117 96
118 103
52 153
81 83
192 116
177 5
107 179
131 119
17 5
127 82
111 157
43 162
89 161
167 109
198 164
145 67
59 62
121 62
14 153
145 157
68 121
113 126
99 43
45 68
200 171
149 110
79 143
23 168
56 189
76 5
104 172
71 114
33 143
128 198
96 72
106 115
144 19
41 195
13 85
62 12
55 10
73 85
104 95
52 159
36 80
164 91
51 186
5 36
129 132
185 176
155 91
90 98
109 130
44 121
166 105
85 172
66 157
57 170
4 108
80 39
139 43
129 142
29 85
177 109
168 161
84 122
3 125
172 111
7 167
184 172
24 68
144 89
176 200
10 179
59 90
17 198
84 98
139 112
134 67
20 102
179 55
175 182
180 98
92 186
65 27
157 88
94 52
128 22
51 90
200 110
179 169
59 62
18 197
126 151
15 97
52 193
152 179
126 83
76 170
20 92
196 128
179 90
180 107
111 182
196 62
91 126
30 101
139 47
97 16
150 63
113 153
8 16
131 133
98 159
102 69
50 98
196 29
139 175
87 1
157 34
62 199
111 44
100 49
42 148
65 191
11 129
144 170
144 26
102 193
184 4
61 34
53 56
14 191
183 52
191 91
85 4
41 195
47 92
195 89
40 11
79 2
139 174
171 34
200 24
26 183
27 38
168 79
46 181
21 180
32 163
70 68
167 62
62 165
154 9
53 145
19 84
98 158
9 20
143 8
43 169
143 22
158 62
100 3
43 73
182 26
35 3
46 1
65 59
118 170
67 170
114 86
5 11
195 166
182 137
173 24
57 67
45 15
129 97
169 123
169 151
100 3
105 145
156 121
4 73
90 22
194 155
107 151
117 53
116 98
142 40
122 198
59 166
164 139
62 133
61 182
35 112
137 139
57 44
116 101
33 61
8 92
163 124
144 30
22 85
70 95
35 80
60 150
18 74
34 30
7 68
141 143
159 197
186 122
8 53
22 193
66 29
84 28
105 27
58 126
64 79
172 50
158 183
151 175
8 185
156 15
4 96
109 114
93 95
35 52
99 9
44 164
189 79
192 93
106 1
170 121
79 141
122 36
124 72
162 131
56 117
97 12
164 6
125 8
52 160
60 150
168 55
114 156
86 57
1 191
57 170
63 87
63 184
74 186
7 187
68 63
55 165
26 18
170 150
26 173
61 37
122 28
43 187
136 128
195 136
70 3
57 132
89 119
67 162
56 74
148 124
88 154
40 113
172 161
14 197
133 75
185 54
102 27
193 189
155 187
76 24
190 85
108 30
3 174
144 11
199 43
86 38
197 125
150 168
85 116
116 17
190 100
22 43
126 166
105 59
8 94
143 115
75 98
40 18
60 191
13 145
28 9
69 130
128 105
45 43
73 34
142 46
76 19
12 59
51 116
70 10
161 12
124 187
61 115
5 72
105 169
16 133
177 36
14 104
140 58
98 164
43 39
10 118
9 173
129 11
40 198
20 200
161 95
186 174
10 142
45 66
62 13
150 38
48 163
93 140
20 190
103 14
180 64
132 189
36 12
151 75
161 171
26 121
17 164
46 26
57 91
44 119
103 193
108 150
156 1
41 127
142 144
141 122
159 24
62 147
35 164
173 195
86 199
67 103
114 113
80 122
3 123
40 57
116 100
158 71
100 199
197 193
94 89
114 52
112 127
198 146
91 123
92 176
73 159
78 186
71 158
107 25
32 99
81 147
150 190
169 49
188 118
41 33
6 107
37 118
33 186
15 123
108 107
51 180
65 128
117 87
37 24
111 69
74 143
167 23
132 136
23 72
53 15
56 58
73 92
127 106
78 142
180 137
48 182
117 64
110 33
102 98
8 12
118 33
106 85
7 37
172 181
60 24
196 116
33 68
159 160
125 36
53 57
125 52
38 41
67 99
25 168
149 185
179 66
17 84
102 176
72 73
156 84
96 151
151 81
171 109
40 47
97 44
55 21
95 93
13 161
143 37
128 91
21 58
109 190
93 10
165 116
83 120
199 178
23 101
58 193
10 49
191 106
44 46
126 138
50 32
126 129
75 99
138 183
88 182
192 4
98 74
123 48
4 97
149 13
41 110
14 32
15 57
77 92
147 166
181 148
149 58
29 23
156 166
5 195
148 149
150 197
22 25
196 177
121 96
190 162
5 3
193 171
11 21
62 157
138 194
105 86
4 133
61 111
50 65
106 149
165 7
97 139
31 93
115 152
140 104
113 145
58 57
115 69
77 129
177 14
122 33
51 125
165 111
36 167
128 93
115 92
99 164
30 82
8 97
33 147
200 97
91 10
153 6
78 181
86 6
146 7
39 196
84 155
107 71
121 186
115 188
29 165
151 59
46 158
107 30
104 58
126 147
67 30
104 96
10 189
102 155
147 140
103 182
94 161
4 167
146 118
106 174
35 56
184 32
165 90
62 20
148 139
169 21
62 178
9 115
85 156
6 187
137 51
147 141
17 92
10 122
17 196
129 153
28 45
42 41
65 141
179 182
59 147
3 120
77 11
186 161
118 191
99 55
41 45
147 58
88 156
131 56
104 60
8 131
104 2
171 120
94 101
102 152
48 104
71 76
66 56
188 184
198 86
190 39
130 88
48 169
195 178
24 98
37 32
28 93
33 150
12 126
51 65
30 50
120 100
125 186
108 112
121 57
197 62
95 78
149 142
46 143
72 21
41 60
4 20
152 36
170 116
114 172
180 143
21 100
194 145
37 53
8 109
110 4
170 156
33 118
50 30
12 121
50 52
180 54
24 132
41 145
199 106
116 178
200 136
29 194
32 65
198 39
173 59
42 142
15 26
11 64
55 23
136 104
26 115
109 1
198 150
145 196
55 60
174 7
195 2
152 178
19 149
16 143
160 57
37 174
34 47
189 88
21 124
144 199
190 52
199 188
1 96
183 8
155 108
166 102
62 117
79 32
65 95
174 176
103 10
149 137
57 89
176 29
164 119
179 154
171 130
93 123
25 27
82 131
87 47
184 148
163 63
179 180
109 104
155 163
114 56
51 122
96 27
150 12
145 81
117 67
10 9
190 34
187 71
116 73
70 100
20 32
114 150
163 174
54 118
136 119
125 139
40 20
117 141
183 61
21 99
128 182
107 69
167 94
91 83
166 160
182 138
144 47
39 106
20 44
175 107
162 51
197 153
23 113
94 5
174 114
104 53
96 162
73 62
55 163
96 173
123 29
62 66
75 52
123 46
96 98
153 9
148 149
162 170
62 55
127 187
120 30
191 167
191 15
181 198
177 76
122 51
57 135
68 131
186 191
177 33
40 81
42 139
181 155
109 194
161 35
132 80
16 122
199 6
136 131
155 65
158 76
115 14
10 183
97 148
125 25
180 164
105 173
102 37
127 162
31 87
148 162
119 163
36 69
121 123
199 75
187 156
103 54
122 112
188 18
59 112
42 191
75 98
163 128
134 90
90 164
128 189
78 46
104 113
66 24
187 64
50 126
172 152
179 93
16 166
110 26
29 103
168 103
200 131
182 133
172 71
49 51
12 78
49 115
142 114
90 128
178 139
53 149
43 183
41 10
100 102
187 128
4 155
30 3
37 12
87 160
34 87
10 45
164 58
159 105
172 48
185 101
139 189
49 133
172 41
142 71
94 80
199 97
34 180
51 22
143 89
181 177
128 191
173 91
48 84
148 171
83 132
71 21
120 71
153 43
63 46
66 156
126 64
4 111
43 6
133 138
95 113
114 22
103 38
64 103
121 163
25 4
94 96
176 166
118 81
160 181
126 25
136 51
88 92
162 83
97 46
172 143
158 85
116 13
74 132
115 195
94 139
150 140
186 125
57 104
5 16
36 83
41 123
85 80
14 198
114 63
43 85
5 1
121 73
13 147
4 79
141 49
169 42
188 107
118 44
10 75
60 45
157 52
167 41
83 133
39 149
195 81
185 151
33 106
175 45
52 178
75 144
179 44
137 166
150 54
10 111
128 21
107 84
24 25
77 58
157 67
6 103
99 191
54 132
48 180
128 51
110 3
146 88
198 82
53 99
135 14
9 15
186 67
98 161
91 126
19 200
192 176
102 91
118 107
174 117
87 101
167 196
55 64
83 52
145 87
150 32
53 110
46 38
176 95
151 19
173 121
18 164
96 71
6 166
130 131
82 16
32 1
163 86
64 197
90 161
35 39
192 87
101 189
77 28
35 27
46 7
147 15
123 194
86 80
159 15
11 41
182 42
41 144
79 56
92 168
16 126
165 59
147 41
86 182
19 84
140 117
98 62
110 135
142 21
149 104
61 82
97 53
177 175
108 68
95 76
146 53
34 110
111 133
150 148
66 120
31 5
36 129
19 97
63 160
117 164
15 129
45 111
133 174
85 193
41 179
68 186
183 53
47 45
185 196
193 2
115 175
7 102
55 177
199 70
88 115
33 102
196 29
12 128
2 96
120 195
27 187
132 161
192 179
6 176
126 150
130 193
124 88
94 179
64 92
48 151
159 32
52 154
12 63
81 166
110 1
112 88
139 43
49 130
173 6
58 99
155 187
91 78
74 136
8 137
28 7
87 138
190 90
91 154
152 123
71 13
75 182
101 166
176 101
47 149
106 104
199 12
42 89
41 115
24 1
7 41
92 149
130 134
102 33
57 124
198 83
105 50
48 32
150 47
132 7
150 130
170 192
170 10
58 146
10 61
148 169
53 192
117 135
125 170
167 133
45 116
168 101
165 15
132 66
13 64
24 163
145 193
106 115
3 163
60 164
175 159
84 28
150 200
162 75
121 80
159 165
196 126
65 112
93 149
178 105
164 1
67 108
146 124
22 100
87 81
63 13
192 99
192 141
98 105
167 171
185 126
87 132
3 104
43 95
4 172
200 167
125 18
74 70
142 96
121 180
128 135
144 119
33 136
12 83
40 130
53 176
55 91
59 10
146 54
104 149
25 55
115 101
25 189
170 118
36 42
97 115
177 40
186 9
127 197
91 167
126 95
94 133
186 153
142 131
6 197
32 30
52 146
131 76
86 52
193 73
46 41
188 22
32 125
30 159
73 121
77 150
15 170
82 152
74 175
35 79
124 66
61 127
163 143
2 49
194 146
73 191
138 12
12 121
136 42
31 8
114 107
158 80
29 191
32 102
118 66
133 41
83 193
167 45
135 120
45 80
17 118
71 106
129 82
26 17
75 57
24 188
115 133
68 143
76 99
197 145
116 129
137 198
73 55
194 7
174 39
86 142
47 84
190 72
100 64
128 76
52 43
160 71
137 187
121 85
131 36
165 67
185 37
121 178
43 46
16 129
187 171
36 185
7 25
57 58
41 136
85 92
130 197
114 19
183 34
103 66
69 68
132 5
104 5
182 99
2 150
179 141
72 14
125 30
191 133
88 31
69 124
74 150
120 187
168 55
20 71
120 40
90 51
44 193
7 177
43 9
126 21
149 198
187 25
27 177
158 66
159 26
190 32
175 61
170 95
115 141
165 34
180 54
37 175
198 195
151 41
3 77
13 103
26 199
128 4
175 85
70 85
62 11
116 188
71 37
82 138
177 198
171 108
51 159
82 1
154 33
193 108
61 5
11 86
4 90
89 130
174 110
15 187
120 82
174 143
119 8
80 47
5 2
155 8
113 36
160 66
20 152
173 32
108 135
117 111
24 158
193 149
19 159
87 91
40 13
33 110
20 64
109 176
65 63
135 177
50 94
194 22
45 119
53 105
53 122
167 29
31 159
129 49
117 16
91 109
28 123
170 199
186 78
126 3
92 61
131 94
154 77
67 151
195 71
55 199
192 21
27 174
180 108
175 48
123 65
108 102
188 78
52 125
107 177
79 199
37 162
44 191
38 110
141 32
180 147
182 124
167 9
97 98
68 23
146 190
88 53
43 27
82 94
103 189
22 182
187 59
95 182
1 132
91 93
115 70
39 96
145 5
56 42
103 123
16 200
64 103
52 106
81 86
151 184
74 173
117 12
183 11
193 183
94 83
75 8
104 65
103 1
69 159
194 123
81 9
122 97
112 126
154 192
11 105
127 84
29 43
47 163
5 39
145 98
73 171
105 128
35 160
128 55
70 121
178 102
130 99
198 193
24 152
136 34
8 63
69 188
57 67
150 62
105 94
111 177
16 168
57 2
79 184
56 148
105 33
49 186
132 47
178 155
150 113
141 157
127 161
96 184
28 45
197 84
90 107
13 105
26 69
106 104
4 161
51 108
194 52
45 77
50 22
183 199
87 75
107 13
188 2
196 15
46 144
50 135
3 62
191 28
82 48
84 86
8 134
145 153
137 190
29 186
11 164
136 49
38 42
62 25
195 9
191 192
153 41
78 155
54 20
134 136
67 17
173 75
103 117
179 39
106 160
25 69
123 160
117 112
154 178
137 100
187 79
92 91
119 121
45 125
141 178
12 7
147 184
33 49
100 164
87 158
123 111
26 197
23 94
108 128
24 196
27 162
75 118
52 145
39 48
69 131
177 32
137 123
15 122
171 67
85 10
24 7
72 49
155 94
94 62
21 117
58 48
78 84
117 129
28 107
176 49
37 153
80 174
75 47
95 198
113 179
7 136
137 78
136 91
172 29
104 144
146 113
143 23
196 60
152 176
166 79
24 155
31 55
128 58
101 174
55 13
104 61
100 192
90 35
34 13
64 137
157 9
50 99
183 45
110 86
20 28
165 195
182 195
2 61
4 102
34 58
67 89
70 166
32 160
153 65
172 168
1 80
128 50
131 110
47 40
196 18
67 160
165 48
106 166
108 110
19 93
119 37
133 189
155 164
100 107
28 71
74 181
103 1
182 33
62 28
72 57
198 139
168 162
138 74
79 198
135 49
42 53
86 175
41 40
90 140
98 70
163 123
50 65
123 183
97 136
163 120
193 160
10 160
73 148
185 103
97 119
151 138
172 36
64 164
27 154
56 124
175 170
46 176
186 120
158 34
56 120
153 48
31 163
159 103
62 96
5 158
14 156
95 137
143 111
53 170
16 108
93 190
29 139
117 14
10 74
47 65
146 199
64 176
161 175
79 174
70 35
131 35
190 178
172 85
88 24
54 103
83 146
44 111
36 160
124 46
185 170
110 130
120 126
106 33
100 184
6 169
170 137
155 112
66 126
196 105
101 49
7 183
194 2
45 182
113 120
27 97
41 88
27 161
13 132
193 64
67 150
184 36
38 139
99 103
16 94
7 117
142 165
51 88
166 48
21 30
167 47
127 8
86 153
168 51
36 112
114 102
13 98
89 51
153 3
33 112
71 127
76 74
14 194
121 34
23 87
32 101
46 117
53 165
167 40
76 33
93 41
82 182
91 69
121 195
23 153
106 94
31 134
167 44
127 39
29 101
77 12
2 123
81 6
87 199
198 115
31 90
155 64
23 45
132 95
39 107
48 145
200 30
30 118
74 156
108 54
8 184
18 161
106 98
119 193
96 116
107 79
157 13
142 180
57 26
74 47
132 73
143 83
103 172
152 128
79 59
133 39
42 150
199 100
47 69
92 95
184 150
125 141
162 18
72 170
43 145
16 174
170 159
8 72
82 159
199 161
17 131
199 11
81 197
110 79
18 1
125 153
102 49
45 15
67 116
184 61
13 151
187 182
109 194
53 191
153 3
103 121
85 101
131 117
49 40
196 66
192 72
19 93
73 63
59 139
131 42
151 143
193 137
124 53
131 128
195 35
130 97
155 14
197 86
131 198
77 78
15 69
149 33
113 21
48 172
111 178
13 62
72 157
198 195
162 80
122 156
114 3
53 69
16 1
106 98
150 182
175 165
50 76
149 115
48 196
86 159
125 50
172 196
7 121
142 168
153 63
75 66
17 79
86 33
32 143
82 181
125 9
97 126
84 46
40 131
193 77
41 118
127 164
65 85
37 7
52 189
21 78
54 38
157 92
22 188
34 103
120 110
111 17
188 146
62 179
29 6
56 21
123 134
185 140
18 21
98 21
9 118
98 14
107 54
57 80
193 91
183 113
152 45
129 139
143 142
70 171
147 77
191 22
10 127
161 27
147 58
199 107
127 96
73 186
102 129
65 94
171 199
6 123
44 86
13 138
27 34
108 174
110 50
195 119
177 107
97 75
116 95
134 42
143 6
179 44
134 44
137 57
42 95
179 85
180 143
22 7
177 81
132 86
83 78
157 59
184 5
85 99
52 170
92 194
175 23
37 61
66 125
117 107
19 47
144 199
189 117
157 117
150 88
3 32
165 111
90 100
115 126
198 166
96 41
159 22
63 147
34 80
24 102
187 42
148 82
192 89
198 148
5 147
187 159
178 151
69 19
50 184
97 199
101 192
192 12
165 6
110 199
86 133
100 24
175 200
105 118
88 102
18 92
1 4
3 130
107 71
101 108
6 197
59 107
140 50
118 104
7 179
54 44
112 154
67 38
153 171
155 192
25 124
83 177
128 37
106 186
108 6
93 113
154 103
171 93
152 40
149 111
19 2
154 130
155 21
167 59
143 73
50 119
197 85
95 76
121 153
13 28
110 57
93 64
160 15
108 63
55 56
173 25
58 127
154 164
99 72
23 193
96 24
112 44
108 158
119 29
62 83
8 172
140 52
187 99
67 46
161 73
102 86
97 111
164 2
74 62
73 48
6 120
72 117
164 131
27 34
159 88
117 119
11 56
122 149
106 188
195 66
60 48
103 108
110 66
109 135
79 181
135 85
53 6
153 16
136 179
49 47
19 165
117 181
172 38
130 77
26 76
95 37
75 197
145 184
63 53
70 93
186 4
177 38
9 82
53 97
12 53
95 30
170 11
163 141
48 44
18 73
119 64
62 145
60 6
80 74
10 149
119 195
153 95
184 113
128 188
161 140
41 55
121 10
65 83
102 113
126 71
137 196
134 198
140 146
155 19
171 165
168 89
111 72
184 95
136 111
34 49
2 26
103 123
35 120
157 89
32 83
159 120
78 93
118 170
190 24
188 160
188 107
49 51
130 184
97 66
46 130
114 48
156 168
122 142
87 78
30 70
160 189
33 59
159 22
82 98
181 70
5 181
72 134
164 168
151 10
49 16
57 4
136 178
98 22
55 127
92 167
67 81
108 51
139 66
72 172
163 5
41 119
185 64
5 149
31 107
110 80
75 118
35 10
47 132
31 101
11 74
19 77
106 126
128 196
143 151
168 58
107 160
128 92
24 132
192 6
191 101
37 65
170 72
74 16
155 56
68 165
82 87
42 187
164 121
135 59
23 54
116 130
13 195
173 188
127 164
146 69
16 182
133 185
53 158
200 8
165 67
172 46
105 165
185 69
37 71
127 60
124 194
189 136
188 161
76 66
76 21
134 43
2 18
27 7
127 178
166 92
44 89
89 101
54 73
121 42
143 47
53 18
192 41
154 131
153 181
149 180
1 34
22 154
52 200
112 130
177 77
166 62
73 171
86 193
12 181
191 65
198 134
57 103
64 162
83 164
141 35
198 115
141 1
114 52
130 43
129 103
15 94
164 39
16 1
183 27
181 173
43 179
58 52
33 73
13 116
37 105
102 34
171 42
34 85
46 163
79 174
17 45
19 132
83 34
133 65
12 113
189 55
43 46
106 28
118 70
95 154
126 196
187 97
190 20
133 35
135 11
160 151
55 178
83 137
11 167
153 22
31 141
28 26
138 85
53 55
154 147
161 80
94 99
128 35
119 60
69 5
22 180
107 76
157 141
164 119
107 68
93 138
8 120
163 97
5 15
103 110
113 63
141 6
162 68
41 32
79 61
188 100
41 94
127 149
35 90
68 141
157 160
30 116
31 192
164 187
158 67
49 22
129 189
180 42
9 20
73 87
32 60
139 24
106 65
173 140
107 192
32 15
151 62
131 133
5 94
72 115
112 120
136 41
60 115
82 68
86 107
107 70
118 197
93 175
61 65
114 167
56 98
134 158
111 64
43 115
109 114
181 21
33 69
13 92
135 46
112 173
104 170
42 22
166 86
196 26
103 62
145 110
111 78
20 21
93 62
87 153
127 68
125 111
88 89
154 22
135 65
146 38
34 187
11 151
25 159
177 127
172 73
36 82
102 55
102 146
68 140
50 194
159 175
104 46
15 58
20 149
74 165
139 60
104 101
10 128
11 138
54 182
162 41
15 63
96 68
160 163
8 10
109 166
136 164
164 102
21 183
51 47
99 141
106 2
41 67
81 52
5 134
185 166
175 200
181 22
67 92
136 74
53 196
192 140
160 155
42 180
89 92
178 139
184 83
141 24
102 21
27 106
107 12
23 33
163 155
6 29
47 141
55 99
137 198
191 96
104 32
27 192
75 5
130 58
39 22
33 140
195 60
197 101
23 20
85 185
126 90
13 172
182 19
23 118
16 13
165 119
44 144
110 70
100 192
127 138
165 159
30 159
170 26
11 192
197 95
176 123
184 141
46 166
159 20
35 175
32 152
93 27
95 155
96 194
98 174
83 62
133 112
21 102
90 31
94 38
78 21
160 13
161 158
178 120
177 165
46 161
116 138
187 162
44 35
107 141
8 189
3 92
53 175
194 142
157 39
179 34
11 91
47 124
48 176
195 176
92 40
136 159
129 75
120 173
61 26
113 68
15 67
112 67
41 57
160 198
47 138
183 57
180 181
180 179
109 174
155 200
13 90
159 94
116 78
66 176
56 130
196 22
197 107
88 189
163 199
138 9
88 73
17 68
53 197
46 161
122 152
113 87
194 71
180 109
100 197
85 155
78 32
176 26
138 15
15 52
13 104
12 53
176 180
120 181
128 117
141 50
69 5
88 62
75 19
122 127
15 158
81 92
189 9
118 78
23 84
81 188
187 44
192 115
24 111
95 151
179 187
152 47
192 39
60 18
57 182
144 23
139 177
67 80
185 136
157 159
171 190
98 157
33 89
23 56
151 117
159 130
104 110
128 47
101 140
64 109
73 8
84 11
136 150
42 120
37 151
30 7
140 128
115 172
16 138
180 119
54 90
48 109
151 127
155 3
66 19
112 138
178 147
101 113
48 142
184 84
44 13
90 183
92 4
107 60
141 38
178 147
127 25
55 29
103 10
32 169
180 143
58 109
41 158
173 88
52 156
171 95
120 12
30 12
167 88
71 60
77 200
6 3
24 12
31 78
21 14
46 152
108 104
60 148
13 32
35 64
139 157
111 11
168 92
22 135
179 44
194 55
43 151
9 18
162 191
95 135
5 93
86 112
148 98
12 160
81 46
176 172
3 38
182 122
129 155
8 59
198 153
65 192
103 25
161 17
15 7
151 171
99 188
35 46
85 46
158 118
43 85
89 197
122 70
119 50
176 126
108 125
79 172
116 181
196 28
149 162
34 99
85 133
87 71
130 123
68 39
192 110
123 80
107 44
101 25
45 76
102 152
200 180
75 67
113 22
94 61
136 128
112 172
12 150
42 93
24 109
132 16
18 54
95 76
50 148
52 94
175 154
198 175
85 24
193 149
198 87
162 133
166 73
104 177
22 97
69 45
5 200
12 174
6 107
2 7
6 53
100 180
158 49
106 43
73 99
143 22
185 104
154 150
176 9
78 149
105 146
146 61
98 157
186 55
15 187
61 20
192 112
152 101
113 57
143 137
155 38
158 91
141 63
40 69
71 69
17 127
15 114
139 64
71 124
118 37
63 178
9 6
41 160
106 153
16 1
89 123
38 198
13 178
60 5
198 130
73 15
8 39
128 146
102 150
22 19
187 36
148 195
41 141
106 146
93 121
146 134
195 183
131 8
113 191
164 110
72 36
76 80
75 156
177 128
57 150
147 195
185 46
189 25
186 94
171 31
167 68
164 161
3 46
120 115
188 83
176 12
71 4
91 97
159 19
24 167
169 170
162 153
168 150
178 153
196 100
183 114
167 98
26 121
96 146
187 83
180 163
94 50
118 136
146 76
107 122
42 75
91 155
179 10
105 108
163 52
7 97
117 126
195 142
46 42
39 33
124 19
147 170
20 64
57 166
91 163
87 84
189 129
39 168
91 95
75 53
98 82
149 166
159 95
107 156
136 98
140 12
68 86
133 87
101 189
4 143
104 42
179 92
123 17
59 13
63 134
17 112
167 117
164 135
32 99
32 172
62 99
9 146
138 62
135 93
4 190
135 182
81 9
150 140
21 164
25 189
75 143
105 151
19 68
86 50
119 69
173 132
120 182
78 9
195 164
101 198
153 35
132 33
195 33
124 167
197 148
155 23
90 60
126 60
79 11
110 197
31 34
81 150
15 158
158 161
121 11
159 25
197 42
57 192
26 181
158 174
80 113
197 122
124 122
181 2
84 42
151 66
76 31
16 42
140 125
3 12
135 113
36 84
154 44
75 179
24 32
153 56
144 101
129 19
174 109
21 57
151 171
122 178
153 89
19 92
166 21
55 52
133 90
135 38
133 9
169 109
193 73
116 88
173 44
107 146
152 127
154 54
49 27
31 153
68 2
196 33
174 50
36 107
91 171
96 23
131 64
83 123
136 198
11 60
41 117
157 145
195 62
150 195
89 133
147 156
134 142
140 107
143 175
165 33
97 61
7 28
76 90
102 12
39 112
23 80
176 126
193 125
120 81
57 18
188 142
111 79
49 53
54 165
37 102
25 196
129 101
85 31
64 75
94 38
154 26
17 81
151 10
6 23
42 14
40 182
156 151
60 156
155 65
120 144
167 97
139 47
149 23
29 164
97 123
1 3
100 170
35 50
179 40
24 172
6 64
153 161
166 13
68 120
29 187
63 195
35 1
194 183
175 22
146 24
96 99
178 195
68 12
197 46
4 20
169 161
35 122
73 200
86 140
72 66
78 86
61 113
39 54
47 165
27 193
140 123
43 117
117 110
81 65
155 36
85 75
148 71
148 20
71 33
159 94
99 36
131 111
148 169
116 195
86 142
139 25
64 181
94 133
90 126
197 196
113 33
22 60
56 170
79 78
154 37
171 4
72 101
114 172
22 181
118 59
123 8
83 138
188 176
22 29
53 171
176 165
155 197
24 10
118 102
87 72
90 57
75 114
110 141
85 83
121 154
141 195
161 175
85 100
103 106
80 155
28 55
120 183
3 95
192 121
149 79
144 190
87 18
103 196
110 139
30 183
92 122
177 4
97 13
103 199
71 182
153 98
188 24
80 143
71 72
15 19
150 158
8 188
127 63
184 37
1 165
19 45
87 147
48 183
112 103
133 182
84 85
79 24
61 111
166 131
182 180
101 83
89 60
70 167
122 5
3 75
122 173
71 8
72 70
142 183
172 74
116 8
110 194
31 170
104 196
52 37
127 152
71 167
164 93
133 37
97 88
63 170
12 133
177 83
155 70
17 126
143 132
133 53
78 163
174 133
110 26
122 188
129 192
106 92
84 39
129 133
126 191
102 137
76 31
172 30
100 188
155 43
72 40
47 101
154 20
33 16
45 154
3 174
98 109
17 181
99 145
65 24
88 167
112 163
197 35
192 96
175 98
90 46
137 136
146 43
156 130
58 152
36 60
77 133
120 94
65 18
38 130
193 125
96 57
39 44
91 182
91 65
80 181
62 168
116 159
162 23
89 19
127 124
31 3
8 150
96 72
120 86
153 64
162 48
120 153
43 11
27 165
114 89
85 181
47 46
156 87
65 82
10 95
36 169
196 84
193 115
169 145
179 82
193 50
34 187
60 120
120 39
84 33
127 120
166 125
166 121
12 30
154 173
76 189
142 71
72 134
138 192
78 68
26 22
117 11
9 129
130 128
167 166
113 45
85 30
169 50
102 180
31 55
105 58
43 46
129 67
179 18
58 8
85 35
30 153
46 190
81 175
69 199
92 133
195 177
162 164
178 63
95 161
69 199
18 64
196 98
130 126
115 139
134 199
174 115
104 171
56 184
97 124
135 189
57 129
117 170
44 46
185 139
6 53
89 176
116 85
73 197
10 188
88 95
138 13
9 41
183 64
177 79
140 111
19 148
191 135
117 35
181 101
125 138
106 13
113 21
97 138
170 59
77 9
153 166
21 114
7 155
129 135
33 68
197 52
15 187
138 84
173 118
184 97
8 89
110 120
62 158
9 183
168 85
191 121
51 11
186 9
117 114
143 149
182 91
152 148
29 90
31 2
159 167
50 166
55 111
38 68
69 46
2 36
131 192
108 133
154 93
141 70
159 35
171 92
77 122
39 105
163 22
58 122
188 108
39 194
18 76
14 38
74 15
26 156
159 133
88 112
178 180
134 136
14 56
27 90
177 17
146 92
190 4
165 177
63 3
123 80
31 136
70 56
102 95
11 60
179 50
124 108
29 57
195 194
112 173
35 40
190 180
83 179
135 47
108 197
2 30
29 32
117 98
87 18
144 49
78 74
50 1
182 78
9 176
23 72
149 57
63 90
36 146
20 171
144 79
119 145
108 147
128 176
196 166
194 139
14 23
13 63
175 146
92 183
121 114
6 21
122 20
62 158
165 82
80 61
160 198
5 20
97 133
195 92
98 140
31 64
162 195
78 136
140 170
70 12
35 27
33 157
47 94
66 163
127 97
23 39
46 180
10 142
112 4
34 9
96 16
24 57
162 102
145 101
23 166
112 57
193 96
165 191
142 182
153 20
78 128
58 124
107 67
17 18
23 2
178 118
17 2
126 178
103 22
30 125
188 94
133 180
189 50
170 82
31 74
102 61
1 111
136 59
130 152
76 152
154 6
21 122
159 98
100 13
120 129
89 107
174 21
38 163
70 159
196 53
184 49
113 185
160 48
43 41
199 71
192 104
76 164
26 34
61 77
46 132
157 86
38 131
106 27
45 128
185 40
180 169
89 44
105 200
91 99
40 41
121 183
97 148
98 74
133 110
150 130
42 58
15 31
188 121
58 32
200 194
24 131
162 64
174 18
15 16
69 54
8 189
188 56
137 85
129 21
194 78
151 35
136 165
66 75
37 75
59 36
68 82
118 182
97 91
151 111
58 19
116 18
160 103
73 48
139 2
68 84
31 18
119 118
135 136
193 171
162 51
159 29
84 76
10 132
119 113
42 176
131 109
145 90
11 18
89 101
171 157
184 1
126 54
119 60
189 63
31 102
65 189
131 100
16 92
31 134
4 24
62 87
132 6
128 94
23 17
194 193
173 177
146 98
31 16
158 171
30 140
73 94
80 155
145 95
46 175
29 2
150 42
88 81
47 15
174 22
31 167
166 155
143 111
5 173
78 114
96 107
53 168
152 84
122 96
130 119
22 110
72 171
151 159
3 198
126 176
19 108
142 184
15 37
47 19
161 76
132 56
183 136
23 86
171 96
134 100
167 107
10 38
78 160
149 80
157 26
8 127
133 101
111 99
137 109
117 98
184 200
105 118
87 80
4 57
175 89
157 141
195 166
131 24
125 79
56 34
104 63
160 188
163 22
87 52
130 155
149 66
155 5
183 41
84 138
98 11
178 54
103 173
171 33
148 95
111 3
128 166
65 40
154 180
61 192
31 143
146 131
8 100
135 142
93 171
32 190
181 161
195 83
133 117
68 81
11 178
35 91
96 52
130 1
31 142
192 61
84 137
143 43
189 77
137 81
47 120
22 179
80 168
62 165
84 129
197 46
58 31
136 105
82 17
105 112
159 96
124 194
185 66
189 173
95 125
5 93
44 26
72 123
145 85
39 28
165 35
25 174
66 161
79 147
129 183
11 39
31 86
33 15
104 21
139 150
97 143
42 140
120 65
14 64
101 53
43 17
39 67
191 104
179 21
3 108
155 165
98 185
50 130
151 105
102 89
54 198
183 48
89 102
112 55
117 165
59 159
181 97
178 123
1 108
143 155
15 98
119 65
82 120
194 185
177 48
25 30
45 8
77 86
61 141
140 178
57 198
88 37
46 65
160 198
173 54
152 139
151 22
3 185
94 149
169 70
196 145
99 40
152 128
77 13
20 16
190 76
165 29
64 11
94 175
160 18
29 112
156 131
85 111
67 178
59 35
47 6
132 98
197 83
25 74
47 196
89 188
23 6
17 38
168 110
13 127
127 193
190 34
96 142
4 154
128 51
111 59
148 108
94 124
181 140
71 21
128 93
26 144
82 193
53 46
72 131
190 61
116 65
87 12
158 91
117 85
141 28
144 40
87 37
115 67
128 137
39 55
181 17
198 62
9 2
108 32
84 97
93 200
113 179
163 70
69 31
155 161
10 50
152 96
38 66
114 165
2 153
20 182
196 129
171 103
161 6
151 5
157 64
183 71
133 4
102 87
116 111
88 68
159 125
133 24
42 87
176 13
20 96
181 167
177 103
69 89
109 20
93 65
35 27
88 167
182 189
6 98
51 93
165 161
170 49
185 11
87 112
23 59
8 155
25 136
58 94
24 118
65 116
134 99
94 21
17 76
9 22
173 12
67 137
172 36
137 156
46 24
68 20
82 27
174 106
162 183
151 185
100 167
52 34
17 145
6 34
172 15
55 144
178 73
32 149
108 169
57 105
192 76
76 25
102 50
82 15
184 33
151 84
199 2
69 16
98 74
1 70
40 7
165 17
80 197
118 187
117 126
44 60
1 119
84 54
120 165
20 104
149 170
187 100
123 7
115 20
80 67
41 120
73 6
88 152
154 157
139 70
82 182
129 34
52 164
39 172
128 10
75 29
179 13
128 101
19 194
73 98
60 65
169 132
22 9
84 175
117 174
196 151
107 124
184 158
87 175
129 167
184 3
195 115
167 122
167 185
115 191
35 126
56 155
57 77
115 92
4 32
65 199
182 123
75 117
81 113
91 161
79 27
116 25
141 82
98 107
67 164
98 53
89 105
7 98
133 122
189 136
105 6
135 86
128 161
2 160
73 45
121 152
71 36
128 163
69 178
69 87
141 118
139 182
22 98
79 107
171 67
42 75
72 128
160 152
88 161
111 161
157 183
64 27
18 143
189 39
120 10
125 61
127 16
42 101
113 120
7 83
138 200
157 162
128 68
113 15
180 175
127 137
158 190
163 127
133 104
165 52
113 42
64 191
43 121
128 1
3 66
1 111
179 80
178 43
94 157
17 173
45 126
114 160
53 46
63 17
50 127
10 65
117 66
122 112
186 49
112 140
66 64
50 196
143 179
38 189
88 7
161 132
132 74
91 184
72 105
153 73
31 162
137 100
28 10
11 165
11 74
105 28
138 106
24 32
37 61
20 124
67 180
7 199
6 50
134 77
154 86
149 137
48 37
36 27
199 198
143 9
71 199
36 160
105 59
192 93
72 163
16 138
143 174
88 100
23 22
176 177
59 76
113 58
64 100
36 62
97 179
70 119
129 58
31 185
116 174
77 139
136 44
77 30
18 116
129 40
89 56
168 148
83 32
157 147
131 193
160 179
123 182
50 51
39 80
188 106
5 64
45 140
108 73
122 125
140 50
116 29
58 84
128 140
115 84
38 198
28 198
176 102
179 25
153 169
56 140
26 60
155 70
152 14
94 73
138 34
74 6
14 131
89 93
23 155
128 60
152 156
57 128
57 187
104 161
107 160
52 133
171 7
154 122
20 200
146 110
185 20
115 150
102 155
42 124
109 169
184 13
124 192
92 133
131 195
93 37
106 97
121 77
55 27
150 26
26 48
87 10
67 1
111 120
107 152
44 168
120 179
180 196
170 71
80 52
17 124
41 123
20 161
151 74
139 52
52 164
99 138
125 117
91 35
37 197
138 32
116 58
10 95
5 131
117 36
183 134
159 175
8 131
135 110
4 74
161 55
189 12
193 66
128 83
52 116
31 190
199 108
193 155
39 62
190 173
147 148
147 154
78 33
15 34
58 175
40 47
186 184
64 66
18 115
133 1
104 32
147 54
139 91
8 177
152 197
101 50
97 47
3 126
80 17
159 89
144 151
87 81
86 150
98 104
17 31
104 72
62 2
126 152
44 133
81 148
82 181
197 178
180 152
103 11
120 14
99 15
116 186
96 1
135 145
104 103
175 159
175 188
112 100
92 156
32 172
55 65
152 51
42 83
154 97
93 74
62 192
88 177
129 135
129 15
80 185
118 6
143 92
146 7
191 37
114 174
160 168
39 63
170 32
146 124
80 38
149 141
181 188
69 109
123 198
124 154
182 41
111 76
132 8
82 74
196 147
47 155
114 37
18 36
69 163
159 148
152 59
41 133
46 109
193 120
58 116
25 191
108 136
67 191
95 100
64 91
199 63
197 112
99 14
147 167
128 57
67 80
115 107
164 161
167 156
32 25
24 57
15 83
144 33
74 38
85 89
80 83
151 77
146 2
42 45
120 170
101 186
1 16
92 164
128 11
71 111
35 46
167 1
129 110
186 154
100 22
194 131
104 97
7 1
98 49
45 17
170 146
3 170
113 46
133 192
8 155
102 42
1 21
195 81
82 132
34 181
153 27
64 8
123 70
8 172
70 5
189 39
102 143
8 166
140 92
157 148
47 10
141 199
30 87
79 64
18 64
44 122
90 59
129 165
129 89
136 150
45 76
189 146
170 196
111 110
40 67
57 86
28 149
36 10
36 114
73 53
177 68
127 18
127 55
182 7
95 70
156 139
97 144
84 67
92 146
176 131
164 184
168 192
132 3
153 119
68 25
124 44
92 50
61 18
56 195
176 103
16 132
41 112
75 77
130 118
174 57
200 138
40 167
129 124
121 33
194 188
57 117
31 148
166 44
118 22
190 93
76 5
176 116
68 51
144 150
120 118
6 120
55 198
86 135
121 159
167 66
146 175
183 129
74 148
172 143
121 161
188 196
117 163
64 136
165 159
37 85
28 43
4 34
40 41
120 112
199 38
177 145
12 159
73 86
59 196
180 131
108 167
79 24
130 94
111 94
4 148
130 32
142 133
65 181
174 137
44 172
174 20
68 138
131 140
175 141
135 154
23 42
121 53
17 2
146 80
47 102
179 177
133 120
61 149
52 34
85 95
158 11
66 25
117 122
40 3
75 63
197 147
67 13
148 165
44 147
66 22
123 150
93 183
98 144
169 135
190 78
145 8
102 92
155 170
13 195
173 39
9 169
186 75
133 85
191 177
31 56
150 153
5 195
88 55
138 8
189 80
85 133
87 138
176 41
60 140
187 32
178 147
152 115
174 84
200 164
12 30
172 114
135 176
108 174
30 197
181 18
76 17
102 114
106 29
107 165
168 93
148 98
192 99
12 117
183 11
80 146
193 3
59 127
179 166
100 160
115 32
178 142
200 31
56 105
60 162
22 179
6 169
28 197
20 40
65 2
2 97
99 194
99 158
72 77
75 123
37 189
154 166
131 105
148 186
162 159
99 183
90 104
103 117
53 122
156 117
75 110
13 174
103 112
131 175
140 157
97 128
146 3
45 28
107 193
165 20
103 63
2 192
166 57
109 170
178 16
87 5
125 51
178 28
114 60
154 54
16 2
133 113
156 178
140 15
122 56
34 24
118 188
168 36
44 76
5 173
91 43
177 16
94 154
195 7
165 100
12 181
53 145
45 9
74 137
23 147
192 8
170 62
195 137
49 38
164 53
163 7
48 139
174 141
45 168
99 9
19 111
141 71
7 186
31 80
122 5
26 113
13 147
126 7
36 174
197 151
179 159
157 26
49 130
166 93
49 16
54 19
126 194
90 84
131 72
115 52
77 92
117 89
191 42
47 26
168 43
128 146
153 85
171 2
166 88
46 167
103 99
185 181
45 26
64 127
98 131
179 174
22 47
14 12
40 60
189 7
103 69
152 55
153 122
8 70
161 54
36 64
104 173
196 100
198 11
27 47
141 157
20 115
155 185
78 194
45 19
153 99
87 104
153 191
178 113
60 90
118 48
105 173
20 100
73 169
63 51
16 155
159 187
69 113
172 99
58 168
117 162
66 3
18 170
145 195
82 156
36 151
3 141
124 174
40 148
95 102
198 110
9 108
48 77
172 171
175 181
138 91
143 3
45 160
173 189
106 6
97 141
157 99
81 80
25 73
179 119
126 176
180 134
35 27
163 6
150 137
138 87
180 80
42 176
191 166
117 96
171 13
189 79
63 21
158 87
93 136
157 171
63 136
104 49
115 18
6 16
107 144
102 86
175 95
13 166
60 81
61 31
93 1
109 156
22 19
194 114
106 151
36 121
38 92
169 104
109 175
119 15
70 173
52 44
67 65
9 127
145 22
109 190
22 17
97 43
187 90
109 45
192 144
165 182
35 85
37 96
59 108
110 80
80 114
124 98
178 132
24 74
153 84
15 127
53 111
121 39
153 29
83 96
125 199
29 111
84 66
6 94
125 68
174 4
181 49
53 110
180 29
135 85
112 150
163 164
12 83
155 116
112 189
164 188
188 192
98 23
9 56
68 133
75 193
88 55
41 93
116 21
121 50
57 32
151 19
148 115
101 102
30 164
42 193
151 181
137 1
3 97
8 71
182 82
63 69
136 104
161 3
76 33
4 84
65 155
102 164
21 154
17 50
70 58
195 172
39 83
172 193
15 160
60 30
181 147
85 93
101 160
126 105
195 142
11 48
57 31
1 73
32 22
130 178
194 120
60 165
65 191
96 79
102 107
108 82
6 192
127 106
103 52
162 97
145 172
96 1
2 49
73 186
70 154
163 63
26 175
180 90
117 27
168 18
133 28
52 90
19 178
196 74
181 157
122 125
81 18
125 34
18 149
19 87
54 134
102 31
60 81
120 176
107 40
193 191
67 44
81 37
173 28
110 153
136 184
77 16
1 153
50 18
53 20
56 59
105 157
89 164
189 9
91 47
48 36
38 66
31 118
102 4
145 12
156 80
147 185
48 147
137 49
116 142
68 123
200 125
32 88
88 20
48 131
67 47
166 104
112 196
173 14
199 69
177 107
148 75
91 195
173 179
195 88
120 63
162 71
139 193
159 26
13 158
108 31
5 73
86 68
69 10
33 19
78 161
125 177
35 167
124 7
146 118
46 65
180 8
136 118
200 46
96 164
155 3
146 111
28 31
179 48
40 11
66 69
124 143
46 158
109 169
165 54
86 10
71 18
169 158
87 121
155 182
84 109
137 182
20 116
164 150
163 4
112 28
72 35
122 69
193 31
37 109
84 123
70 106
140 39
63 26
159 17
160 194
78 48
175 49
163 139
198 77
94 61
56 117
96 178
186 40
8 22
148 43
96 17
149 187
7 163
180 76
159 9
123 85
57 37
23 6
65 116
66 120
185 113
97 170
152 56
143 51
99 39
20 47
177 26
161 141
143 140
16 53
100 90
137 156
78 160
113 142
27 179
14 11
43 110
180 147
166 75
197 16
113 168
14 41
146 174
182 88
66 149
140 165
39 76
73 68
187 185
162 14
163 175
176 158
36 156
104 1
182 52
16 94
20 181
86 117
155 67
156 20
16 95
184 6
122 56
25 61
41 186
26 155
112 1
64 148
156 167
100 137
19 116
182 190
48 68
106 2
86 61
21 53
107 157
10 180
164 35
40 4
172 65
111 84
66 174
31 173
93 130
62 111
197 195
100 45
14 157
198 100
17 171
104 123
127 66
54 90
52 94
46 23
110 108
58 127
81 40
100 125
122 161
35 118
107 86
114 121
42 64
172 58
34 75
132 160
92 186
49 143
31 46
166 140
153 175
19 186
15 118
110 136
30 145
5 136
182 71
8 24
134 179
81 167
6 165
126 97
150 126
40 132
172 157
23 76
131 41
61 145
158 123
32 139
19 37
27 200
107 34
23 40
13 56
6 18
20 83
114 121
160 105
52 83
61 26
159 192
67 171
88 176
93 120
115 63
156 141
63 14
174 37
5 138
92 10
155 63
44 21
183 3
77 186
38 138
12 196
81 78
118 168
5 163
39 119
25 146
11 39
159 137
76 163
74 167
124 181
30 119
153 164
74 29
150 111
118 113
106 198
190 175
118 146
137 108
65 114
54 27
152 164
163 27
79 189
146 154
121 127
90 146
53 191
56 171
103 113
120 44
87 37
190 176
145 6
89 150
32 192
113 147
171 143
87 116
97 7
194 169
79 83
66 83
26 73
53 128
185 173
124 23
161 113
150 57
70 190
6 53
182 71
199 152
13 37
67 109
43 12
29 73
156 71
118 8
199 102
132 122
77 93
186 26
149 55
16 155
59 149
177 10
100 189
46 118
50 89
129 30
113 174
76 68
45 193
28 195
47 159
116 123
51 53
100 152
59 67
58 117
15 34
126 114
174 124
183 23
164 111
5 76
85 80
144 81
72 171
75 118
129 142
192 132
194 92
83 4
158 140
72 173
125 150
38 98
73 21
73 36
83 77
111 119
156 6
199 179
128 73
49 57
166 40
140 111
83 174
114 41
65 186
165 189
87 154
86 159
126 158
146 9
186 8
127 93
14 78
24 141
102 72
149 68
111 40
178 194
13 44
186 77
181 102
65 67
55 103
177 181
12 122
141 198
129 67
90 94
96 113
35 150
136 135
169 199
175 98
192 187
141 129
16 121
30 32
139 84
134 115
16 146
188 156
143 117
175 184
162 22
49 148
171 184
83 139
182 57
37 125
195 129
5 162
50 34
194 140
70 127
55 85
72 42
193 166
110 167
150 24
188 150
171 111
133 53
49 67
61 37
143 8
166 148
121 167
181 114
106 2
41 112
39 64
106 31
30 167
149 131
190 88
32 161
198 164
165 47
182 178
83 125
137 200
24 57
166 156
171 24
158 163
135 196
178 40
178 7
7 126
89 148
13 120
60 163
36 25
9 169
154 43
45 90
195 68
146 160
24 68
183 181
30 70
128 8
109 57
166 67
182 7
167 146
78 26
60 113
50 68
34 155
63 78
44 57
146 142
168 169
161 103
101 143
172 28
102 32
84 67
51 17
25 17
114 103
42 174
167 44
193 152
150 7
30 194
15 175
87 135
95 47
37 195
189 160
174 90
143 9
109 193
177 85
161 42
139 155
167 58
198 160
9 147
118 38
92 85
164 130
19 58
129 55
4 69
166 177
159 108
137 19
53 113
55 13
155 194
167 73
51 116
32 59
15 102
49 58
186 12
188 4
22 116
10 25
184 175
154 94
34 90
64 86
3 119
99 109
64 17
181 66
133 165
124 99
18 124
156 3
136 143
158 157
10 167
133 146
93 86
191 78
176 55
164 130
125 14
38 140
30 170
5 114
134 80
12 151
4 168
105 91
199 24
180 131
169 24
17 159
102 144
165 17
73 41
182 62
180 11
31 184
77 117
64 40
7 76
109 21
89 59
44 21
189 164
44 157
74 97
52 39
65 76
79 46
137 11
9 120
194 37
188 9
76 158
179 35
33 39
55 122
97 50
94 38
13 89
194 86
186 198
76 2
73 107
200 162
117 8
81 110
44 20
71 119
177 49
153 162
88 159
35 136
8 128
173 172
16 119
10 153
116 85
155 188
191 154
149 107
113 181
169 156
200 191
26 129
191 131
90 30
89 124
166 49
51 138
172 66
56 181
19 171
66 125
111 8
78 11
115 142
192 35
97 143
25 74
71 167
4 160
197 45
35 162
45 85
51 16
103 107
197 121
29 14
197 91
21 26
102 87
167 45
121 15
187 97
88 10
16 44
169 12
88 156
125 132
40 175
147 94
33 143
108 162
104 129
187 157
15 153
1 88
167 188
136 7
149 151
50 69
114 137
24 38
20 16
165 166
109 149
61 75
114 168
36 170
48 23
126 15
54 94
66 189
52 14
92 101
82 157
37 58
147 56
73 111
173 181
11 185
55 125
105 91
94 152
65 19
166 191
97 19
36 114
160 87
79 3
187 113
159 175
170 105
182 42
167 155
22 178
91 29
54 195
119 147
99 183
117 16
125 166
187 161
79 98
47 110
100 34
22 58
160 191
115 142
184 81
48 157
10 138
185 63
85 55
9 135
189 78
150 114
43 136
74 121
33 120
30 84
105 3
94 65
145 8
158 128
40 5
37 50
94 21
112 130
28 73
64 16
150 14
129 192
101 2
64 86
74 94
169 130
48 62
146 193
21 103
120 61
59 156
110 105
129 21
34 108
93 50
123 42
15 52
185 67
5 49
152 78
94 73
8 141
86 153
133 107
8 5
167 66
112 76
122 192
48 108
99 93
157 22
134 123
73 71
189 29
119 93
107 164
165 66
104 50
18 189
156 25
193 74
43 56
149 116
48 197
23 146
89 179
119 174
101 143
196 42
172 66
134 78
29 98
143 133
99 112
73 7
89 17
80 83
72 29
198 119
177 21
151 135
142 52
78 90
45 49
155 178
78 184
27 20
68 77
131 140
83 171
156 163
53 27
143 51
98 71
71 114
39 21
200 132
24 77
21 68
77 176
197 154
159 175
125 178
52 8
117 134
178 24
48 31
2 190
81 99
12 151
164 50
123 164
182 147
192 2
14 21
129 163
174 87
137 99
64 188
58 132
74 35
155 121
65 157
111 145
7 74
47 123
124 170
38 57
116 29
10 81
1 139
43 175
177 132
25 193
119 82
124 144
116 31
65 133
139 127
77 97
200 76
19 123
45 56
131 112
37 141
192 37
79 187
163 55
70 139
199 140
172 123
84 40
105 148
172 43
74 200
139 73
75 110
148 71
165 78
182 1
170 174
190 48
112 152
55 181
91 53
120 62
127 3
101 183
102 24
25 175
24 116
200 98
25 147
169 141
176 102
94 146
75 83
193 138
34 199
70 76
4 142
90 82
96 142
65 198
166 41
172 189
108 171
38 84
69 158
25 45
60 118
142 86
200 134
176 185
85 45
13 40
138 54
121 34
195 137
31 160
178 154
100 85
77 90
169 145
199 145
141 58
62 82
96 13
168 23
149 4
67 113
43 5
166 115
38 161
52 20
72 181
173 124
65 1
165 185
146 163
129 38
173 142
72 68
106 39
90 55
194 108
167 36
64 85
102 53
45 153
72 68
85 197
143 102
197 107
86 94
70 167
84 42
108 155
61 166
145 102
20 138
161 138
125 177
22 26
29 18
131 53
38 15
1 180
116 197
39 154
43 108
120 126
101 179
32 113
144 176
166 115
113 78
53 37
54 26
14 83
196 144
87 33
111 87
164 26
83 2
179 77
61 50
154 113
181 185
177 124
160 142
39 24
172 43
12 25
68 26
59 63
121 145
47 31
31 163
9 66
164 139
142 177
141 96
89 121
32 66
44 192
159 34
15 130
76 179
155 96
4 13
110 76
110 109
59 140
71 67
5 34
157 99
10 97
146 51
169 177
116 13
120 26
198 87
156 26
65 62
121 68
26 182
143 135
90 1
27 160
19 183
146 128
33 107
24 178
157 193
107 24
157 26
50 106
112 157
131 176
170 3
195 147
