1000 1000 1 563 1
257 
973 
449 934 23 39
151 623 71 20
392 530 70 97
278 556 31 2
589 646 39 99
271 427 79 40
178 352 48 88
690 956 65 15
458 603 49 10
213 325 53 90
603 867 81 84
20 824 57 80
551 576 90 68
577 781 44 70
372 882 93 9
89 293 27 90
92 126 33 32
716 856 46 94
925 970 75 20
200 343 81 9
93 885 9 0
31 667 31 90
400 864 7 15
6 158 22 83
277 296 30 20
90 136 5 85
484 724 71 0
678 797 41 0
391 479 25 60
165 653 41 72
337 739 13 44
40 460 37 68
823 955 1 20
19 62 69 93
395 847 1 64
367 925 9 0
502 669 64 23
366 541 63 0
221 291 53 64
24 119 52 2
771 813 50 14
187 463 17 30
242 821 20 56
506 756 77 60
63 378 46 88
145 365 81 62
355 500 96 80
198 402 66 35
490 498 1 52
293 734 1 5
183 281 81 2
85 775 61 92
727 858 7 4
460 948 18 0
319 493 45 91
412 745 27 45
95 582 9 69
200 272 75 90
181 205 47 8
557 818 14 84
391 392 56 16
1 788 95 56
4 25 57 35
49 174 51 60
27 637 13 2
64 316 1 26
592 852 21 75
346 502 9 60
61 200 51 35
510 572 17 99
525 837 55 72
107 145 47 24
562 789 91 80
151 235 71 90
94 868 85 51
109 638 82 0
147 609 13 50
435 907 83 55
295 511 81 31
162 764 51 39
113 294 48 0
794 936 90 56
595 833 28 29
137 321 85 75
405 446 49 0
274 331 9 42
71 87 87 62
169 225 7 52
53 747 69 95
407 969 30 17
253 389 79 22
509 683 5 27
67 426 98 56
241 996 73 76
301 421 53 88
591 793 51 80
171 450 17 96
231 369 31 91
17 233 88 96
441 491 70 82
66 704 95 30
211 575 35 68
57 368 29 76
175 436 65 36
3 49 18 22
191 680 37 78
167 375 24 85
364 381 11 16
139 171 27 70
639 689 38 36
149 152 55 70
622 650 5 72
169 666 96 12
106 736 29 20
191 780 80 18
27 38 7 16
10 34 85 36
161 437 15 95
211 276 77 50
185 692 64 60
17 285 64 20
322 742 46 10
183 769 49 90
418 801 60 24
553 645 49 10
465 968 80 42
557 694 51 20
125 373 1 48
3 17 89 64
238 422 29 72
292 391 53 50
38 363 36 47
159 260 57 96
329 461 51 8
144 154 65 44
84 234 5 52
1 104 17 6
325 777 4 12
232 602 37 0
71 971 8 94
82 98 87 95
217 270 22 36
100 132 26 76
41 83 96 60
302 663 46 30
19 261 26 68
793 987 86 10
108 141 1 46
461 658 21 32
380 594 4 0
178 213 49 78
385 501 97 15
105 273 34 84
585 900 1 73
347 981 77 12
289 672 29 80
619 691 17 84
224 227 49 69
3 120 45 80
236 533 6 0
367 506 99 55
185 901 75 2
26 282 51 64
115 860 17 88
472 897 11 68
904 942 33 6
1 361 42 20
142 300 30 0
935 978 86 86
401 738 11 52
341 397 49 30
341 376 81 0
7 13 77 64
231 279 23 90
799 906 66 51
493 551 97 14
19 30 55 35
532 744 1 8
5 41 35 67
204 319 65 24
65 341 61 30
104 108 19 90
391 475 93 84
353 510 25 57
65 329 1 45
88 178 25 25
487 529 29 74
596 732 81 0
484 920 17 80
437 706 1 44
307 765 1 4
136 347 7 32
2 8 29 50
83 101 63 92
175 539 71 22
587 894 57 90
215 816 31 32
54 573 53 38
78 216 71 78
538 805 1 84
11 122 39 4
146 880 65 12
25 697 57 90
124 684 1 84
355 825 68 8
181 649 81 12
38 328 34 22
279 808 76 48
421 784 83 17
270 310 22 4
496 587 89 86
21 631 93 93
397 862 17 10
399 513 100 40
90 686 24 21
271 676 9 80
392 459 68 91
580 581 13 21
196 385 57 56
64 161 48 74
58 404 91 86
13 180 5 56
35 147 81 15
167 836 89 85
33 644 69 58
117 849 89 36
301 527 25 96
25 588 46 21
321 545 49 70
126 238 85 76
56 93 61 64
99 398 36 96
1 3 66 38
194 440 1 61
49 56 33 72
661 763 15 20
58 286 73 50
822 908 36 94
13 482 79 52
262 380 51 16
724 904 21 50
4 890 37 35
19 63 61 76
28 100 51 0
176 309 41 0
1 2 37 60
457 985 93 0
213 229 31 24
25 244 9 12
343 727 1 25
181 431 35 22
157 208 1 22
25 79 1 46
553 846 69 95
49 265 72 80
319 534 38 11
138 289 1 27
7 47 19 45
201 589 79 19
254 297 20 92
301 517 3 24
593 731 86 56
557 677 69 6
343 550 1 60
360 750 81 90
420 610 97 88
15 288 1 50
42 723 69 12
85 869 76 37
408 642 13 50
273 345 33 52
261 618 69 9
392 687 99 18
388 567 81 3
65 197 9 20
491 918 86 95
39 998 53 33
90 317 33 89
92 143 95 13
119 258 69 50
253 413 89 16
210 988 87 45
318 872 52 84
346 494 50 20
115 203 20 55
631 815 81 63
718 895 61 82
31 410 61 16
460 554 77 88
104 114 81 90
377 477 33 0
45 252 79 30
269 497 61 74
712 1000 40 91
30 88 37 70
119 975 89 4
43 94 71 6
53 525 39 92
308 632 81 52
85 262 52 40
39 82 51 4
14 57 73 28
77 528 93 18
196 340 33 12
398 726 51 40
251 455 61 50
45 420 35 20
373 560 81 16
257 444 95 94
369 641 53 89
4 9 5 12
95 845 69 40
56 314 86 37
145 721 76 74
451 685 61 40
15 518 41 15
96 224 67 21
907 958 56 70
5 356 26 5
116 131 9 38
108 188 61 20
81 757 73 52
142 211 71 12
619 718 47 8
699 938 43 72
157 553 97 90
165 470 1 4
15 379 41 86
13 800 11 60
170 184 1 11
169 170 41 25
337 712 59 32
110 181 91 5
331 661 83 96
919 977 41 48
131 483 1 20
558 620 25 56
419 759 51 28
11 18 28 71
295 565 46 46
33 69 13 79
113 129 14 30
782 804 25 90
343 568 15 20
28 66 12 7
65 175 9 29
317 357 61 8
653 953 1 45
532 595 63 8
10 322 18 99
49 165 83 53
164 320 72 74
459 652 26 78
49 355 31 78
293 315 60 80
568 924 95 8
85 105 16 5
415 454 78 8
136 469 41 81
405 831 22 84
52 283 3 10
66 876 35 85
183 693 81 67
455 657 65 68
633 861 31 18
220 326 85 82
56 221 63 35
117 401 13 15
427 480 91 14
475 919 97 73
22 206 41 0
241 627 45 10
79 430 61 77
193 264 45 28
151 228 61 94
5 635 3 38
186 295 45 96
29 89 66 50
4 164 90 64
340 999 45 40
11 123 7 80
85 569 51 96
157 241 1 62
367 972 33 84
397 507 9 40
516 566 37 32
13 91 11 44
49 214 3 68
48 192 52 12
176 218 77 99
613 795 78 63
33 155 85 10
741 926 9 82
127 189 56 92
309 390 17 8
235 354 41 42
250 678 85 72
315 333 49 18
31 43 33 4
199 311 41 50
299 855 36 68
21 179 33 76
181 965 94 78
452 830 90 21
664 722 91 0
139 237 61 22
41 521 9 20
74 489 62 88
9 45 73 32
620 695 71 92
187 360 88 68
927 941 5 78
265 547 87 26
57 239 39 12
417 725 45 48
41 761 95 21
181 487 20 15
847 874 28 96
27 703 41 72
40 51 57 16
751 866 65 25
343 799 43 92
568 811 81 20
141 753 36 56
435 865 45 34
9 458 82 56
308 702 97 68
18 710 9 75
168 330 41 15
163 183 65 40
283 359 59 29
71 961 85 36
17 121 36 39
172 367 53 10
222 597 81 92
918 930 89 20
34 40 51 80
301 334 1 68
292 715 89 64
151 992 81 26
104 198 85 65
597 810 53 70
762 834 69 68
797 859 11 64
303 668 29 71
85 106 7 81
263 447 84 94
71 383 79 40
21 659 65 0
46 112 81 12
117 247 1 80
812 922 97 78
789 915 81 96
617 844 5 50
665 671 79 68
491 848 51 70
95 139 1 4
105 893 99 15
14 20 97 5
186 947 24 95
4 843 81 72
50 96 100 60
746 995 21 6
50 512 89 22
58 99 51 64
42 68 11 85
155 504 41 6
28 70 90 23
587 973 1 9
5 32 13 23
170 768 45 88
346 370 41 50
107 138 85 87
73 157 16 94
177 905 73 26
469 516 81 0
11 16 73 30
22 173 45 78
555 857 66 14
534 980 83 90
377 814 71 60
28 599 37 58
789 957 85 75
298 910 37 60
246 478 10 10
48 182 29 58
251 787 65 69
43 167 77 15
928 979 33 79
466 803 59 69
291 327 81 0
391 403 97 87
79 284 49 0
404 730 21 94
3 11 68 30
563 954 51 88
48 492 73 68
78 911 76 40
452 984 66 79
315 561 53 32
23 177 1 31
521 921 69 0
409 578 6 40
83 124 96 52
163 256 17 20
2 24 97 30
121 127 2 65
580 751 62 81
431 583 100 96
206 841 1 48
25 61 67 48
637 754 64 80
50 160 12 71
554 762 38 25
796 891 25 70
792 840 41 87
235 664 11 75
50 168 49 64
114 190 41 20
177 540 81 10
559 574 41 10
855 881 89 92
224 307 21 39
135 219 1 20
430 564 1 0
252 344 67 88
601 743 37 92
601 946 45 72
186 959 63 80
573 613 77 68
126 222 1 70
508 544 1 50
673 773 48 76
63 134 29 68
352 820 56 34
461 949 99 10
253 629 1 68
1 35 1 12
660 990 76 68
154 339 73 79
441 707 26 64
256 619 2 60
193 548 16 10
591 888 21 12
265 571 55 12
169 204 96 63
666 766 93 25
286 584 21 38
841 898 61 18
369 377 41 64
10 54 40 26
633 737 18 11
27 65 21 23
45 358 81 92
12 144 41 37
257 386 23 70
6 86 71 92
20 71 10 25
193 562 96 32
221 909 8 72
330 456 41 44
103 688 48 96
218 423 25 94
9 210 73 60
43 53 17 1
64 292 43 6
89 462 75 50
223 451 91 95
568 711 67 1
211 433 1 70
29 33 49 33
90 110 76 0
31 95 93 20
9 23 9 50
147 543 41 6
243 690 67 0
28 60 22 33
244 854 85 76
47 64 54 40
188 243 63 80
1 77 49 22
257 509 98 28
317 353 76 24
523 536 53 10
159 884 31 0
73 515 51 43
280 443 5 60
485 674 71 54
122 428 3 44
65 290 86 76
57 929 55 38
837 989 41 65
666 928 67 20
1 5 51 56
362 719 71 4
76 508 1 45
153 445 71 80
10 111 87 84
622 640 21 90
601 870 61 24
20 151 67 95
188 406 77 30
8 29 29 70
571 819 53 20
391 940 51 75
473 563 7 37
641 746 51 91
382 472 37 32
11 701 56 0
838 964 1 8
205 412 32 60
82 304 1 41
91 419 41 40
52 850 61 43
283 601 31 52
349 396 72 75
688 917 69 31
195 342 28 25
322 660 13 32
89 425 48 80
184 212 56 64
348 673 41 60
265 312 21 52
287 503 77 74
268 346 21 92
39 130 76 93
439 484 49 58
475 639 19 4
507 983 57 92
59 72 74 80
136 338 73 81
10 662 41 84
56 416 97 72
235 439 95 52
43 52 2 57
56 278 95 12
259 531 17 60
343 415 73 40
316 350 81 81
197 887 41 60
67 302 13 68
90 128 18 32
735 786 81 30
343 616 27 70
13 27 66 81
64 771 59 49
10 274 5 74
63 617 5 92
9 488 53 62
37 185 63 80
1 277 25 79
874 950 66 21
13 22 81 31
600 993 97 82
58 156 26 0
78 186 33 50
593 896 37 70
900 952 13 50
658 790 46 19
905 991 1 51
64 73 69 38
341 681 85 92
671 779 2 94
19 348 11 80
125 230 29 32
183 199 46 60
354 384 100 84
133 535 36 84
168 842 25 14
677 937 45 10
79 625 46 5
518 932 40 13
41 146 37 10
376 823 96 68
627 783 19 94
99 467 63 68
117 827 77 52
363 438 42 76
31 275 34 14
139 387 69 95
49 76 45 75
329 943 2 92
91 169 5 46
145 913 62 6
193 523 60 48
314 606 12 22
70 80 45 64
223 591 63 71
150 298 73 83
48 374 52 16
70 622 91 28
149 809 96 24
193 963 87 36
3 10 94 58
136 828 67 65
196 236 1 48
175 466 80 85
23 31 86 60
18 399 85 50
56 526 91 96
265 306 9 84
280 832 95 35
693 826 61 50
165 449 82 91
484 853 51 28
129 250 53 6
355 586 93 95
43 117 81 80
1 92 61 34
90 140 57 55
87 201 1 50
172 772 85 24
220 774 27 75
10 42 41 38
240 468 23 90
76 103 79 0
382 519 37 70
23 246 81 48
298 393 65 56
170 194 18 0
106 226 96 70
5 118 16 76
15 490 35 18
742 986 61 50
145 191 76 4
120 162 35 24
378 407 27 40
1 335 89 46
585 982 6 39
494 798 56 54
345 349 69 10
76 245 46 60
318 522 71 89
391 976 2 95
528 542 45 68
37 633 33 14
726 770 21 50
101 135 17 52
161 263 49 73
161 323 51 6
8 36 20 0
283 546 47 0
307 429 58 56
1 59 90 10
1 149 41 27
7 19 27 2
33 75 53 10
150 240 29 90
71 626 25 32
63 113 21 53
36 366 93 68
76 524 14 17
14 74 72 85
653 923 16 16
129 559 82 53
127 927 80 50
45 835 13 52
79 176 81 63
197 253 1 14
358 520 61 78
339 654 21 48
284 473 7 44
62 102 31 38
44 362 59 12
19 863 23 24
119 395 1 90
57 651 85 39
301 604 53 37
37 55 66 47
15 39 66 40
68 303 11 92
4 499 21 54
193 195 72 16
702 902 11 76
4 255 79 40
519 655 49 56
264 806 85 95
385 485 27 30
45 452 81 0
174 778 5 26
579 758 11 78
511 931 41 47
364 892 21 72
779 912 37 80
442 729 59 70
71 81 20 78
100 442 5 37
112 670 16 53
19 37 99 25
275 997 68 80
285 760 77 58
247 714 46 50
57 476 13 72
811 903 77 92
237 696 33 39
481 812 93 44
351 453 29 44
73 505 25 24
163 457 81 8
77 590 7 36
2 7 41 80
180 308 76 31
256 612 87 44
3 67 50 40
73 372 19 44
52 90 33 30
597 709 33 97
222 728 16 52
95 150 1 47
525 713 93 7
13 163 81 76
295 486 57 84
81 271 41 49
131 699 31 56
298 432 21 88
232 400 93 16
157 209 65 84
89 441 24 15
447 720 79 31
571 791 40 40
382 944 89 84
81 97 84 20
541 916 22 80
131 223 63 18
622 675 21 17
143 532 41 36
406 495 27 66
185 269 81 5
287 822 71 85
55 280 67 25
451 796 5 32
196 514 69 40
410 614 41 69
246 596 65 48
329 417 70 73
318 405 76 88
6 12 25 62
57 107 73 50
588 886 57 55
429 634 43 28
7 28 51 59
401 682 88 56
399 994 99 72
32 752 49 18
236 248 26 9
169 807 29 76
82 665 81 58
300 394 57 10
562 624 19 14
193 648 69 63
35 44 21 50
35 371 96 23
275 465 85 43
1 336 85 70
801 933 35 67
314 558 91 75
196 792 89 67
127 817 25 75
513 755 33 79
4 6 91 15
79 633 57 4
313 337 51 32
5 137 49 20
378 424 81 45
711 966 83 38
99 207 1 30
21 471 27 28
475 607 45 38
5 26 98 29
563 593 41 60
145 313 91 84
575 967 57 62
585 939 9 75
462 877 61 16
502 549 89 60
5 15 43 92
66 159 42 48
3 4 39 54
113 299 21 52
907 945 71 52
217 448 41 70
145 577 16 58
277 318 49 20
137 879 24 48
169 409 45 56
189 935 91 50
13 133 87 90
583 733 68 85
57 829 58 60
578 598 61 80
906 951 93 48
37 115 65 88
251 496 33 50
178 287 93 40
605 785 1 62
157 464 9 52
11 14 37 0
179 351 2 74
6 364 31 83
11 21 81 83
334 592 65 62
401 679 78 16
869 899 15 80
237 605 53 93
215 305 61 63
417 435 57 5
202 580 73 61
54 58 81 12
653 839 14 16
23 611 44 20
52 741 1 56
791 889 24 89
67 301 87 32
17 257 67 92
650 962 70 24
9 48 16 0
608 708 88 30
333 570 27 93
169 408 51 35
265 585 53 88
89 242 76 72
265 537 59 71
192 220 51 79
174 268 81 48
537 883 25 60
52 85 55 92
793 794 61 95
63 266 26 0
25 142 53 8
91 193 1 80
364 748 29 6
757 851 70 44
607 647 73 90
212 481 21 59
135 232 31 45
463 636 38 40
75 109 25 7
55 838 43 75
302 332 61 63
553 705 19 38
37 196 6 91
19 643 81 1
733 802 61 0
735 767 23 91
337 382 87 91
159 700 36 0
9 46 41 92
121 552 51 72
45 84 55 10
472 608 65 81
339 538 56 39
230 698 93 96
385 418 1 5
17 717 46 48
27 50 69 80
6 166 46 82
41 630 84 76
397 914 5 0
123 621 52 0
91 148 61 8
128 600 31 88
540 749 39 73
204 254 5 50
332 974 76 38
78 434 65 42
197 267 73 9
25 153 98 96
105 202 1 25
276 628 24 27
205 388 61 32
398 414 19 8
446 656 70 88
199 324 43 98
200 555 91 15
485 557 15 0
153 217 92 55
477 579 9 96
39 615 65 0
1 873 25 70
126 251 100 24
70 776 43 97
196 411 74 32
59 78 81 40
266 871 1 95
205 249 85 55
39 172 89 32
145 187 63 24
408 716 1 60
225 231 6 0
36 116 9 88
183 259 1 10
923 960 60 40
218 735 58 40
473 740 33 58
280 474 57 40
61 125 61 25
197 782 11 24
693 878 66 56
770 875 49 68
189 215 72 54
