100
11289 30531 14918 24363 21597 21 30260 5741 8883 6402 32482 25673 23213 162 15506 25545 28613 20189 20638 13738 12619 16651 16655 19879 29346 4441 620 9467 940 23919 21456 30241 3459 24656 8511 26078 10090 897 24634 15745 14339 2925 6801 6762 30402 25352 7033 14025 8609 19123 29406 12200 15125 28256 17147 27692 25665 9974 3111 2583 10090 27383 27378 29586 18092 12896 31856 554 25323 20944 23765 21272 3852 4333 29762 12485 9060 3 1503 13709 25968 20719 13610 3011 22471 14140 30095 28406 17998 5003 6200 21107 25259 28216 27686 20747 1276 1338 9345 18967 
100
0 1 96
0 10 97
0 26 52
0 14 82
1 12 14
0 61 97
1 20 83
1 26 72
1 42 61
0 94 99
1 34 35
0 3 91
1 61 89
0 35 98
0 76 79
0 61 96
0 53 86
0 64 98
0 31 46
1 21 27
0 26 68
1 66 70
1 77 89
1 74 97
1 32 93
1 61 95
0 68 90
0 24 70
0 7 17
1 40 72
0 27 62
0 44 60
1 25 70
0 70 82
0 63 66
0 25 54
0 98 98
1 55 59
0 85 87
1 93 93
1 74 94
1 18 64
1 31 43
1 47 60
1 9 90
0 69 95
1 25 61
0 44 78
1 36 58
1 3 76
0 25 45
0 59 75
1 2 96
0 57 78
1 78 99
1 34 55
1 10 14
0 59 86
1 44 60
1 98 98
0 8 12
0 90 98
0 43 69
1 98 98
1 89 89
0 95 98
0 50 83
0 88 89
0 71 93
0 17 46
1 55 93
0 11 57
0 80 84
0 28 69
0 61 90
1 49 56
1 10 19
1 96 97
0 89 91
0 87 90
0 75 83
0 48 76
0 52 95
1 57 62
1 18 73
1 32 47
1 15 60
0 89 97
1 35 66
0 67 73
1 49 96
1 66 81
0 2 77
0 78 91
1 69 81
0 14 45
1 78 83
0 21 60
1 52 89
0 91 99
