100 105
1 2 296
1 3 469
1 4 919
1 5 671
1 6 235
1 7 856
1 8 147
2 9 226
3 10 257
4 11 297
5 12 723
6 13 392
7 14 264
8 15 947
9 16 351
10 17 435
11 18 648
12 19 762
13 20 190
14 21 903
15 22 305
16 23 197
17 24 297
18 25 11
19 26 506
20 27 75
21 28 453
22 29 793
23 30 999
24 31 52
25 32 812
26 33 423
27 34 147
28 35 948
29 36 86
30 37 966
31 38 142
32 39 764
33 40 564
34 41 890
35 42 585
36 43 250
37 44 70
38 45 819
39 46 608
40 47 434
41 48 141
42 49 796
43 50 54
44 51 516
45 52 467
46 53 131
47 54 536
48 55 544
49 56 402
50 57 816
51 58 698
52 59 800
53 60 899
54 61 961
55 62 303
56 63 37
57 64 144
58 65 757
59 66 672
60 67 300
61 68 556
62 69 896
63 70 50
64 71 193
65 72 17
66 73 110
67 74 20
68 75 477
69 76 329
70 77 675
71 78 465
72 79 141
73 80 617
74 81 387
75 82 52
76 83 107
77 84 947
78 85 933
79 86 273
80 87 65
81 88 220
82 89 789
83 90 564
84 91 515
85 92 598
86 93 946
87 94 52
88 95 460
89 96 902
90 97 277
91 98 479
92 99 588
93 100 256
94 100 332
95 100 764
96 100 376
97 100 233
98 100 430
99 100 197
