200 2000
1 2 527
2 3 931
3 4 263
4 5 313
1 6 378
2 7 193
4 8 297
8 9 215
6 10 347
6 11 561
1 12 63
6 13 709
11 14 157
9 15 886
14 16 512
12 17 259
11 18 446
17 19 329
14 20 803
5 21 962
14 22 594
9 23 205
10 24 678
18 25 96
19 26 24
11 27 924
9 28 538
8 29 376
27 30 132
5 31 720
26 32 236
31 33 615
23 34 243
27 35 859
13 36 654
25 37 641
8 38 130
22 39 24
2 40 844
1 41 985
38 42 463
12 43 639
21 44 799
12 45 924
19 46 54
6 47 61
28 48 861
36 49 823
42 50 966
33 51 18
4 52 911
28 53 668
9 54 178
18 55 993
12 56 594
6 57 146
30 58 888
42 59 627
18 60 79
5 61 754
38 62 141
21 63 757
38 64 475
34 65 610
3 66 783
11 67 309
48 68 176
27 69 294
18 70 49
48 71 233
3 72 770
48 73 770
9 74 947
17 75 512
62 76 114
9 77 729
47 78 31
68 79 966
3 80 366
67 81 169
10 82 517
60 83 316
49 84 783
6 85 692
63 86 408
55 87 406
58 88 410
56 89 977
37 90 103
3 91 68
41 92 840
52 93 337
14 94 717
72 95 162
28 96 94
76 97 314
52 98 577
50 99 936
87 100 805
64 101 432
16 102 575
3 103 562
102 104 827
37 105 583
14 106 477
104 107 313
78 108 464
11 109 762
61 110 775
99 111 592
7 112 954
7 113 559
90 114 260
58 115 840
64 116 354
54 117 849
47 118 918
93 119 685
44 120 533
96 121 797
114 122 5
85 123 574
32 124 932
54 125 885
117 126 669
103 127 585
20 128 748
60 129 112
115 130 443
73 131 780
62 132 438
11 133 599
92 134 229
117 135 677
132 136 79
56 137 290
101 138 47
118 139 27
122 140 690
48 141 513
92 142 518
17 143 547
126 144 706
2 145 107
3 146 665
68 147 53
135 148 408
96 149 107
6 150 651
67 151 148
55 152 755
71 153 662
82 154 547
106 155 857
57 156 155
22 157 382
78 158 724
37 159 128
86 160 404
82 161 74
159 162 45
140 163 266
107 164 818
141 165 188
63 166 681
120 167 89
71 168 47
58 169 442
76 170 336
114 171 559
20 172 246
139 173 389
117 174 645
162 175 824
63 176 316
148 177 773
169 178 358
138 179 803
52 180 418
169 181 354
56 182 471
17 183 269
170 184 716
83 185 316
179 186 831
176 187 710
84 188 389
72 189 125
22 190 690
106 191 442
140 192 953
47 193 122
112 194 197
93 195 665
167 196 769
132 197 510
192 198 757
94 199 231
51 200 26
22 160 132
22 24 660
4 199 236
79 191 923
14 27 922
7 13 203
98 140 115
33 181 399
55 81 973
21 66 367
106 162 158
106 131 579
3 61 820
102 150 793
47 81 312
30 34 664
7 62 602
3 137 401
67 192 174
55 74 592
46 92 917
8 25 993
11 94 262
70 95 329
68 78 978
16 137 229
14 80 521
48 57 486
20 76 328
33 183 697
82 101 738
103 181 945
1 18 506
3 9 586
9 55 743
47 65 44
44 55 393
72 170 770
154 171 551
24 109 817
22 186 522
34 120 365
60 67 861
161 172 879
14 37 932
21 59 497
8 53 828
33 182 271
20 42 894
19 24 517
34 101 460
60 197 480
1 3 334
87 173 31
11 19 692
36 151 23
117 189 92
1 2 988
129 152 889
6 12 506
8 19 145
129 192 643
5 33 127
70 138 95
98 154 363
49 121 123
30 176 933
71 159 727
2 3 210
146 164 678
66 155 382
2 21 376
2 14 376
81 157 629
10 33 509
53 68 347
9 10 453
75 115 444
75 147 729
98 133 666
142 194 432
1 7 720
55 136 762
150 171 293
17 170 813
16 29 528
84 179 362
17 76 102
8 78 236
157 175 961
24 28 416
67 147 739
103 198 382
5 21 262
111 128 113
6 53 788
15 32 286
71 102 759
47 66 904
25 77 885
86 167 765
3 22 376
2 124 936
54 180 269
27 45 614
125 135 93
41 94 304
64 116 599
37 54 940
80 117 124
9 14 886
96 127 568
124 191 601
75 97 346
13 164 423
119 154 697
64 141 586
103 124 50
16 138 263
38 122 319
2 38 671
15 25 83
6 41 236
34 118 705
49 140 287
5 106 848
50 100 80
13 23 81
58 134 995
27 33 837
17 24 87
75 200 165
101 146 897
111 183 624
8 38 333
2 162 39
116 190 453
40 91 926
79 82 84
164 193 756
2 4 636
5 139 567
102 159 661
27 52 513
53 70 921
32 117 587
106 115 501
37 84 556
12 27 332
71 72 246
99 120 106
1 54 777
180 195 263
2 58 681
134 185 127
124 157 122
41 57 859
100 164 474
173 187 900
30 58 756
168 179 43
66 77 935
3 8 322
3 24 184
18 31 663
19 33 958
63 185 949
2 55 887
12 124 405
4 8 687
19 23 563
70 155 672
90 124 227
9 139 886
8 23 509
3 38 926
40 159 976
36 39 331
149 181 155
9 11 4
77 97 483
43 98 611
2 80 701
112 148 700
17 39 708
92 131 84
117 119 39
3 10 216
1 196 11
22 56 524
85 95 542
81 147 416
29 111 814
10 12 787
11 44 160
54 153 829
82 137 103
45 104 993
61 184 417
73 123 595
9 15 349
27 80 634
1 5 395
75 169 405
21 44 385
61 84 505
2 39 606
191 196 349
51 86 412
26 108 929
89 150 721
101 164 683
118 119 920
2 40 115
115 165 39
129 194 432
94 152 301
39 114 244
61 96 798
28 197 947
31 34 638
139 189 926
47 119 692
147 190 242
71 105 987
10 91 57
1 83 955
131 175 724
1 17 168
21 71 427
39 52 463
116 148 301
61 128 229
35 51 949
152 179 110
22 51 587
15 17 767
14 20 623
18 38 919
23 85 681
153 173 16
61 188 126
25 137 943
112 153 433
70 92 739
55 82 876
18 123 976
154 161 974
11 15 171
135 153 41
23 31 867
2 28 9
4 5 621
57 118 919
74 89 831
59 69 612
40 98 147
1 48 107
35 73 770
171 186 229
30 180 98
25 26 194
34 129 233
4 20 797
16 93 590
4 73 745
8 28 643
87 124 513
30 62 173
52 74 754
43 110 674
23 175 935
18 171 866
138 151 131
11 59 901
32 100 364
39 41 715
73 150 719
16 162 320
15 130 373
61 70 742
71 141 818
30 169 653
43 114 372
33 45 287
5 74 57
2 96 696
81 107 485
35 189 405
137 164 688
70 159 309
84 134 673
95 103 742
4 5 847
17 22 733
117 142 458
17 97 576
13 180 62
72 158 802
6 31 519
7 161 690
22 117 952
7 14 886
12 47 17
69 129 642
38 85 541
6 20 155
3 37 94
15 21 377
10 57 620
121 152 207
70 94 101
62 120 340
17 53 81
14 19 670
16 53 203
36 49 645
15 35 434
6 25 813
17 144 637
98 174 10
58 64 783
19 147 917
70 72 423
2 20 4
2 185 714
55 133 693
24 33 548
78 95 858
110 149 100
37 112 571
87 120 677
29 60 551
27 103 890
154 163 596
7 196 182
31 190 626
58 152 887
18 127 601
28 110 438
25 116 933
15 22 27
130 159 261
37 93 215
1 2 592
2 71 260
1 17 837
13 17 479
3 9 687
22 60 691
5 24 504
18 65 573
4 12 737
23 119 1
32 40 344
97 104 583
56 130 467
13 33 667
90 127 167
59 119 451
75 133 781
118 173 291
77 87 574
145 189 260
7 128 739
149 192 712
82 107 866
29 96 806
120 191 623
64 66 928
50 146 79
19 179 253
25 41 574
75 78 236
55 180 362
25 79 890
35 109 184
52 61 716
120 195 250
51 162 71
81 145 620
116 150 548
38 40 40
37 199 540
11 87 499
60 181 950
41 101 215
24 178 690
96 196 628
59 85 889
157 197 397
9 13 903
35 92 448
43 57 458
29 84 611
10 18 579
28 170 455
43 97 409
32 187 17
15 67 850
81 136 116
1 17 815
25 173 534
10 15 362
12 137 940
1 5 854
75 139 486
14 116 190
1 3 709
22 98 505
108 116 109
15 20 427
14 42 868
14 124 268
2 11 556
98 122 747
23 83 272
74 111 94
46 60 98
148 155 855
65 75 502
61 159 413
10 133 254
125 163 529
4 9 332
11 14 354
78 94 818
72 158 682
8 16 811
106 138 519
7 10 161
111 139 465
7 122 110
2 6 861
146 168 852
97 102 325
79 177 888
90 127 498
13 23 562
51 116 532
2 4 518
83 140 842
2 4 790
25 35 963
88 177 537
5 9 661
103 141 910
74 123 984
94 114 863
51 55 360
90 104 898
1 9 622
82 118 322
13 90 743
8 53 794
32 74 537
77 154 505
61 141 659
65 105 43
1 13 354
68 193 438
21 183 656
37 39 667
56 193 83
6 74 216
21 49 610
106 152 26
119 168 206
54 162 722
8 51 168
94 149 76
53 165 219
14 60 868
141 155 641
6 11 78
96 99 64
7 62 480
16 110 613
4 29 981
2 3 629
96 118 680
9 31 606
103 155 229
84 158 40
36 44 231
21 52 767
21 71 632
12 156 21
23 28 334
68 147 517
91 170 470
69 96 346
151 192 648
67 179 445
58 142 693
4 19 329
69 83 104
60 108 998
47 140 993
5 124 806
39 122 961
48 191 336
24 29 774
68 69 603
8 22 542
172 190 972
100 154 627
5 83 617
71 163 4
4 16 789
1 3 673
4 8 250
41 69 733
61 74 382
6 60 813
28 68 428
111 195 358
66 169 381
5 31 178
31 134 199
5 22 555
67 151 696
32 70 763
16 101 682
120 131 202
146 154 358
35 42 424
82 184 410
24 65 350
5 23 889
7 14 791
13 190 660
11 183 110
28 45 554
11 170 190
6 7 765
3 30 693
117 172 372
40 45 270
42 168 782
70 117 91
53 59 165
55 118 450
71 97 229
95 163 556
7 98 401
37 195 544
81 181 306
12 147 815
6 178 561
142 171 327
38 47 638
62 94 506
34 87 195
23 179 155
117 165 122
4 24 844
27 78 643
39 195 533
42 107 886
18 37 291
80 112 842
30 47 638
151 167 808
136 168 120
14 119 221
77 78 350
1 6 295
106 121 72
37 41 1
19 91 943
115 117 920
40 185 709
176 184 796
52 96 264
8 10 304
6 31 821
3 28 535
13 69 960
95 124 234
120 168 393
60 92 58
111 129 767
5 109 563
4 31 48
84 167 175
3 5 820
12 76 931
31 181 301
68 69 860
50 52 19
35 48 206
9 41 863
42 109 346
97 111 157
43 100 795
34 60 624
74 137 746
50 117 604
1 6 980
81 98 961
4 13 18
5 163 295
4 137 430
20 126 811
11 83 516
150 185 91
17 63 634
106 196 33
1 3 119
18 182 236
117 163 205
16 26 101
106 138 705
49 68 211
5 184 13
36 113 184
27 81 724
46 180 575
47 62 572
117 144 446
45 58 648
46 126 369
17 47 705
123 148 137
45 91 817
30 73 75
149 150 132
1 7 5
4 31 849
18 119 26
26 58 417
184 188 541
117 120 441
2 59 540
1 17 377
13 61 261
1 189 699
71 96 699
46 154 428
7 14 759
25 105 419
55 167 955
9 149 18
22 47 162
99 157 878
14 146 625
124 180 916
11 185 744
1 2 90
115 137 877
100 134 782
43 80 902
31 187 656
43 60 329
48 58 767
25 128 482
4 14 599
11 63 66
37 53 835
31 50 96
45 81 794
37 107 247
30 62 96
43 53 526
34 140 284
69 174 144
90 120 399
3 6 674
78 89 338
134 136 345
21 92 85
89 131 168
19 34 857
3 52 343
87 107 906
92 123 17
6 68 497
119 122 538
1 52 88
28 55 856
12 43 985
65 167 821
35 146 568
68 121 278
25 80 380
15 157 738
20 78 969
16 111 97
85 114 964
34 73 673
111 126 657
101 129 177
6 110 461
160 167 154
78 93 160
43 45 764
56 61 956
24 34 138
61 193 338
123 140 883
18 175 897
2 9 611
30 66 53
18 29 796
18 94 554
97 191 31
81 178 140
89 172 321
53 69 330
3 14 966
16 197 930
15 24 553
84 136 49
26 28 446
94 135 602
100 159 94
24 103 92
58 120 620
129 154 469
13 124 15
4 175 111
75 156 848
18 66 85
8 145 279
25 26 201
57 118 661
1 8 33
90 149 166
44 152 25
82 91 729
1 93 537
2 5 863
61 188 456
78 79 802
31 108 205
19 146 170
9 12 790
43 139 523
9 15 192
35 79 411
4 102 384
77 168 718
10 132 729
4 90 627
33 87 313
42 136 130
25 48 900
11 53 621
17 37 143
80 112 326
58 109 550
33 157 404
153 190 169
21 30 719
25 149 879
16 28 579
89 142 216
70 105 471
27 107 332
102 111 709
93 160 523
111 194 767
22 191 77
21 106 647
33 83 870
61 108 783
91 100 227
41 89 27
67 184 541
32 44 35
74 116 574
117 153 374
34 59 284
96 130 856
133 144 893
70 150 773
51 117 274
77 105 960
55 77 607
66 86 812
45 75 895
5 25 466
2 78 841
1 27 191
10 34 963
5 9 982
15 29 1000
53 71 4
58 190 16
1 2 8
31 141 256
13 173 737
17 178 409
186 189 507
81 169 5
12 109 642
5 24 309
49 52 440
11 35 465
33 155 326
6 27 478
4 115 351
14 91 231
1 3 747
77 109 430
33 38 470
6 40 415
32 59 215
14 59 588
91 144 359
33 62 210
53 108 834
22 23 322
59 147 439
33 179 632
29 47 208
11 124 474
125 131 581
4 7 447
160 195 467
95 111 658
63 78 792
2 36 894
8 142 424
14 48 805
24 184 381
122 156 177
91 110 777
7 123 19
78 197 383
25 150 615
14 74 700
72 164 666
20 92 967
96 131 914
51 198 746
90 164 998
15 27 974
1 2 942
2 37 315
69 92 375
115 128 929
17 19 629
78 127 839
16 30 409
39 96 901
8 39 26
25 29 352
2 27 385
32 106 796
20 28 652
105 152 23
37 59 974
54 70 831
1 31 684
20 49 781
45 85 525
64 82 157
17 59 882
82 167 660
56 105 257
58 95 314
128 197 260
74 136 308
28 35 866
139 178 483
123 139 575
60 137 570
20 21 780
32 160 738
95 191 475
5 64 726
18 74 146
66 188 445
19 148 57
90 185 661
16 61 988
77 152 533
26 64 551
40 77 815
174 185 535
31 97 547
83 84 855
118 123 17
16 68 411
20 37 157
109 144 420
55 158 110
75 87 314
174 180 547
32 33 910
21 36 882
117 172 590
3 154 427
29 39 800
136 197 447
2 23 531
26 40 444
116 129 671
27 50 404
39 152 343
21 34 921
39 152 364
26 87 475
28 75 111
71 125 787
9 157 885
7 18 882
19 93 131
68 125 37
37 42 552
34 62 924
166 192 227
1 67 467
7 14 497
39 182 705
147 182 659
90 172 59
34 40 781
79 96 388
129 132 844
143 176 903
8 9 328
96 97 715
56 75 436
31 49 169
56 186 291
19 71 941
22 58 280
43 68 728
70 95 393
93 190 343
47 175 32
54 169 474
13 137 387
5 10 880
95 178 636
36 63 243
48 137 313
20 187 998
71 114 525
9 151 142
41 136 260
8 12 72
110 182 390
17 176 522
33 35 521
6 36 558
173 197 252
116 129 615
5 30 568
21 48 350
12 43 946
13 28 449
54 167 397
23 32 417
31 40 985
2 115 316
100 125 678
100 138 981
51 148 888
23 188 696
60 145 437
30 49 4
44 56 272
49 85 375
13 46 599
97 171 397
47 80 554
46 123 46
113 154 974
105 155 258
26 192 636
81 99 600
5 29 795
18 188 251
3 38 952
39 46 857
8 142 608
7 18 265
166 180 271
70 90 698
44 135 700
52 167 101
14 53 918
15 86 121
6 197 423
13 15 689
6 43 975
70 86 596
18 191 720
7 71 360
40 116 130
116 118 509
49 163 468
60 138 147
133 171 564
8 29 87
90 158 249
34 135 779
15 153 625
1 26 994
95 189 3
28 79 590
50 75 238
3 33 188
165 172 862
59 79 284
151 186 697
47 91 489
35 46 940
66 93 729
65 151 340
20 35 437
24 94 681
76 99 808
107 145 214
91 102 423
8 36 141
48 51 222
31 69 452
75 88 64
33 98 65
9 42 701
114 196 871
19 107 573
115 149 189
11 72 819
23 46 191
25 110 402
3 65 168
58 162 146
20 120 232
6 17 368
1 3 576
2 10 137
21 120 420
9 10 472
34 73 284
5 71 827
1 2 641
152 192 144
36 100 439
13 53 303
3 4 394
20 138 446
1 18 672
30 53 776
74 178 219
68 88 803
68 134 327
83 171 614
26 52 776
45 46 34
53 138 482
27 48 157
7 35 743
22 132 634
121 146 736
72 154 444
66 146 744
132 169 600
20 71 540
5 10 913
32 112 761
57 73 784
150 200 70
5 29 28
118 167 45
112 154 510
47 145 541
41 42 601
1 2 959
22 26 120
103 171 993
40 185 322
120 180 683
159 170 439
97 135 184
191 199 836
87 91 245
45 49 118
143 185 494
56 107 753
79 135 621
50 146 842
35 116 626
111 187 319
76 90 234
39 166 74
3 45 285
27 59 967
77 154 590
4 41 985
33 125 206
59 64 97
2 9 218
127 165 803
25 33 827
21 47 838
50 135 827
45 47 916
88 184 930
15 38 694
9 54 524
41 61 424
92 106 297
5 11 571
128 136 997
35 99 846
5 117 617
4 6 421
65 103 68
45 124 862
44 199 121
60 83 672
31 144 434
35 37 78
5 17 969
49 50 4
98 100 296
9 45 991
3 48 213
14 16 548
24 32 946
9 24 885
9 25 356
3 6 849
85 102 844
47 131 87
28 65 2
16 69 592
109 153 484
14 71 28
147 163 634
70 130 25
28 35 368
136 165 935
127 196 711
2 7 281
97 137 441
7 84 125
8 19 419
79 102 99
88 111 87
133 178 405
90 94 960
87 152 387
12 49 742
2 30 895
3 4 407
25 189 700
83 149 576
34 67 584
2 3 703
5 87 490
4 18 572
3 11 420
91 143 536
28 80 314
51 95 271
133 198 246
62 106 176
102 198 297
10 98 585
42 67 509
116 168 725
100 154 579
5 103 219
13 69 407
43 49 635
6 18 669
32 195 431
58 152 291
39 134 999
19 81 197
25 26 167
65 74 521
119 169 732
31 67 361
7 164 386
12 97 701
12 19 421
114 122 190
8 69 115
48 192 925
3 71 604
1 30 154
91 97 4
19 24 199
48 102 178
45 93 76
52 170 827
38 127 990
78 79 207
18 34 410
24 125 706
72 140 279
36 66 859
20 173 707
136 158 197
83 97 303
12 177 973
81 180 631
2 5 159
29 123 848
16 143 812
2 30 180
34 36 100
54 68 164
171 172 660
2 4 811
10 86 982
30 143 160
95 117 610
2 126 858
61 165 418
86 111 798
69 192 803
44 98 275
51 69 626
97 148 156
9 34 297
20 81 710
104 123 999
4 8 977
45 85 454
5 134 834
1 2 39
50 59 281
40 166 581
71 81 826
88 185 653
47 104 423
30 145 294
29 65 582
130 134 128
4 14 91
28 35 971
183 198 575
23 143 606
7 147 925
59 93 472
34 40 96
85 88 458
102 199 497
99 135 463
80 110 153
48 96 146
45 109 90
73 86 156
103 172 342
44 77 597
10 66 180
33 52 333
102 110 696
128 163 973
6 56 966
2 4 477
78 89 459
69 175 16
18 53 717
6 95 786
121 133 183
24 44 332
6 7 743
17 31 278
12 67 315
46 101 691
90 103 342
75 177 170
86 136 511
25 162 333
71 94 499
145 167 865
43 79 865
148 190 53
15 95 654
5 83 283
63 143 891
135 193 894
31 68 99
23 117 559
15 33 59
49 78 390
51 54 256
153 180 542
32 74 811
59 176 627
25 155 660
64 95 877
123 185 618
22 172 684
18 80 346
2 119 27
67 82 627
4 9 442
62 183 415
115 152 731
31 145 909
10 36 209
186 198 408
174 184 763
6 82 947
17 53 89
15 22 296
25 145 270
34 120 677
37 91 88
74 119 905
91 155 798
55 60 951
97 137 181
107 198 529
27 96 573
65 85 577
33 107 21
86 183 854
149 157 301
33 95 199
50 196 466
6 112 869
109 199 221
90 137 865
41 131 332
152 163 648
85 91 903
8 40 838
22 97 583
67 78 927
30 79 271
49 89 357
3 13 351
97 105 193
15 52 454
81 108 676
121 187 377
66 102 595
62 89 159
96 126 541
117 170 892
9 158 8
50 124 88
81 187 46
13 21 990
12 108 722
29 81 333
74 167 496
11 12 586
44 124 704
14 32 409
10 128 299
63 67 761
35 67 344
1 2 46
4 21 968
1 3 865
9 120 431
70 102 670
12 19 327
21 142 819
62 126 479
7 22 481
45 50 634
119 185 104
11 22 785
16 17 297
54 117 90
16 19 166
119 173 548
113 172 436
98 156 217
32 84 103
58 94 285
40 139 818
140 151 256
42 82 930
88 130 663
55 105 407
9 10 170
114 186 957
2 8 325
15 166 946
54 152 920
1 181 874
66 88 173
40 164 694
3 11 142
126 151 192
50 163 760
116 161 240
21 190 439
135 189 606
28 31 607
19 40 218
7 8 933
85 122 763
13 78 137
31 32 470
100 102 876
35 142 48
50 135 251
111 149 46
28 97 912
33 103 209
3 5 775
22 64 75
1 6 956
8 37 73
34 132 280
43 119 868
147 176 860
14 104 85
5 26 28
155 170 953
30 48 933
3 10 395
68 106 156
44 64 175
38 40 820
6 85 540
27 36 185
4 55 574
1 22 885
40 94 95
130 152 792
57 106 537
26 38 894
1 2 399
30 130 383
21 96 37
21 25 91
11 36 79
84 148 672
37 152 900
111 198 283
41 108 940
97 98 845
88 141 995
26 32 122
50 84 187
95 172 69
178 183 291
46 56 585
141 184 468
26 36 383
161 163 749
9 52 579
1 101 78
79 112 965
100 189 305
4 9 650
14 62 980
68 142 819
22 148 287
3 12 906
25 60 903
25 51 920
16 36 766
21 48 604
10 15 701
30 35 524
10 51 412
23 139 158
82 189 475
12 37 419
25 28 415
3 8 201
66 130 406
3 176 585
13 61 675
65 75 563
156 164 663
10 43 7
49 70 988
30 69 38
79 191 912
22 89 213
2 46 310
64 170 394
48 151 137
43 164 912
6 11 98
39 43 727
2 147 591
37 83 566
10 52 115
141 153 877
29 36 270
101 147 985
10 27 201
12 102 136
30 101 597
23 40 512
26 55 133
34 194 262
30 104 379
33 156 44
48 65 742
36 98 523
32 75 192
56 170 410
114 155 722
103 145 223
82 100 895
27 61 404
10 66 776
45 65 134
7 36 234
50 100 902
21 30 269
33 100 281
149 200 412
157 178 950
26 173 844
70 166 131
83 90 534
13 56 819
34 90 147
1 2 239
12 48 900
56 191 385
53 186 643
31 99 9
9 10 327
20 191 92
22 175 855
29 38 722
45 161 400
174 186 667
94 134 1
6 75 16
11 130 730
139 144 224
115 139 936
3 12 37
24 124 129
51 76 750
36 169 206
57 121 535
33 107 633
19 45 322
17 106 304
7 36 208
151 170 977
60 137 741
6 105 30
77 97 391
19 49 977
32 52 224
33 167 822
10 143 264
117 138 424
98 130 466
58 70 163
29 165 727
80 103 979
1 66 798
87 193 587
26 145 691
5 21 538
2 8 657
3 20 120
4 39 201
17 27 532
51 86 955
66 104 702
4 6 614
139 152 614
4 198 707
17 25 566
4 11 281
3 9 551
25 164 137
126 181 754
54 133 745
21 61 527
4 147 518
41 76 185
75 117 483
191 194 472
125 194 759
74 98 468
102 190 591
116 159 636
10 170 906
98 143 33
7 123 476
6 23 416
41 164 192
3 4 224
41 88 384
81 87 489
44 159 180
57 82 692
94 183 45
24 178 350
43 49 91
34 57 291
3 25 89
30 41 222
27 68 277
26 122 112
1 6 238
123 153 274
70 92 35
37 136 304
20 113 57
3 18 757
46 50 690
29 140 572
32 69 366
84 114 810
12 132 654
6 9 70
15 120 156
95 175 22
147 185 331
83 122 30
5 88 654
58 91 48
121 188 321
8 78 14
47 133 386
20 47 109
24 46 886
2 130 348
47 135 733
5 7 783
64 84 840
43 113 559
54 126 967
72 195 288
24 119 171
81 195 909
11 137 107
63 102 867
2 61 728
3 34 300
125 189 843
136 196 988
144 146 607
50 60 655
116 160 681
1 4 865
23 48 863
82 142 891
2 6 729
52 65 999
63 107 236
90 162 665
32 143 645
19 40 361
81 166 792
27 68 93
3 44 345
33 130 485
98 133 525
72 83 456
133 149 897
107 150 977
12 32 202
26 37 787
190 195 584
3 34 310
126 185 436
19 29 452
56 67 651
21 30 706
19 30 184
154 183 133
6 7 701
13 37 236
32 65 191
45 46 170
25 159 820
40 71 819
70 115 201
48 51 387
3 15 979
174 184 911
108 133 292
2 4 722
7 195 282
12 18 619
26 57 239
19 140 182
139 145 508
4 181 331
12 17 259
11 41 121
90 107 384
84 124 154
67 68 738
86 105 302
77 84 107
108 185 478
67 94 834
43 49 742
8 152 307
45 120 711
19 22 931
64 71 620
21 39 295
26 54 444
6 35 304
37 87 358
88 130 622
5 8 865
31 39 668
124 199 598
7 12 573
21 38 30
110 188 277
23 29 186
15 52 845
124 179 936
7 13 781
22 36 656
32 60 188
104 188 53
12 20 886
7 81 182
76 123 27
6 189 779
81 97 726
157 170 856
3 137 768
9 27 913
77 134 460
36 62 818
41 47 198
28 39 650
148 188 986
10 97 927
133 188 586
96 177 254
70 77 988
50 83 194
27 34 839
5 47 579
156 187 359
10 100 685
55 89 77
1 6 323
105 126 678
1 2 80
4 12 829
16 32 663
26 52 330
94 145 476
43 169 296
40 154 756
101 130 384
31 63 751
94 138 337
19 22 699
5 83 7
55 137 17
70 128 937
44 78 127
49 190 122
125 187 384
14 32 194
34 63 530
7 11 387
94 174 576
43 54 670
7 15 464
74 75 617
25 117 855
51 60 280
46 101 776
21 125 860
20 44 927
33 169 355
26 149 151
19 198 551
125 130 860
5 8 715
47 92 535
38 185 589
153 170 488
45 89 577
46 159 703
28 62 832
19 155 373
38 56 43
17 40 4
10 186 678
4 17 546
10 194 275
5 8 632
24 147 964
18 190 184
10 19 615
6 16 976
119 166 736
40 61 975
114 196 474
