100 99
1 2 468
1 3 501
3 4 725
3 5 359
3 6 465
6 7 146
7 8 828
2 9 492
8 10 943
8 11 437
8 12 605
3 13 154
7 14 383
6 15 717
9 16 896
8 17 727
16 18 539
16 19 913
18 20 300
16 21 895
18 22 812
17 23 334
10 24 665
22 25 712
4 26 869
16 27 645
20 28 758
18 29 860
24 30 742
20 31 779
10 32 36
15 33 843
25 34 107
31 35 943
15 36 649
15 37 806
18 38 730
13 39 351
31 40 102
34 41 549
32 42 624
19 43 955
9 44 841
39 45 377
27 46 309
17 47 440
46 48 324
18 49 539
47 50 83
30 51 542
40 52 116
12 53 659
21 54 931
46 55 307
49 56 387
38 57 746
21 58 73
7 59 830
51 60 574
58 61 513
14 62 291
48 63 637
54 64 768
40 65 575
2 66 53
27 67 151
58 68 725
27 69 431
58 70 192
18 71 338
51 72 288
34 73 384
54 74 910
20 75 759
72 76 589
39 77 947
18 78 31
34 79 169
32 80 592
43 81 656
77 82 360
73 83 538
52 84 484
44 85 42
33 86 351
58 87 837
66 88 21
21 89 22
26 90 200
49 91 485
1 92 735
54 93 1000
7 94 939
39 95 789
78 96 468
81 97 894
11 98 484
70 99 422
55 100 618
