200 2000
1 2 867
2 3 740
1 4 188
2 5 376
1 6 341
4 7 118
7 8 322
4 9 866
8 10 61
3 11 59
11 12 483
6 13 944
9 14 15
7 15 195
13 16 614
8 17 147
13 18 259
13 19 284
4 20 196
20 21 922
15 22 733
9 23 446
19 24 35
10 25 215
22 26 475
12 27 733
23 28 836
17 29 19
28 30 243
13 31 723
1 32 486
20 33 382
1 34 234
15 35 652
9 36 816
18 37 688
22 38 278
23 39 359
18 40 778
30 41 323
23 42 749
12 43 388
35 44 701
28 45 910
18 46 35
22 47 648
41 48 351
18 49 100
46 50 632
39 51 411
4 52 153
40 53 67
50 54 120
7 55 395
27 56 440
56 57 29
17 58 449
57 59 485
56 60 407
7 61 562
28 62 489
22 63 787
20 64 170
26 65 308
24 66 357
30 67 921
43 68 757
10 69 858
43 70 467
6 71 647
23 72 123
64 73 814
7 74 585
55 75 283
40 76 496
41 77 95
41 78 459
44 79 212
7 80 424
20 81 959
72 82 913
37 83 567
8 84 933
31 85 966
11 86 127
64 87 470
6 88 381
70 89 797
72 90 156
83 91 524
20 92 265
28 93 268
44 94 171
72 95 786
72 96 504
72 97 109
5 98 869
17 99 757
36 100 666
89 101 6
50 102 740
35 103 238
90 104 213
26 105 507
63 106 65
36 107 280
71 108 923
66 109 250
98 110 680
8 111 166
21 112 785
45 113 757
90 114 927
91 115 154
42 116 922
14 117 699
24 118 778
93 119 119
88 120 370
115 121 880
32 122 282
81 123 576
61 124 660
64 125 80
83 126 641
3 127 263
20 128 629
124 129 8
102 130 320
56 131 983
90 132 118
103 133 941
132 134 546
84 135 2
123 136 518
58 137 491
24 138 838
96 139 532
62 140 118
90 141 975
116 142 776
1 143 13
39 144 539
125 145 909
40 146 417
119 147 419
124 148 887
35 149 731
97 150 946
9 151 102
150 152 840
87 153 556
54 154 901
41 155 987
112 156 151
68 157 790
59 158 404
156 159 610
84 160 539
24 161 381
57 162 880
75 163 503
116 164 308
8 165 782
27 166 716
165 167 893
104 168 664
162 169 700
139 170 399
4 171 342
95 172 601
53 173 790
4 174 909
57 175 36
40 176 101
117 177 215
111 178 206
38 179 227
104 180 676
92 181 141
1 182 422
54 183 100
13 184 70
43 185 187
101 186 932
5 187 716
27 188 987
11 189 343
97 190 43
52 191 67
105 192 145
60 193 916
174 194 796
184 195 142
12 196 273
165 197 801
30 198 466
40 199 781
83 200 354
26 146 926
35 112 326
135 143 636
13 49 390
60 83 551
76 167 92
9 17 339
52 130 58
47 94 101
44 139 944
29 134 893
17 143 215
4 22 250
141 165 298
13 24 219
37 75 439
50 61 7
26 45 107
23 105 777
1 60 860
17 54 351
71 89 694
26 62 628
71 90 200
149 160 55
22 26 627
1 21 682
5 82 279
60 162 364
12 158 568
89 108 670
36 81 154
55 117 556
61 127 889
76 182 906
165 174 350
75 144 657
24 129 826
129 177 473
54 143 149
10 15 410
111 151 122
91 141 173
94 166 459
5 109 84
19 62 698
51 54 582
64 139 308
139 153 57
5 8 767
90 119 875
9 53 180
27 169 247
32 61 845
34 73 581
52 61 454
25 34 980
43 53 477
75 148 329
3 81 818
31 41 399
38 140 640
34 88 213
22 33 705
50 110 457
102 147 676
89 130 135
3 12 211
43 97 741
18 71 311
39 83 290
36 42 692
44 73 29
31 156 450
48 73 857
152 175 74
1 4 55
111 144 880
6 37 832
88 113 971
8 109 295
10 171 63
30 50 648
45 106 685
9 70 349
60 114 958
81 111 483
26 65 205
9 13 410
119 121 344
29 141 120
25 85 580
34 55 454
44 68 649
2 9 928
26 120 71
26 76 613
14 149 327
39 85 553
50 149 118
15 17 395
56 195 763
4 125 643
27 32 96
30 175 308
182 195 56
164 190 265
124 136 221
5 17 641
3 96 986
49 78 201
40 125 293
26 87 87
108 144 187
4 24 311
1 57 823
55 72 369
141 184 683
105 159 678
84 123 44
56 76 232
42 100 62
15 18 975
24 107 486
16 24 281
75 90 251
73 166 686
12 21 611
40 116 704
29 103 890
23 127 131
31 137 663
83 190 219
5 36 958
9 11 438
40 79 369
18 105 833
76 173 244
1 2 221
73 171 508
114 139 331
16 68 186
72 127 738
9 199 665
139 191 658
174 196 43
42 141 584
6 171 331
148 168 563
1 3 386
66 180 470
17 150 932
5 148 192
9 60 638
64 176 87
10 53 599
17 44 176
99 155 894
34 166 16
39 173 590
40 140 569
32 43 821
12 50 570
10 25 653
27 53 356
68 187 928
140 159 770
40 114 350
188 196 578
44 56 726
9 59 750
97 103 758
107 108 997
28 137 671
44 182 378
102 124 152
7 8 1000
95 123 104
4 19 924
21 142 89
53 99 498
7 161 533
162 181 675
153 158 357
125 167 496
49 129 720
9 60 615
99 190 504
107 157 747
5 6 514
27 128 28
33 181 31
116 138 746
13 130 681
10 22 80
34 88 344
41 49 32
64 175 961
48 102 551
21 30 711
41 56 215
19 70 854
88 163 683
116 180 780
22 73 750
175 176 656
78 152 409
18 47 578
126 130 193
72 186 320
67 183 754
29 30 496
39 82 56
2 184 539
9 17 70
89 118 638
97 149 282
1 36 364
9 89 223
142 152 696
14 21 681
10 45 840
38 86 188
36 140 95
55 180 465
59 126 508
139 195 836
53 96 977
58 103 549
49 187 137
71 82 813
2 12 958
82 175 346
2 173 852
67 160 517
6 150 61
100 127 320
15 58 151
34 59 8
74 82 902
105 169 548
18 111 748
1 74 306
98 118 633
70 84 891
141 189 612
51 54 479
59 169 999
49 189 380
136 167 499
123 133 80
34 198 656
16 34 908
62 141 158
162 183 848
53 177 541
84 147 815
34 183 143
100 166 54
23 52 240
2 22 684
6 7 329
46 121 477
78 146 960
174 187 497
118 188 120
65 73 787
5 53 74
34 46 905
31 111 651
24 36 470
86 101 380
29 80 307
4 15 853
10 44 709
44 123 796
8 15 740
71 92 752
21 171 148
2 8 425
35 62 14
57 176 227
25 40 89
11 17 848
92 145 738
103 158 709
84 144 246
52 114 890
58 69 420
2 53 907
13 44 383
106 184 268
14 19 365
62 78 663
27 89 583
12 13 888
9 10 894
18 194 234
11 38 533
63 93 970
9 15 90
26 198 444
85 131 675
20 144 406
6 30 868
58 145 737
12 92 433
39 58 728
89 129 650
54 67 215
7 28 143
1 29 36
23 88 106
27 176 293
28 101 122
179 195 415
22 48 724
2 22 830
3 5 440
1 4 334
134 182 759
122 147 454
105 115 510
10 22 950
1 61 991
101 109 525
17 34 753
12 19 276
72 164 151
5 7 338
7 40 995
13 104 886
87 101 467
73 110 610
21 36 160
21 141 129
11 64 560
46 80 914
28 62 617
8 29 389
122 165 679
28 89 49
165 192 415
29 55 247
3 67 38
7 10 849
13 124 555
66 81 718
94 179 265
167 186 39
4 47 142
123 125 360
104 144 10
7 8 154
123 181 92
18 52 317
30 53 580
4 6 89
27 49 501
9 70 956
186 195 116
89 97 57
110 171 686
3 17 941
5 49 707
59 100 717
57 90 276
171 190 376
142 176 943
55 59 302
81 176 666
104 105 724
69 136 497
96 125 326
53 151 37
46 73 611
2 11 820
81 182 152
5 26 37
44 51 564
149 190 307
50 104 490
58 133 182
149 190 288
47 149 43
32 173 478
85 154 519
164 191 690
49 117 922
141 198 557
7 140 226
95 100 129
5 51 495
18 135 117
9 43 853
7 120 168
51 149 28
54 148 893
59 143 567
94 148 265
146 170 664
35 53 695
164 173 494
98 120 125
18 70 553
26 75 838
15 31 968
48 98 975
11 12 922
47 129 168
9 104 183
4 177 514
7 14 336
7 21 518
56 103 746
2 4 272
5 12 123
51 110 537
160 194 457
88 188 69
94 121 122
68 119 151
17 26 913
4 6 595
56 97 759
29 56 656
100 106 480
2 5 815
58 171 188
110 166 986
30 93 394
14 35 212
77 197 141
26 157 60
118 165 748
84 134 431
23 72 607
27 31 473
53 73 752
39 41 788
84 171 977
7 14 971
62 168 578
58 97 807
156 190 386
145 177 786
9 44 369
122 134 829
12 87 746
10 15 389
104 105 538
16 18 365
1 10 60
59 124 353
3 6 432
26 46 681
32 43 235
52 53 448
54 61 288
60 150 649
50 99 28
44 64 941
12 16 468
30 33 306
47 89 180
1 2 237
20 181 45
98 106 699
105 128 427
12 15 607
92 165 285
134 174 329
62 76 312
140 194 39
3 9 845
2 73 132
4 9 335
14 147 448
60 86 476
80 178 778
12 145 31
10 13 193
89 136 128
7 20 778
25 76 232
30 34 434
43 154 9
24 41 620
26 144 484
161 183 447
12 118 268
1 6 583
47 127 164
1 8 420
138 164 925
38 154 395
70 84 750
5 8 474
73 94 271
151 154 201
90 105 165
69 179 641
116 176 656
113 135 711
69 184 185
22 30 30
130 191 576
47 67 697
32 105 303
9 31 447
66 76 610
31 97 301
73 101 100
23 91 285
154 184 869
11 94 421
78 90 373
23 65 690
72 129 988
81 175 171
4 71 458
25 35 476
32 138 612
30 45 512
29 194 524
17 97 112
32 109 949
41 108 462
32 40 283
4 62 194
16 24 53
57 161 423
11 12 212
30 72 765
11 16 232
69 122 646
13 173 10
63 69 703
53 131 331
64 136 85
27 59 796
7 125 519
5 103 435
6 79 646
34 82 159
31 34 873
35 193 136
37 104 390
143 169 68
46 96 441
10 31 832
24 64 231
16 169 805
79 123 766
5 22 553
25 104 317
72 189 115
79 94 266
46 63 917
62 98 788
12 24 603
22 46 695
151 199 980
70 107 72
1 4 809
31 37 892
34 43 37
75 96 677
5 63 436
188 192 993
11 88 479
17 30 400
37 62 556
27 188 120
93 105 199
7 9 894
92 95 185
10 20 109
98 149 506
2 11 228
29 174 678
1 5 263
2 10 893
114 145 991
75 199 100
68 93 191
71 120 521
146 186 790
5 11 722
59 154 616
64 150 20
21 22 252
148 180 533
72 103 145
4 102 918
21 63 530
40 117 740
133 145 31
113 129 984
5 179 413
113 151 967
63 77 246
20 35 51
123 197 964
22 54 409
39 44 266
8 63 575
79 200 261
5 28 546
67 92 249
50 153 826
9 68 696
28 117 409
35 57 524
45 190 339
26 27 244
1 2 849
182 185 798
9 94 455
41 52 474
26 104 210
32 99 692
48 144 571
2 10 871
4 71 986
79 108 422
166 186 466
12 67 166
38 68 797
122 134 676
54 57 336
22 60 829
2 87 339
10 195 909
91 188 887
96 184 774
139 186 721
27 41 765
73 139 282
123 197 490
35 177 2
50 154 957
60 151 216
6 160 770
16 17 709
85 122 80
1 15 531
40 76 150
43 92 482
41 104 739
112 119 560
8 27 361
32 125 217
66 77 276
41 61 536
7 85 652
60 132 875
22 62 511
74 88 960
30 52 563
176 182 156
58 68 581
63 189 942
29 51 734
52 59 448
52 81 374
102 147 28
81 94 281
47 90 941
21 192 145
41 73 232
7 41 926
27 56 312
30 174 73
41 135 997
1 2 872
104 172 644
87 129 883
46 99 108
142 153 628
1 5 128
6 16 342
65 80 246
139 197 428
103 145 695
125 164 714
129 166 933
47 169 508
1 16 502
52 97 804
129 155 473
4 44 522
29 67 232
17 138 57
107 133 304
67 98 231
51 72 885
37 199 905
28 87 17
17 130 451
42 73 292
33 176 262
50 118 386
24 62 744
15 51 630
89 114 774
3 11 759
1 2 645
28 32 52
4 70 837
94 108 902
17 21 502
89 146 843
85 146 343
76 179 424
3 15 795
42 180 910
66 103 837
95 101 970
135 144 183
24 184 867
135 139 333
115 117 580
139 169 754
68 140 291
1 2 904
7 11 48
88 106 561
81 140 403
18 142 942
22 30 902
9 57 932
19 58 312
13 63 693
16 172 359
140 160 257
17 36 266
16 66 482
27 61 529
34 65 943
3 119 318
64 196 407
144 153 562
57 65 662
8 9 74
12 56 350
105 126 511
14 25 869
10 124 436
17 161 501
17 21 669
62 189 716
81 113 668
3 113 307
10 12 593
41 47 260
54 101 371
28 111 481
95 121 381
14 81 795
26 29 682
89 164 797
21 45 468
1 2 285
39 46 615
37 52 108
19 116 120
31 196 536
39 90 765
72 183 654
10 81 904
69 192 839
39 40 906
81 158 311
54 57 390
100 169 593
36 92 735
16 30 147
7 13 657
1 2 971
36 86 395
71 73 353
9 60 712
56 113 284
18 157 223
48 71 36
85 126 329
50 58 415
94 127 825
115 180 638
34 77 400
16 52 535
57 112 98
27 52 191
19 178 234
78 187 126
64 184 826
11 75 364
1 4 523
135 190 790
37 42 62
3 151 995
44 114 918
81 82 852
3 10 56
1 4 62
50 155 277
143 179 314
26 178 664
1 85 390
46 108 752
3 151 636
19 50 217
10 32 299
67 198 595
80 150 590
13 19 85
29 127 778
5 59 570
31 82 884
16 73 548
7 54 782
72 137 88
1 14 282
49 108 955
86 119 482
47 125 688
69 132 446
11 33 417
34 124 414
41 74 546
44 64 290
109 131 791
107 115 544
1 49 642
66 193 719
53 191 856
30 39 429
11 94 996
78 173 511
119 126 862
19 32 144
32 64 956
163 171 153
50 150 110
65 94 802
40 128 468
19 103 243
7 9 966
20 60 427
46 54 607
38 159 243
6 10 286
21 35 41
2 4 245
18 124 838
12 85 484
115 140 439
54 89 127
47 185 757
3 97 636
4 54 464
120 141 980
93 161 678
2 13 742
68 84 516
6 18 580
62 146 391
11 28 633
26 35 202
26 36 677
121 187 400
8 11 793
9 79 647
43 173 860
9 59 722
83 132 900
33 46 46
23 122 373
91 198 378
48 55 274
16 108 985
66 67 997
94 160 819
10 17 557
90 95 639
94 162 328
2 35 371
80 187 78
2 23 239
110 188 278
18 123 485
1 27 42
25 116 212
4 67 274
48 60 119
10 16 637
94 129 769
8 200 277
33 194 269
21 170 101
62 91 967
63 117 103
115 156 566
20 180 312
27 97 244
18 46 864
22 40 526
73 85 650
18 137 776
36 99 398
74 95 268
126 160 809
11 174 163
88 101 734
24 50 84
22 55 890
51 130 520
20 74 911
28 94 344
5 42 594
47 67 928
91 121 909
4 19 571
12 21 277
2 91 145
18 91 763
21 33 687
47 86 426
30 51 797
31 156 244
3 16 736
90 156 978
134 170 563
23 127 875
11 43 121
62 69 741
50 150 688
63 67 568
16 34 965
25 47 503
112 146 990
43 151 53
69 78 944
98 143 602
123 158 776
43 138 617
40 156 32
60 99 965
20 35 653
102 114 156
1 14 358
1 17 277
104 170 964
3 30 220
39 40 106
55 154 987
5 86 310
17 35 599
38 115 214
18 180 686
76 177 274
126 157 497
31 55 89
10 64 529
16 97 85
57 94 712
96 105 80
76 118 790
65 101 906
2 3 845
56 124 120
25 132 684
11 178 481
39 159 204
36 66 880
81 166 311
44 84 50
4 7 879
58 103 869
43 133 934
68 164 796
26 102 111
36 66 541
18 29 842
154 158 977
25 38 684
51 53 696
13 49 669
37 73 245
70 162 591
28 104 204
23 135 688
3 101 511
26 51 557
24 115 144
151 183 329
122 158 727
39 96 758
30 100 524
42 183 636
6 8 697
41 65 766
12 25 55
61 70 425
4 5 297
41 110 66
36 70 537
32 73 822
7 178 384
34 44 22
50 144 715
13 24 29
69 70 502
12 107 711
69 88 388
1 8 928
29 55 473
31 45 812
17 18 861
41 73 595
57 153 509
16 119 665
65 92 919
92 198 634
114 144 924
1 4 911
25 33 164
46 87 36
22 38 864
9 56 205
75 142 364
45 135 615
4 57 39
47 113 675
3 9 817
37 68 37
118 189 511
123 170 744
37 197 517
110 183 415
54 59 282
79 105 57
149 161 675
21 45 329
25 35 44
94 172 476
33 78 995
23 27 798
8 11 594
37 67 781
22 189 874
2 9 348
76 91 686
112 129 568
36 69 762
30 32 650
3 24 641
11 23 551
98 137 94
6 25 848
97 148 432
34 76 670
5 112 577
162 186 759
21 30 11
48 181 420
152 181 367
7 13 146
18 94 217
126 154 460
88 186 252
62 99 68
108 139 424
12 21 725
61 67 836
20 23 387
42 133 252
93 124 46
27 65 755
61 174 485
32 105 662
6 95 805
12 121 687
22 45 594
6 45 152
156 193 465
152 185 195
15 41 329
67 117 894
12 29 206
84 121 93
104 126 510
26 163 927
22 36 352
30 52 506
9 96 491
153 173 868
16 88 818
3 10 417
37 135 918
9 11 73
12 55 793
98 136 5
102 165 916
17 32 130
128 134 972
1 2 967
76 125 139
45 107 752
37 100 950
18 36 196
108 149 877
72 148 100
26 37 70
60 61 235
112 124 235
72 169 539
21 31 878
42 157 514
63 114 119
1 2 91
96 123 338
79 105 74
121 132 78
94 154 797
33 197 803
17 35 328
20 40 237
166 194 44
71 94 420
86 122 358
73 83 66
20 23 453
102 110 436
21 41 105
32 143 326
9 10 128
124 170 781
35 67 52
179 198 761
122 156 886
1 16 67
51 146 141
106 197 326
54 147 44
132 175 264
3 20 135
146 195 560
131 148 735
54 133 678
38 127 617
43 148 236
113 114 280
110 118 686
88 176 628
18 65 384
39 186 586
130 199 1000
40 92 283
168 198 275
54 63 306
35 107 51
65 177 798
2 45 382
22 81 759
33 71 439
142 192 248
105 137 523
7 8 786
110 164 640
28 197 58
99 106 45
9 79 560
3 101 397
68 109 247
36 44 111
25 101 966
105 109 577
3 35 522
129 157 865
57 63 956
60 109 625
109 199 461
147 187 751
68 89 150
6 7 951
27 47 796
24 91 875
33 123 558
70 128 734
1 89 978
31 107 582
44 77 366
20 80 270
7 63 98
118 158 434
159 195 717
30 67 505
38 111 193
77 196 963
17 24 113
50 65 470
4 19 634
92 187 790
1 3 932
88 163 293
3 4 306
62 91 442
92 142 50
40 81 171
16 111 909
42 184 526
39 55 138
15 145 64
35 177 145
4 91 202
20 22 27
46 93 575
27 60 370
23 56 9
34 89 1
11 47 917
48 183 85
46 106 366
85 200 576
2 15 837
115 162 530
13 38 638
71 173 545
3 9 690
9 15 300
29 52 30
71 187 291
76 198 230
182 190 411
1 59 110
3 50 724
29 57 530
53 135 868
82 90 685
18 63 816
9 113 478
3 12 864
103 133 158
36 63 9
95 139 994
12 25 522
74 126 819
9 71 184
32 60 501
158 186 285
77 84 552
15 72 532
116 132 886
22 29 342
144 153 458
2 57 160
106 153 320
9 154 581
83 180 649
11 20 714
29 117 635
48 79 994
57 112 267
12 20 377
60 74 616
53 131 470
7 21 195
43 138 375
70 149 164
36 42 160
30 69 673
131 184 960
82 140 128
80 197 562
1 4 530
42 86 90
161 169 999
19 67 355
28 175 459
55 124 230
25 39 946
33 162 534
9 48 585
29 186 485
37 142 256
34 111 386
11 16 388
125 132 54
110 122 720
11 81 492
146 158 740
75 196 256
122 192 635
19 114 835
57 66 148
27 107 68
159 174 61
52 90 107
20 116 14
144 183 117
19 52 444
109 153 932
6 69 398
87 159 586
6 10 27
33 158 3
2 12 650
46 57 387
21 27 320
28 62 466
25 67 209
69 132 715
22 136 788
9 17 484
56 164 500
29 80 222
10 11 67
8 10 388
34 76 378
31 43 531
52 58 76
14 146 646
79 160 959
32 34 691
127 149 338
14 22 910
12 14 71
19 98 2
12 33 964
94 146 64
67 69 846
13 28 510
129 157 200
106 198 769
49 144 11
1 101 671
48 82 814
56 79 28
20 48 606
2 34 470
10 81 780
171 191 743
18 173 87
22 42 833
46 175 717
2 9 256
27 62 464
39 127 661
37 119 479
142 199 114
160 192 277
97 134 269
9 75 397
8 184 948
55 116 898
99 121 99
5 14 513
50 70 676
1 2 901
150 168 925
65 94 765
2 6 72
62 81 53
53 111 298
4 101 387
65 134 622
76 161 666
22 119 133
59 94 634
25 107 301
19 20 262
37 137 393
13 15 91
1 7 675
4 16 499
100 193 414
4 22 157
115 161 649
60 116 727
8 31 980
9 29 5
7 52 164
4 171 701
69 147 357
3 5 425
61 123 750
31 41 997
57 113 48
138 189 815
21 87 420
52 155 662
140 160 755
137 179 872
19 72 305
57 99 1
87 136 785
90 168 306
70 145 276
59 65 833
33 52 229
25 33 366
33 88 629
82 176 562
70 86 774
119 155 782
147 148 350
26 58 551
37 60 932
66 189 266
91 124 984
37 181 79
1 26 609
22 78 740
27 167 971
14 31 122
10 19 828
20 53 410
30 56 851
39 154 935
71 189 666
61 62 716
27 129 495
4 14 769
1 43 286
47 94 662
14 111 156
46 85 907
50 66 603
9 21 687
40 114 578
134 147 289
34 69 928
82 129 90
27 93 37
32 116 761
21 193 947
59 143 340
67 156 919
166 178 809
93 107 266
70 170 406
3 47 492
36 124 393
54 72 542
68 184 973
19 43 103
32 136 475
4 14 512
68 73 336
76 168 499
64 97 10
117 194 569
170 194 345
2 86 621
4 60 640
24 178 485
7 18 550
9 51 232
4 13 763
50 127 800
15 33 537
12 19 977
111 177 362
121 133 300
138 190 694
10 26 532
27 180 660
67 100 114
30 65 301
67 197 903
33 199 466
151 197 703
167 168 745
22 35 622
151 156 549
9 129 490
40 49 807
38 70 887
117 196 625
84 194 723
6 165 689
40 145 927
12 115 292
157 172 933
46 64 948
38 72 581
75 190 545
177 196 192
52 112 921
76 115 54
89 132 641
7 10 57
20 92 57
54 132 752
67 74 684
20 70 827
60 74 35
6 150 571
23 127 835
11 47 890
29 52 322
27 72 117
81 92 177
3 57 173
62 102 649
3 163 38
28 39 275
68 84 492
12 13 698
2 4 788
19 68 828
7 19 643
5 74 695
6 31 351
1 6 398
120 155 423
48 57 128
17 33 527
64 182 757
52 119 423
29 117 894
2 25 197
56 111 621
49 67 236
87 132 29
2 24 16
84 96 206
101 169 396
100 148 936
116 159 58
94 188 478
35 133 987
22 84 945
1 5 746
50 105 528
129 139 243
141 199 760
116 198 851
2 7 74
6 21 78
2 66 526
67 94 101
76 152 340
129 139 866
165 191 314
128 169 130
106 175 23
58 110 725
136 141 602
6 10 141
35 90 172
69 100 834
22 150 325
119 127 846
11 90 166
40 44 298
47 132 127
72 92 249
2 55 650
114 115 302
26 159 494
59 110 648
12 13 21
7 123 605
6 117 837
48 52 38
91 98 29
15 30 657
4 5 918
1 5 694
44 178 764
9 84 567
25 176 988
29 90 419
28 131 41
5 7 87
27 153 8
8 63 377
19 176 177
83 198 89
22 65 212
3 7 236
39 46 150
3 20 953
77 113 342
55 134 241
121 161 213
132 152 924
23 50 839
9 33 458
165 168 358
1 190 947
92 167 540
23 88 910
140 191 743
150 174 272
44 153 11
75 99 840
77 146 353
9 40 31
89 102 233
44 141 574
44 83 471
52 81 303
24 28 435
88 163 237
20 30 507
32 198 482
85 176 211
153 179 956
25 44 106
23 44 17
14 20 917
64 188 695
34 65 210
80 89 484
91 147 42
84 122 997
22 27 315
72 132 584
20 24 843
102 166 788
40 71 371
43 134 674
6 145 642
2 9 395
180 198 469
95 110 700
15 45 605
158 191 64
46 68 636
1 78 621
4 62 323
49 196 20
14 62 636
21 84 886
111 144 35
27 54 812
122 155 473
80 155 795
11 56 394
82 146 338
14 20 443
104 132 271
35 177 261
1 153 995
167 172 569
64 180 539
5 111 24
44 124 482
40 66 261
10 51 544
31 36 869
82 115 446
23 140 424
147 154 467
5 45 336
4 14 104
125 184 335
30 80 697
10 16 874
4 8 991
25 29 638
63 182 859
90 162 771
36 187 7
2 136 474
25 92 708
38 167 381
11 196 304
8 26 676
3 48 945
135 165 694
105 157 51
29 97 596
7 13 633
16 90 981
166 189 683
16 72 604
145 164 334
34 39 624
53 141 50
114 141 230
83 105 554
162 182 301
35 58 241
129 168 647
109 119 950
87 129 967
9 10 788
35 46 485
26 32 559
135 142 962
160 185 965
69 72 886
36 54 50
22 130 898
86 162 960
3 7 283
127 167 417
107 181 648
67 120 400
17 39 172
10 175 798
5 59 822
23 33 304
9 12 749
89 96 449
9 19 92
129 151 669
4 16 384
7 172 797
1 80 915
49 67 962
139 193 405
17 156 928
2 5 641
140 142 276
3 27 630
16 91 387
162 174 310
123 134 880
66 92 447
4 40 142
10 11 830
38 62 929
186 190 997
3 121 440
44 69 294
76 196 751
21 52 669
40 101 454
157 183 132
10 49 924
53 70 553
36 99 785
18 137 690
99 155 985
128 179 934
169 189 550
35 141 803
115 123 161
35 199 912
32 130 193
3 29 472
12 160 469
33 38 513
35 128 465
30 90 747
44 139 560
43 129 127
62 64 450
22 71 413
4 18 491
41 179 220
29 45 22
67 119 861
52 131 660
22 118 588
9 10 382
10 194 522
168 194 771
45 130 250
4 15 513
132 152 18
139 172 766
16 77 35
22 43 51
23 176 946
5 6 733
75 95 958
2 96 559
2 13 368
35 82 504
76 167 347
82 162 960
33 57 375
35 106 32
33 43 363
3 5 525
62 138 595
49 52 860
130 173 584
38 160 219
17 19 293
42 52 254
97 175 190
30 111 104
103 145 255
26 56 998
3 4 897
52 140 869
25 40 643
65 92 556
14 47 256
5 25 315
171 175 73
96 108 875
7 93 993
