200 231
1 2 185
1 3 683
1 4 310
1 5 292
1 6 519
1 7 351
1 8 766
1 9 207
1 10 194
1 11 191
1 12 261
1 13 373
1 14 726
1 15 331
1 16 308
1 17 804
1 18 646
1 19 919
1 20 626
1 21 854
1 22 131
1 23 940
1 24 97
1 25 437
1 26 587
1 27 175
1 28 442
1 29 963
1 30 341
1 31 998
1 32 869
1 33 449
1 34 68
2 35 960
3 36 772
4 37 174
5 38 250
6 39 501
7 40 872
8 41 643
9 42 383
10 43 422
11 44 19
12 45 268
13 46 698
14 47 534
15 48 544
16 49 745
17 50 159
18 51 953
19 52 800
20 53 950
21 54 234
22 55 83
23 56 583
24 57 264
25 58 91
26 59 765
27 60 214
28 61 177
29 62 203
30 63 148
31 64 346
32 65 358
33 66 613
34 67 18
35 68 372
36 69 895
37 70 696
38 71 504
39 72 418
40 73 438
41 74 901
42 75 212
43 76 863
44 77 484
45 78 604
46 79 480
47 80 63
48 81 536
49 82 891
50 83 347
51 84 701
52 85 297
53 86 217
54 87 909
55 88 584
56 89 862
57 90 552
58 91 973
59 92 291
60 93 532
61 94 706
62 95 628
63 96 204
64 97 833
65 98 862
66 99 535
67 100 32
68 101 886
69 102 522
70 103 633
71 104 13
72 105 122
73 106 891
74 107 856
75 108 631
76 109 924
77 110 155
78 111 617
79 112 175
80 113 273
81 114 818
82 115 438
83 116 817
84 117 927
85 118 800
86 119 767
87 120 237
88 121 785
89 122 970
90 123 599
91 124 465
92 125 380
93 126 843
94 127 120
95 128 61
96 129 145
97 130 189
98 131 737
99 132 503
100 133 317
101 134 112
102 135 551
103 136 15
104 137 37
105 138 138
106 139 194
107 140 533
108 141 765
109 142 391
110 143 626
111 144 338
112 145 635
113 146 19
114 147 337
115 148 933
116 149 912
117 150 334
118 151 939
119 152 127
120 153 239
121 154 680
122 155 755
123 156 57
124 157 417
125 158 397
126 159 231
127 160 52
128 161 920
129 162 914
130 163 159
131 164 368
132 165 626
133 166 177
134 167 154
135 168 2
136 169 488
137 170 65
138 171 843
139 172 840
140 173 80
141 174 842
142 175 42
143 176 295
144 177 959
145 178 519
146 179 5
147 180 663
148 181 291
149 182 124
150 183 632
151 184 284
152 185 17
153 186 426
154 187 98
155 188 521
156 189 466
157 190 641
158 191 498
159 192 224
160 193 900
161 194 230
162 195 650
163 196 45
164 197 454
165 198 149
166 199 499
167 200 228
168 200 291
169 200 505
170 200 265
171 200 120
172 200 50
173 200 57
174 200 169
175 200 702
176 200 165
177 200 445
178 200 176
179 200 760
180 200 306
181 200 498
182 200 518
183 200 726
184 200 799
185 200 129
186 200 363
187 200 378
188 200 697
189 200 175
190 200 152
191 200 843
192 200 718
193 200 737
194 200 833
195 200 85
196 200 713
197 200 558
198 200 569
199 200 935
