199 198
1 2 840
1 3 649
1 4 856
1 5 298
2 6 912
3 7 170
5 8 52
6 9 333
2 10 597
8 11 110
8 12 846
11 13 957
5 14 352
2 15 41
9 16 527
1 17 945
14 18 924
4 19 910
10 20 923
1 21 851
16 22 880
13 23 215
6 24 62
4 25 314
3 26 840
4 27 598
21 28 60
13 29 8
20 30 660
14 31 375
3 32 815
18 33 749
14 34 392
32 35 852
8 36 485
27 37 634
10 38 122
5 39 352
7 40 671
19 41 431
28 42 896
24 43 884
2 44 323
29 45 822
13 46 207
25 47 901
14 48 115
31 49 982
39 50 117
23 51 388
29 52 844
35 53 872
45 54 776
28 55 116
48 56 856
9 57 853
37 58 820
2 59 856
36 60 477
26 61 398
16 62 162
15 63 514
43 64 396
1 65 131
64 66 107
43 67 917
12 68 218
16 69 805
11 70 809
57 71 836
26 72 578
39 73 387
24 74 502
63 75 657
65 76 113
33 77 73
74 78 523
60 79 903
16 80 536
30 81 324
72 82 898
31 83 328
60 84 270
19 85 472
54 86 485
68 87 560
5 88 707
37 89 250
31 90 197
57 91 992
37 92 39
22 93 662
14 94 659
77 95 84
75 96 705
62 97 330
61 98 627
81 99 837
57 100 184
60 101 89
48 102 740
21 103 431
67 104 869
99 105 298
71 106 689
62 107 820
75 108 742
37 109 318
8 110 467
31 111 24
83 112 213
107 113 861
6 114 564
23 115 683
55 116 824
55 117 49
38 118 270
100 119 82
89 120 135
8 121 258
62 122 898
107 123 126
74 124 696
18 125 368
92 126 745
100 127 483
68 128 126
43 129 964
126 130 743
52 131 826
115 132 734
84 133 384
59 134 139
3 135 400
19 136 24
134 137 570
100 138 40
120 139 149
112 140 820
81 141 13
19 142 823
34 143 782
40 144 955
104 145 864
77 146 330
52 147 324
7 148 442
122 149 229
123 150 243
26 151 66
32 152 42
27 153 243
16 154 467
119 155 922
92 156 786
93 157 165
126 158 395
51 159 961
10 160 660
40 161 193
121 162 327
82 163 414
139 164 228
110 165 665
56 166 310
115 167 552
163 168 140
120 169 765
121 170 59
107 171 269
121 172 643
19 173 535
48 174 991
148 175 619
131 176 185
83 177 990
156 178 797
54 179 971
116 180 516
144 181 411
167 182 668
48 183 817
2 184 718
92 185 191
109 186 833
92 187 733
46 188 493
43 189 84
186 190 970
116 191 381
17 192 921
147 193 399
29 194 404
44 195 281
112 196 250
68 197 596
125 198 709
189 199 381
