100 1000
1 2 32
2 3 387
1 4 741
4 5 391
3 6 333
5 7 607
6 8 453
2 9 635
3 10 399
6 11 640
2 12 806
5 13 328
9 14 257
5 15 585
11 16 313
10 17 768
10 18 830
4 19 239
10 20 799
20 21 669
21 22 841
8 23 869
19 24 979
10 25 530
5 26 703
18 27 745
13 28 610
27 29 583
22 30 72
5 31 869
27 32 666
9 33 985
17 34 401
12 35 399
6 36 816
35 37 559
7 38 757
18 39 337
33 40 792
3 41 111
2 42 183
3 43 377
16 44 385
8 45 663
20 46 89
12 47 626
7 48 910
21 49 196
38 50 737
27 51 498
1 52 630
24 53 238
45 54 815
44 55 162
52 56 573
28 57 402
19 58 584
36 59 169
19 60 681
36 61 399
21 62 950
13 63 625
1 64 822
21 65 929
41 66 566
58 67 864
61 68 203
40 69 193
27 70 256
37 71 424
30 72 658
46 73 507
36 74 82
71 75 144
54 76 99
74 77 167
22 78 494
57 79 489
79 80 530
34 81 329
23 82 583
50 83 753
53 84 77
6 85 225
30 86 592
12 87 132
14 88 503
72 89 75
15 90 661
17 91 486
4 92 199
58 93 191
29 94 368
37 95 610
94 96 50
20 97 547
80 98 989
22 99 46
5 100 989
6 56 566
23 45 221
19 97 707
4 6 273
13 14 510
7 15 936
5 61 132
10 73 749
31 33 30
11 70 390
86 95 615
26 63 532
5 70 849
32 56 909
13 29 910
16 37 693
14 46 769
46 60 80
48 60 340
20 27 216
1 4 826
27 79 705
20 67 499
6 8 580
1 88 573
2 3 604
6 69 536
1 5 759
1 18 160
32 77 526
5 43 967
40 76 927
11 51 860
19 96 895
22 23 639
25 100 256
19 27 279
58 75 101
47 95 605
75 79 406
14 82 891
41 62 90
22 97 140
3 11 181
1 29 352
28 33 184
21 51 993
36 37 638
43 78 478
31 40 956
9 29 712
8 9 268
14 16 37
11 40 776
38 85 491
10 85 319
7 10 616
20 83 964
40 50 804
11 15 336
5 29 248
93 97 47
1 20 737
32 89 366
78 96 534
5 29 769
43 45 823
44 58 447
14 34 91
56 88 516
6 49 91
35 51 842
2 8 139
61 63 84
6 59 925
25 26 764
55 57 519
28 34 940
3 19 486
22 92 992
1 7 722
1 70 43
32 34 524
66 93 596
14 36 231
32 36 606
9 29 139
18 42 521
21 25 746
8 72 806
53 81 831
43 51 219
25 26 284
2 8 412
44 80 592
42 95 961
2 92 123
28 50 43
4 7 397
6 11 878
29 31 417
24 100 967
10 62 76
15 74 608
58 78 132
37 64 268
7 54 609
1 2 496
7 82 318
95 98 481
45 63 981
5 62 474
44 94 566
5 46 46
71 95 658
10 63 639
29 48 448
16 23 826
6 42 716
25 33 721
8 21 696
19 94 681
12 63 386
6 9 182
71 77 189
5 10 158
11 13 61
56 74 336
14 69 612
14 42 693
3 9 56
1 86 931
53 94 866
4 77 396
53 83 922
35 81 760
62 98 982
19 26 617
7 8 624
3 31 713
3 17 855
74 85 38
8 26 15
47 51 381
37 46 450
8 34 212
21 96 320
92 96 261
14 22 559
67 80 998
44 80 973
23 68 728
17 18 885
13 46 991
37 54 795
53 75 123
26 38 178
12 22 981
6 10 617
56 57 388
14 96 504
7 55 239
5 13 520
3 13 880
57 86 805
1 9 979
58 73 699
28 49 787
3 6 483
2 80 885
1 9 122
1 2 871
6 56 991
20 79 5
25 51 762
9 16 440
29 94 101
65 72 103
25 76 744
21 67 607
2 13 268
4 8 608
7 8 229
74 97 548
54 73 247
54 97 606
52 73 108
29 39 57
28 45 68
84 90 504
71 74 138
17 22 444
31 76 448
5 14 48
6 38 766
2 14 580
14 54 507
6 8 518
41 98 817
5 8 751
25 74 408
13 32 670
4 7 815
51 98 11
70 81 729
27 81 4
1 3 503
51 55 651
6 8 696
63 70 357
24 38 184
11 46 780
25 60 345
28 29 73
22 95 518
20 21 463
72 75 398
14 88 551
61 95 932
65 82 817
21 22 507
46 79 513
15 21 145
61 90 408
5 43 612
4 16 265
59 66 560
3 9 544
26 30 540
5 6 275
17 39 627
1 27 919
4 11 983
38 59 813
8 9 208
1 3 828
1 55 363
7 22 515
42 44 463
13 15 751
67 90 555
4 12 855
6 37 386
3 5 932
42 86 923
29 87 969
16 28 743
65 84 489
21 50 171
29 33 322
35 60 130
39 85 193
50 75 510
75 76 254
33 72 263
32 34 385
57 70 75
16 28 810
5 36 927
1 14 635
19 29 71
57 58 444
35 80 817
18 28 288
18 57 880
4 9 538
13 78 59
84 92 371
20 29 93
18 46 252
41 55 505
47 89 210
22 79 53
17 48 629
68 94 653
3 5 104
47 100 973
40 48 335
89 96 448
31 82 608
32 55 78
6 12 31
16 62 592
18 27 491
78 95 622
34 89 368
33 58 595
9 70 446
34 60 670
76 89 219
12 45 915
13 45 69
10 49 868
5 43 607
14 20 555
19 76 364
51 89 987
2 3 540
32 45 849
31 47 807
23 36 880
17 26 86
3 21 132
16 22 6
39 48 478
5 8 183
85 88 313
2 12 990
43 92 525
98 99 373
1 3 584
12 54 614
75 85 150
85 86 797
17 57 997
1 79 975
29 60 522
42 50 495
9 21 812
25 63 935
12 52 140
1 14 36
41 53 365
4 11 951
59 76 765
50 58 349
4 64 112
66 86 386
12 18 943
25 31 901
34 92 691
32 34 656
39 92 820
37 51 584
19 37 258
17 97 83
1 4 567
20 87 333
52 57 182
35 83 336
20 41 211
13 52 209
11 58 513
20 85 194
17 68 100
42 79 54
15 62 513
1 14 956
27 30 955
4 12 595
1 11 532
9 25 701
15 23 750
38 84 885
7 75 603
3 20 735
2 80 423
3 24 109
26 28 634
13 18 98
80 87 532
1 59 707
58 65 111
13 26 558
2 3 304
30 36 475
7 9 434
14 51 656
27 84 40
45 55 510
89 95 868
44 75 78
4 6 264
30 37 668
63 80 466
8 13 381
24 63 87
58 95 848
24 48 100
83 99 170
33 46 496
24 48 932
7 87 10
7 11 559
31 77 443
3 55 165
46 88 519
51 77 767
2 12 109
11 85 793
27 36 977
44 78 213
73 78 59
14 24 591
2 67 735
25 88 810
2 52 860
15 16 183
44 52 620
45 65 677
27 66 832
23 54 156
14 62 539
29 42 431
26 33 212
2 8 966
6 100 852
1 15 870
15 70 256
1 4 932
13 51 278
28 98 401
2 39 322
24 56 89
13 21 910
14 29 61
10 59 844
8 54 125
15 30 23
29 83 975
2 10 916
1 5 999
12 21 331
12 23 714
1 3 508
24 30 265
19 63 441
13 84 523
6 12 314
8 49 292
43 89 415
63 68 66
20 61 560
37 96 485
44 71 83
17 32 571
3 51 486
24 40 319
48 56 949
7 20 861
7 19 198
29 48 441
48 63 519
29 74 394
17 23 441
31 54 883
35 89 1000
8 28 799
12 46 97
65 80 789
28 95 517
8 38 710
3 94 543
2 67 488
21 29 601
43 51 321
1 10 310
36 60 753
2 74 599
29 74 697
26 37 87
14 15 81
10 55 293
10 35 16
11 12 591
3 70 97
35 99 948
45 92 722
56 74 511
1 32 30
19 97 982
1 2 594
8 72 722
40 45 289
21 38 623
42 84 404
2 93 924
67 81 826
1 81 528
2 11 798
6 48 793
5 8 725
11 38 959
32 34 604
64 75 980
72 84 180
9 11 259
8 11 723
28 80 650
52 66 622
13 83 135
4 14 221
64 68 438
10 15 760
27 90 437
53 86 686
6 96 974
24 29 66
2 80 70
16 67 997
2 3 382
77 99 405
61 79 511
8 82 510
31 33 84
76 82 930
45 85 646
40 85 647
34 35 212
1 3 822
2 93 542
17 18 353
1 12 437
58 74 580
42 73 567
58 66 249
20 40 355
41 83 227
3 30 25
4 97 879
9 33 159
12 69 217
3 32 3
13 56 798
26 29 221
41 70 463
20 49 135
25 93 740
17 27 740
1 3 79
1 8 945
46 96 395
1 16 492
28 87 674
69 71 41
24 30 552
13 34 291
16 20 902
35 78 901
19 29 156
3 12 808
4 97 238
23 33 570
34 46 497
11 16 284
45 99 548
40 74 812
7 21 286
10 64 861
2 20 404
20 58 420
44 53 717
9 17 382
16 66 498
13 20 178
40 55 556
21 29 588
10 28 255
58 92 84
2 70 347
35 52 602
20 92 599
33 34 558
13 17 268
61 83 64
7 57 694
44 49 714
35 58 169
36 43 495
42 87 515
5 48 26
47 62 81
12 76 585
30 77 68
2 15 12
31 32 765
75 76 575
1 67 363
45 74 726
27 85 10
5 7 754
62 63 953
34 75 674
27 64 670
7 19 150
10 23 665
7 10 124
50 55 207
32 59 596
6 54 128
18 89 618
80 81 642
32 54 24
54 71 403
14 74 451
50 63 321
14 56 923
68 92 785
36 97 315
20 31 8
58 62 370
38 88 161
37 81 614
17 34 697
27 60 942
57 65 302
60 66 372
38 62 429
18 41 693
35 37 842
22 64 597
29 40 69
2 12 657
9 12 272
8 72 661
23 69 673
54 59 208
77 81 766
1 20 865
2 3 584
47 97 61
34 36 2
18 22 250
30 34 265
3 47 381
17 83 579
42 96 426
2 66 377
23 70 724
1 2 730
3 12 37
5 56 989
20 29 265
85 98 778
21 30 818
8 84 929
15 87 184
4 14 325
4 21 634
40 71 729
77 93 543
33 39 345
94 97 737
44 68 1000
6 8 27
80 82 226
9 48 355
43 48 630
56 90 516
24 49 625
19 28 449
22 36 638
6 8 702
10 85 724
29 78 596
54 86 360
62 81 802
21 46 991
23 38 305
8 55 916
16 44 957
2 14 171
64 96 943
12 90 304
9 17 519
12 64 613
2 3 581
7 56 755
39 59 142
20 92 449
13 24 119
13 37 946
24 50 476
43 76 775
9 85 482
10 43 154
1 7 384
7 15 71
5 14 214
23 31 950
1 3 17
3 11 913
10 75 180
50 97 442
4 33 768
33 36 607
18 60 449
32 41 808
30 42 94
23 46 350
7 82 170
19 54 235
73 85 939
19 76 746
27 65 40
8 34 346
25 28 146
4 5 689
40 67 334
35 83 574
18 64 17
4 95 682
15 29 321
40 87 559
17 64 525
21 24 350
58 97 424
24 39 539
3 6 846
49 70 990
77 85 261
51 93 775
8 18 336
20 21 311
56 58 618
18 19 955
3 5 642
8 41 587
71 72 7
21 49 456
9 50 818
42 44 378
69 86 659
3 85 285
69 81 360
58 64 488
33 41 442
20 39 242
3 6 914
3 10 879
14 50 535
70 99 371
65 75 841
23 40 423
75 98 378
27 95 320
5 22 474
4 25 828
35 63 483
2 27 51
57 85 136
6 32 633
39 92 695
38 57 524
27 93 312
2 6 579
26 32 651
2 33 185
21 37 237
20 76 64
20 35 112
7 8 657
35 56 213
10 73 873
24 56 902
18 65 602
3 6 436
5 70 357
11 57 436
31 100 160
7 22 736
40 42 831
28 40 967
8 37 785
40 49 477
26 59 73
3 5 64
31 83 182
19 43 786
77 99 50
49 71 763
39 73 403
1 12 36
5 6 806
18 72 894
61 94 42
16 23 538
60 64 253
14 17 888
11 67 100
9 31 368
32 40 598
64 75 474
19 59 34
38 49 968
22 35 716
20 59 586
11 12 378
13 15 286
1 12 240
21 55 950
43 61 701
81 87 580
34 38 504
30 81 365
5 21 504
24 28 622
7 16 121
18 29 333
11 17 136
18 82 142
10 38 632
28 72 233
32 42 962
25 34 163
13 17 246
63 70 105
12 21 755
14 29 749
34 65 716
73 85 495
9 50 717
17 69 148
46 51 212
20 28 751
42 95 179
28 52 523
3 8 27
10 27 887
6 35 390
28 53 559
17 25 259
52 86 552
7 13 504
37 44 789
87 100 172
12 81 27
37 76 176
17 36 803
9 88 820
20 64 240
5 10 910
13 31 205
15 100 38
65 72 347
53 92 449
52 87 732
15 16 617
2 43 216
43 99 982
53 75 202
29 53 130
43 75 897
73 100 707
6 19 753
20 54 92
1 39 470
29 55 420
7 21 997
27 39 541
34 46 5
10 47 533
20 45 503
66 70 620
11 12 986
48 89 945
15 71 459
6 10 881
1 3 272
21 22 962
43 83 149
30 80 821
3 11 784
16 25 432
11 12 88
7 23 971
8 40 50
40 83 935
68 90 559
60 72 511
49 56 523
23 40 619
42 54 832
30 41 733
17 79 311
29 42 327
20 32 262
9 11 812
58 64 798
13 21 822
1 45 726
27 46 772
54 62 468
39 51 592
1 3 733
7 30 300
21 100 100
37 77 600
63 80 136
2 17 528
24 71 676
70 79 749
62 66 387
4 17 163
24 75 839
58 68 671
61 80 350
3 9 753
1 2 847
5 70 148
40 45 526
