333 300 2000
2 152 704684811
1 107 553159023
1 256 899557301
2 43 350600823
2 276 563239645
1 297 667336832
1 184 633282763
2 157 556979818
1 5 195069950
1 171 3697623
2 117 177864657
2 28 831599221
2 79 688408214
1 151 859305731
1 299 347864895
1 166 598561824
1 193 421013782
2 154 980316700
1 184 768096274
1 7 320764524
1 318 914250433
1 262 371662448
2 250 452010734
2 19 664493220
2 272 97474663
2 197 676355196
1 153 34687365
1 311 88676468
2 180 1068565361
1 122 379383582
2 165 728075320
1 79 825354041
1 67 547820323
2 201 365316106
2 111 971481084
1 194 466644633
2 162 142125086
1 333 535843196
2 159 877144193
1 317 600293460
1 287 322733605
1 304 942237997
1 327 411538062
2 153 45309274
1 201 906246179
1 65 1024229513
1 281 338825904
1 62 907464734
1 63 153395818
1 15 746919455
1 78 456649749
1 121 376681003
1 188 169854783
2 269 447642714
2 23 929522611
1 139 779727094
1 122 1060061587
2 24 1037508975
2 264 176685999
1 128 72803828
1 325 107952660
1 140 295980183
1 139 487854842
1 187 657266157
1 307 984013413
2 171 860816511
2 30 865264957
2 68 849456016
2 281 934412971
1 167 957223678
1 187 76605176
1 313 445677896
1 44 680412490
2 46 646928903
2 199 154929639
2 229 819809871
2 69 687926510
1 258 10448351
2 88 43939238
1 157 929352450
2 299 618893517
2 132 568961168
1 86 762519701
2 61 806510709
2 18 1057946412
2 51 316385950
1 278 1051145471
2 149 1024292679
2 283 702539297
2 133 111508729
1 158 577726071
2 31 51263928
1 54 996659865
1 128 1062914100
1 172 402758532
1 277 533683450
2 192 657653146
1 279 993580278
2 231 603099007
2 293 647906758
1 296 666056651
2 15 755255726
1 54 858607801
1 126 890281008
2 98 21603122
2 91 562944396
2 149 680181474
1 329 299016892
1 133 686955326
2 150 340973741
2 108 789736871
1 149 664528050
1 270 948587270
1 57 356542870
2 199 181211035
2 231 238915504
2 124 985576913
1 132 26425316
2 294 38063448
1 164 869960831
2 262 949204439
1 53 836629571
1 163 446311655
1 235 406039336
2 287 311309639
2 132 522454429
2 219 4320606
2 73 739997256
1 84 260056458
1 331 556082069
2 217 375159498
1 27 118063521
2 208 720369863
2 119 129388085
2 197 112254541
2 20 80496626
2 127 220406184
1 281 826889956
2 104 206032520
1 257 1029237769
2 119 919297372
2 261 546041499
1 293 312689724
2 167 683602199
1 17 172706782
1 149 858549593
1 186 597341997
2 229 557497925
1 274 1017387638
1 254 1001998037
2 51 1037297480
2 81 358973830
1 87 402637949
1 161 547676276
2 78 232609286
2 198 478889388
2 173 433565287
2 195 40221819
1 54 602461201
1 115 1058426814
2 51 381820668
1 216 179940998
2 225 539150118
1 241 623384458
2 131 769383142
1 25 654904634
2 80 800066618
2 298 1028124535
1 86 902751857
2 262 266671415
1 227 340138466
2 39 221425566
1 46 763441551
1 3 531525970
2 278 275039981
1 21 1054013465
2 153 442184220
2 299 441588738
1 184 841963860
1 171 457989788
1 128 506703970
1 162 674336280
1 312 384352598
2 226 103947075
1 83 785893853
2 203 639561396
1 314 554476764
2 240 718833836
1 235 959934016
1 327 209860725
2 127 990486307
2 168 767789894
2 300 439179960
2 133 261752816
1 14 546986139
1 56 339620840
2 218 921360241
2 54 987727717
2 254 146758410
1 267 872821159
1 50 520108888
2 72 696658862
2 78 710624758
1 271 488957666
2 6 34077217
2 66 505263737
2 211 896190275
2 131 265991584
1 52 586039433
2 181 458633655
1 108 987692057
1 100 817288989
2 59 316662493
1 196 1071667285
1 174 488054281
2 77 214192799
1 122 500113852
2 155 124756011
1 95 50110577
2 99 534800271
2 164 849414427
2 42 853399859
2 174 666477086
1 69 791183046
1 68 821390727
2 94 963253756
1 84 18306865
2 300 697235237
2 257 647056304
2 209 85938526
1 267 376590148
2 197 546103657
2 247 644550179
1 200 474973552
2 119 39500750
1 38 183697215
2 115 55737687
1 288 977184696
1 317 952736452
2 60 601594260
2 57 406347244
2 271 953925283
2 34 201189762
1 298 398328367
1 62 673022257
2 257 229180469
1 160 166937579
1 104 295720066
2 281 1067142117
2 73 1002129922
1 315 746591181
2 145 442878398
1 175 571045695
1 185 1021088349
2 142 906802312
1 102 474395687
2 237 743280689
1 239 63836881
1 249 887926512
2 267 1012823463
1 198 927201514
1 12 430609358
1 198 123531632
2 231 475956647
1 297 600109210
1 272 946233766
1 20 437758064
1 154 912316955
2 53 441804155
2 20 611631800
1 64 999627514
2 137 618219484
1 86 678204686
1 172 663168747
2 290 1038069657
2 214 145174075
2 128 90259107
2 132 779093087
1 131 17923459
1 135 524878292
2 209 686746653
1 42 740660576
2 266 543952376
1 149 992807585
1 272 1029969141
2 40 65235868
1 321 471183851
1 138 807659857
1 137 392929149
1 270 476712087
2 257 963612640
2 286 636565464
1 147 1031079015
1 317 510004060
2 171 873647637
2 103 587225415
1 302 683645063
2 6 1072550774
2 171 963083494
2 134 20139231
2 102 168083669
1 262 522459424
1 322 148972907
2 217 517412961
2 85 1002476727
1 135 234627769
2 32 853057637
1 36 1035247017
2 230 740143742
1 210 286875515
2 154 268736857
1 60 574877565
2 55 679365167
1 152 869465965
2 118 731144698
1 74 620427680
1 10 346366597
2 65 861175959
2 295 971635149
2 6 130224171
2 114 931273780
1 209 585229686
2 13 368340489
1 28 25868830
2 251 664401776
2 2 188090545
1 132 522778045
2 263 301255474
2 249 17883055
1 311 654950922
2 11 840789559
2 129 254615794
1 138 794067372
1 218 1051775128
1 204 365042593
1 40 1071191819
1 34 879177646
2 203 81739316
2 220 389861869
2 111 858490593
2 36 935843848
2 61 914960434
1 264 778168821
2 174 689170020
2 269 117297633
2 146 535222610
2 215 617359068
1 118 1016224291
1 149 297845814
2 61 143982839
2 116 429682616
2 158 573165215
2 247 197503773
1 265 685298583
1 131 466452851
1 100 745532642
1 205 1042693965
1 150 704573556
2 126 892501231
1 50 683769424
1 314 845923292
1 160 333375626
2 290 537720170
1 280 101913534
1 155 20512329
1 208 696165065
2 216 21750563
2 290 400819138
2 169 781507771
2 192 382982533
2 105 559947323
1 255 659493963
2 119 500371081
1 66 832775467
1 299 1035748831
2 24 608035698
2 257 119575291
2 139 797296694
2 202 753448868
2 155 683172753
1 55 950698576
2 196 319402083
2 274 792853299
1 269 542801555
1 93 225056001
1 159 838066465
2 101 642795047
1 217 98776203
1 284 596487493
1 184 379796301
2 283 214137907
2 284 149506441
2 226 1015310038
1 3 512775708
1 155 688574345
2 257 229234345
2 56 279277812
1 117 401759578
1 312 345105785
1 122 419156590
2 203 8205992
1 221 8267986
1 271 295117654
1 151 442786895
2 34 766777674
2 168 659226894
1 253 162039711
2 287 642029456
2 106 630997318
2 39 332612930
2 166 784151387
1 299 305119571
1 7 660031772
2 206 873784963
2 240 418219974
1 66 89763312
2 282 799262376
2 79 869723197
1 26 449838123
2 213 791308675
1 194 340096673
1 149 1057486308
1 240 644845585
1 165 904968132
1 215 420417125
2 155 289598954
1 174 1022033307
2 250 263425820
2 273 143587316
1 102 342811123
1 75 44568618
2 33 388213494
1 176 978615354
2 110 813839429
2 268 842318662
1 212 246286676
2 84 283025299
2 143 241539716
1 18 129666493
2 63 598599587
2 7 421737610
2 195 804461980
1 162 522059018
2 84 599626449
1 246 364538082
2 166 521899775
1 241 515114232
2 201 908795550
1 100 530960601
2 23 371533585
1 24 681617288
2 201 193484848
2 38 650097833
2 231 588333282
1 23 751589650
2 82 358320106
2 248 1002415184
1 90 672786204
1 121 360793256
1 225 938858111
1 231 770184593
1 274 995665468
1 125 681825472
2 93 140536131
2 286 642682940
2 63 126113798
1 268 395158547
2 119 141625795
2 287 180759723
2 295 802610228
2 62 394705601
1 96 855370902
2 74 308963470
2 50 420147822
2 235 1021230007
1 189 170224499
1 260 365368810
2 154 427927936
1 298 849995347
2 270 970180228
1 305 77916252
2 246 847484872
1 10 152473671
2 294 4276475
2 21 191980708
2 268 346181870
1 300 879524796
2 274 783166692
1 218 306853471
1 45 289000664
1 33 916565432
2 44 875838010
2 53 530952212
2 132 991146974
1 166 228042946
2 17 78978366
2 194 144701812
1 89 405292092
2 145 536195013
2 29 233889796
1 222 954150875
1 65 646038726
2 11 44037427
2 263 213119824
2 190 1009089819
1 264 373045471
2 249 282319468
2 290 875254433
1 181 326297722
1 178 984271277
2 83 820061022
1 146 961957772
2 254 1070949882
2 6 345380999
1 306 1065730670
1 102 882464844
1 17 214886362
1 169 933260976
2 109 1004773528
2 190 728550808
1 194 73594459
1 215 751238728
2 239 773850579
2 296 875740085
1 256 381424069
1 158 335816832
2 216 580421048
1 54 103221964
1 207 528212650
1 280 655490319
2 62 868291684
2 147 661781119
1 36 312343658
2 49 525002466
2 39 1016768411
1 328 190414008
2 163 990393848
2 17 548223512
2 155 768641071
1 159 311641026
2 238 347135197
2 169 737875758
1 201 527447969
1 287 1068996508
2 126 745162363
2 265 973100920
1 315 423759367
1 198 299124363
2 261 256607124
1 191 32405201
2 95 734491694
1 327 387597550
2 228 868006412
2 205 216280724
2 267 332455425
1 80 699715671
1 32 639559915
2 8 411940299
2 212 45771050
1 217 683223512
1 201 588683943
1 267 719674023
1 53 88294392
1 254 523746204
1 91 695585185
2 131 420931889
2 265 587972738
2 285 728776119
1 225 768015086
1 108 595628864
2 212 816461834
2 105 404794944
2 63 963990361
1 289 685198764
1 41 778642085
2 109 972796061
1 52 530033318
1 310 308664002
1 106 765429529
2 66 53880863
1 73 291234074
2 109 997218808
1 13 380249863
1 275 523968976
1 285 1007516473
2 186 901178594
2 255 159877963
2 104 142565769
1 80 985810895
1 187 756326758
2 204 856708257
2 200 711960137
2 24 94639154
1 38 205916461
2 257 282129546
1 115 25622978
1 328 685454024
2 282 617088602
1 175 1032172142
2 179 192683829
1 215 756406213
2 279 1004189055
2 217 3383556
2 69 966325633
1 277 1001656374
2 11 1050819790
2 90 937519088
1 224 925261943
1 102 680712004
1 113 1064004749
1 239 502400428
1 42 906169713
1 60 728960435
1 20 1040882893
2 295 958492073
2 183 324249380
1 330 856119211
1 46 492960860
1 176 991471287
1 162 106286259
1 244 463054008
2 255 134006009
2 185 581881251
2 57 726622214
2 104 861496853
1 67 634980551
1 179 482189344
2 124 480444250
2 166 373438246
1 98 625249542
2 197 1033761769
2 139 738344474
1 111 195591236
1 268 954197502
1 248 222379557
2 90 767488238
1 195 794901438
2 216 213960764
2 181 1072402187
1 169 674963730
1 87 277755165
1 95 347390721
2 133 361604551
1 174 427784938
1 40 268860072
1 81 899799033
1 44 968818846
2 245 619203539
2 269 677318953
2 287 738829353
2 182 509054286
1 69 452748093
1 185 697948655
2 163 833228332
1 189 715808185
2 293 760933112
2 143 308857621
2 190 71413152
2 114 962430147
1 100 13634252
2 125 287193603
2 151 258957275
1 124 1055391609
1 189 797305678
2 177 372423731
2 69 464764388
1 278 312954485
1 194 760671215
2 223 40952374
1 176 76965791
2 212 882680702
1 53 540975189
1 106 448712952
1 271 400939079
2 150 164022132
1 226 518940912
2 297 193527104
1 52 538490915
1 77 689511532
1 152 662420165
2 188 633933180
1 192 1003642738
2 260 857301017
1 173 3598991
1 252 531998140
1 257 75595432
2 169 236327532
2 245 345444103
2 241 50799101
2 61 639901661
1 236 17081468
1 191 5394048
2 180 316900008
1 68 707523971
1 331 116839336
2 155 445295544
1 198 325652315
1 77 393882201
1 252 356078843
1 246 858039787
2 189 1020720105
1 34 696723101
2 27 772322514
1 100 339001386
2 73 72899485
1 189 10681991
2 289 972066490
1 127 966018027
1 20 74337988
1 242 223641075
1 84 29524381
1 286 278090466
1 146 788092523
2 60 417301854
1 45 53511198
1 54 835263504
1 233 316844646
1 286 753216532
2 132 973536578
2 40 654821403
2 106 526970258
1 304 1009048488
2 229 403096913
2 123 795701470
2 143 788970589
2 139 241096870
2 139 90174205
1 154 328546369
1 103 67047812
2 177 290942085
2 55 600512705
2 52 1005376076
1 92 8865052
1 283 284665057
1 125 776165005
1 185 455153271
2 147 76458453
2 83 948919271
2 29 794846113
1 56 515206213
2 122 992676988
1 92 523763217
2 217 676361400
2 90 934422290
1 14 27433407
2 201 22397205
2 32 577905255
2 120 762815786
2 256 840166965
1 285 691716120
2 55 93336516
2 214 212944411
1 55 1002525855
2 171 686207272
2 241 750285132
1 228 610602061
1 200 318469737
1 55 653010922
1 227 330753023
2 276 589954513
2 159 581534325
1 117 544184721
1 86 389096655
1 219 108173432
2 218 158731802
1 220 575346192
2 48 559947833
2 105 772304165
2 4 211170408
2 153 458222225
2 215 1030287921
1 100 93697636
2 94 171194287
2 44 161980710
1 245 727006788
2 297 375160380
1 63 360327488
1 31 626561471
2 42 783427578
1 308 856041283
2 79 104684403
2 278 166033501
2 15 835080059
1 291 261582065
1 215 641999338
2 138 17745030
2 162 929887859
1 90 931049271
1 215 104113173
1 254 817337849
2 221 898543928
2 91 868949328
1 198 605799927
2 69 233183908
1 330 306169899
1 55 326800344
1 241 764930857
2 69 384156116
2 213 494153052
1 109 669893148
2 136 128063517
2 202 914880684
1 160 22948466
2 223 662235825
1 294 637285797
1 202 310928345
1 184 56994507
1 93 135680842
1 131 473201333
2 269 655149701
2 31 264521185
2 56 70825924
1 328 844316773
2 108 826877578
1 9 700247534
1 242 465392771
2 237 656852027
1 299 188747241
1 27 980969168
1 22 50125826
1 260 707271848
2 71 983951739
2 4 410839343
2 231 301886374
1 328 923395025
1 147 350235878
2 206 30021086
1 302 633918420
1 223 484400273
2 259 975930324
2 219 580033920
1 146 97929027
2 95 451351997
2 60 165390433
2 107 580173933
2 187 1067664789
1 215 485969831
1 214 297588435
1 6 320211668
2 174 174314786
2 166 25372646
1 229 445977230
2 199 930902307
1 105 617832468
2 125 860475222
1 54 332017735
2 200 42479780
2 264 1059604666
2 58 10210907
1 46 2087289
1 213 36608106
1 75 589564183
1 236 977836907
2 76 630848790
2 117 336862828
1 68 742846906
2 27 69699532
2 140 578871680
1 314 480568560
1 39 35740627
1 97 557926043
1 236 696339385
1 282 449811500
2 77 650437252
2 285 630788623
2 25 116387798
1 44 308325416
1 51 190347125
2 231 395981565
2 134 824778427
1 248 653931239
2 289 1019799212
2 7 723316381
2 64 102163714
2 115 565109447
2 133 446307741
1 261 538189452
2 240 936152893
2 126 993803559
2 64 702269822
2 235 785905426
2 169 173066078
1 288 618964296
1 268 909648093
1 273 202031014
1 234 611860340
1 208 703194999
1 39 321481845
1 291 774472112
1 30 367762841
2 168 597938281
2 129 793191231
1 310 514978191
2 100 340368681
2 120 440383719
2 257 196980165
1 231 15472092
1 90 291969334
2 1 202746284
1 304 165455036
2 256 408449262
2 226 749892665
2 167 900070284
2 121 550051538
2 41 951333023
2 26 565481738
2 43 338630615
2 118 760275397
1 37 698853455
1 209 901042451
2 188 1022147838
2 262 769362614
2 34 672012583
1 130 108514241
2 212 49179508
1 20 477987262
1 241 249695392
1 37 1009038141
2 239 93380312
2 131 958975168
2 157 298009924
1 304 4561498
1 62 563787602
1 11 905909630
1 110 321161652
1 222 1005162446
1 112 519452475
1 322 398849775
1 73 1330668
1 102 1055310502
2 298 352827650
1 314 1014261200
1 97 1000767171
1 73 305898485
1 297 531415371
2 63 434718843
2 164 66941879
1 160 395557325
2 254 517067098
1 55 649826805
1 144 452414184
2 67 937793393
1 232 447634865
1 281 1059877964
2 57 477377379
2 252 54013641
1 63 111021301
1 223 943226400
1 200 205711778
1 302 58978071
1 190 1016931095
2 208 852113280
1 4 94956113
1 216 615703785
1 152 727596209
2 120 554537465
2 2 378380115
2 32 868536144
1 69 285687471
1 78 266321898
1 279 809831174
2 127 387046992
1 50 1015750192
1 316 643974939
1 45 938948036
1 294 27856536
1 163 799270060
2 142 766304910
2 16 548168107
1 148 64444019
1 284 459936856
1 45 312346517
1 105 418859167
1 150 985896960
2 246 294932679
2 54 869343782
1 91 909961357
1 43 20352159
1 253 608825299
1 272 766205037
2 135 664871411
2 199 595140012
1 167 245585596
1 185 915441056
2 283 445525150
2 129 945184368
1 325 532760464
2 107 1026944024
1 200 450995891
2 177 557783893
1 279 42369739
2 29 454082206
2 128 414368242
2 152 327987803
2 110 468967744
1 263 216779011
2 70 499077944
2 282 752822473
1 312 438192696
1 265 60268532
1 78 477448259
1 27 883143205
1 333 768420313
1 118 1052577805
2 70 580634555
1 3 213097574
2 209 145935306
1 18 63890477
1 14 429719406
1 274 857167209
2 185 440679958
2 54 589027083
1 31 510715099
1 146 384368035
2 26 624369744
1 158 486622215
2 124 455601140
2 102 575978519
2 179 664306421
1 101 423390019
2 136 739506205
1 290 1002260359
2 41 797522711
2 63 39607538
2 101 982584185
2 232 536565999
2 276 378883640
1 54 928276465
2 251 393443431
2 274 398588720
2 189 1035000437
2 251 623798165
1 281 1057757512
1 183 706571274
1 10 63839973
2 101 987491525
2 54 282612356
2 127 236454478
2 162 287148098
2 107 153665097
2 48 617046733
2 68 1031621969
1 305 820110790
1 169 13442146
2 259 136693156
2 283 716595621
1 257 334277209
1 124 547304348
1 191 204024858
1 132 1003587332
1 309 901307882
1 177 98880225
2 193 806899673
1 268 211958670
1 117 1042424603
1 156 818264271
1 187 286565475
1 181 436322357
2 296 432305442
2 13 786429004
2 300 696691354
1 113 406069878
1 116 586023404
2 82 1039422553
1 131 170224258
1 188 375879498
1 291 356631684
2 277 415159076
2 224 379705156
2 16 827767645
2 155 636076981
2 198 1071900770
2 167 804266355
1 102 923602047
2 150 980850924
1 36 822333148
2 163 372521876
1 126 1036431448
2 246 408396640
2 41 502188360
2 233 742823129
2 79 267492449
2 104 116657014
1 277 368228955
1 286 652430894
1 211 793932560
1 45 1046903391
1 217 861021213
1 192 292646263
1 304 289679956
1 76 483666437
1 89 1053975166
2 269 846025497
1 313 370855746
1 122 1013690662
1 280 460207399
1 309 963900856
2 165 497392398
1 280 603664319
1 87 740945043
2 245 15411264
1 129 986860861
1 24 740966316
2 112 100847199
1 306 223145512
2 66 678100761
2 183 324455822
2 169 537068767
1 44 336601587
1 244 16606311
2 176 437042670
1 11 326315507
2 253 875819512
1 179 467152213
1 195 572523168
1 240 506158361
1 244 711489380
1 134 288521655
1 301 711492715
1 279 956638404
2 71 718957438
2 288 124136820
2 24 555287784
1 267 879753965
2 42 714817323
1 263 190432828
1 262 649944233
2 251 757009641
2 58 44865715
2 228 368964221
1 125 1003403676
2 211 182507130
2 55 917076931
1 48 15651221
2 274 854835631
2 42 462032938
2 154 152051635
1 157 205153609
1 60 567688629
2 73 1007667413
1 117 657274890
2 195 926780535
2 117 715075721
2 298 565296773
1 177 379892544
2 170 246005513
1 90 403734130
1 54 894552707
2 213 781988804
2 288 832896811
2 190 641566920
2 149 316863660
1 317 109365056
2 35 806073278
2 9 837280213
2 298 519832066
2 75 612671513
2 98 64315405
1 119 678821119
2 110 76255877
2 212 360928570
2 17 127003839
1 257 848330532
2 154 212279873
2 171 953150483
1 317 739309069
2 137 861475654
1 122 578716073
2 46 695087325
1 245 253711159
2 146 373843817
2 158 896342308
2 219 251633953
2 289 896322354
2 112 94582203
2 156 187534310
1 318 5106809
2 45 160049828
2 52 60358131
1 329 875171329
2 162 24268694
2 1 571420434
1 4 1073304316
1 146 871268797
1 226 128175492
2 147 819592025
1 194 613638355
2 214 263958565
2 204 211651370
1 61 493914459
2 26 841617070
1 304 356004068
1 114 464212246
2 156 747064572
2 91 672424288
2 43 188896592
2 218 575829880
2 57 916225102
2 20 275743226
2 160 518204101
1 325 781926509
2 99 264122633
2 140 721521843
1 246 1046505525
2 167 620487807
2 179 577623871
2 217 279776266
1 59 879450877
2 84 400741738
1 214 530390350
1 296 160252971
2 236 897099515
1 215 182385441
1 168 97835286
2 143 800043664
2 208 825060830
2 281 191622930
1 50 561157741
2 190 409986538
2 225 435302846
2 65 693762471
2 149 135316177
1 159 510562880
2 123 883427054
1 277 953800206
2 236 822159965
1 177 103679318
1 296 578119950
2 158 673546299
1 74 754235903
1 305 390815569
1 320 918341478
2 247 315298092
1 155 515586793
1 304 609661849
2 216 187407471
1 9 479554924
2 83 925203270
1 107 458290688
2 5 602809523
2 88 1041713628
2 60 369563695
1 121 415356962
1 231 369166552
1 246 215337646
2 204 307846366
2 212 393542413
1 327 27397880
1 66 688930995
1 291 192703266
2 76 919673122
1 89 316942133
2 18 455952600
1 8 93888788
1 93 836111420
1 231 442460042
2 199 180507115
1 165 857993225
1 42 11686928
1 124 805620453
2 197 423447716
2 177 763271368
2 88 1056866517
1 120 839829363
1 258 171051489
2 51 1052344574
2 268 278537765
1 146 303304764
2 268 54528818
1 305 1047991792
1 179 522304036
2 71 37426672
1 166 228608406
1 214 602665072
1 237 705299680
1 205 881302273
2 99 592131717
1 302 251735571
2 49 56361977
1 178 1045556979
2 86 835091247
2 263 714650529
2 214 856450691
1 239 299148529
1 231 478984708
1 222 703417550
1 306 452298025
2 34 534927778
1 324 689460853
1 10 51600681
2 240 359987860
2 256 330554427
1 276 512558842
1 188 681416274
2 113 681525260
1 19 987549397
2 57 50574677
1 163 610166641
1 84 136409694
2 23 190714370
1 318 7401751
1 204 356981220
1 322 1068802814
1 61 433393564
1 158 456194145
2 134 846155576
2 55 3889517
2 116 835729630
1 150 70425325
1 250 355521628
1 182 695904478
1 236 574639031
1 121 817986381
2 22 745405969
1 249 175406613
1 195 805876571
1 292 32207475
2 69 452035238
1 20 845187473
2 75 11835420
2 109 630200691
1 121 586384611
1 138 206137836
1 243 793178745
1 304 990494086
1 78 548815940
1 6 524352128
1 314 489403765
1 143 628376144
1 191 910960233
1 76 759163467
1 294 827122730
1 323 362428003
2 245 712609226
2 205 178093845
2 228 390112927
1 205 897392132
2 109 481636784
2 265 673720529
2 168 815706583
2 38 1065433134
2 69 273378145
2 174 702794051
2 146 175150892
2 95 724877782
2 200 815672475
2 88 73257952
2 156 147017435
2 195 968686446
2 5 277517125
2 179 984328699
1 90 442110433
2 98 199128238
1 1 115920481
1 129 922998559
1 141 646043398
2 241 195486351
2 209 707512390
2 288 402002359
2 185 117376825
2 95 330826649
2 18 220744206
2 64 742958070
2 239 2407708
1 291 506549855
1 24 1056050251
1 131 930029811
1 118 151102432
1 35 624535112
1 38 803367166
2 32 950372885
2 291 364366164
1 111 1059697297
2 227 1035248330
2 110 246106287
2 160 904394553
1 75 542471057
2 79 147748198
2 296 840671213
2 114 961112025
2 256 209076797
2 5 345793361
2 132 543849199
1 33 743959001
1 20 565601773
1 273 353793227
1 307 829963060
1 4 522766156
2 275 123227230
2 49 727899137
1 94 836037435
2 65 140182538
1 282 704835576
2 101 865448584
1 128 999389542
1 148 908674880
1 82 262778962
2 63 630539278
1 164 666820383
1 249 530351176
1 269 756687093
2 262 723098188
2 217 310827071
1 258 132003516
2 130 119575134
2 196 751976000
2 217 199593644
1 220 95012295
1 101 156686663
2 153 950198938
2 189 788782658
2 96 551412413
1 246 478844967
1 130 50981749
2 79 976229621
2 239 405862124
2 52 650874617
2 288 631310152
2 97 561730357
1 76 16807089
1 79 1058125114
2 121 482299164
2 294 904917139
2 177 323198927
2 233 1049076278
2 164 641274880
1 95 460097699
2 297 329195773
1 9 964134789
1 177 54949819
1 43 656413729
1 117 764737728
1 284 164774354
1 188 1065369282
2 131 547369560
1 65 802628984
1 72 895075292
2 76 1057363306
2 66 1067878081
1 146 1018794174
2 89 426565568
1 303 901665375
1 65 543706856
1 236 549820398
1 127 644821621
1 60 163035222
2 133 143758485
1 163 560546817
1 189 349418905
2 297 44886272
2 5 920690729
1 161 902497439
1 166 499628908
2 39 145030463
2 222 391876423
1 43 1002209906
2 169 561797403
2 274 330725021
1 102 372224949
1 323 449469629
1 226 84869952
1 39 250215930
2 18 723984001
1 152 661579309
1 273 840327335
2 118 272212870
1 211 398883689
1 35 946189553
2 78 29988692
2 54 666244080
1 172 839000182
2 77 1874438
1 186 1036785603
1 230 667317982
1 218 899577320
1 77 474272726
2 65 9874031
2 173 680127134
1 1 908270167
1 305 763695105
1 111 528565142
1 125 677171483
2 269 729540376
1 70 693014651
2 36 678322492
1 12 192373267
2 190 858536159
1 108 935987161
1 263 487815023
2 157 481408647
2 287 2990244
2 244 267223270
1 35 904113866
2 94 291750260
1 217 325607624
2 252 598599034
1 34 379222334
2 287 845801922
1 255 919329400
2 37 240056460
1 326 1046724877
1 229 742734203
2 56 353128275
2 288 383113095
1 253 497563160
1 239 677205566
1 130 670636872
1 177 949901019
2 163 460684636
2 181 828651252
2 52 393759428
2 278 67685845
2 27 881378999
2 236 81119937
2 24 52506890
1 305 156083632
2 39 1039731953
1 146 328959295
2 283 276128483
1 216 527450093
1 275 897647608
1 128 332268519
1 302 934984056
2 36 961447905
2 56 694810988
2 193 630702289
2 254 695615868
1 11 450282382
1 36 571616092
1 150 758417054
2 132 109427343
2 131 542472116
1 179 387766608
1 222 605493682
2 66 81332960
2 35 703197992
2 291 439686024
2 43 53004967
2 100 986532626
2 206 488068454
1 75 25136260
1 233 137029120
2 261 723865186
2 205 242754658
1 252 1000239301
2 155 943404315
1 193 195349255
1 27 93144485
2 220 391907540
2 142 561284203
1 34 541755099
1 254 749923990
2 143 687516033
1 270 1035002596
1 72 623553593
2 288 523296790
2 101 387266157
2 185 946474679
2 296 551955238
2 267 661455184
2 225 959593164
1 316 968770368
2 216 432556724
2 71 524168656
2 111 300407909
2 35 949017661
2 237 125619877
1 127 73157331
2 209 245837019
1 101 902529602
1 187 997119309
2 138 854816734
2 262 388603184
2 166 583128171
2 41 431837626
1 178 408350355
2 39 376772488
2 223 347226961
1 127 484066839
1 17 265348545
2 103 126616364
1 1 124227903
1 96 1036067407
2 189 999656380
2 135 800208592
1 78 285027238
2 247 986868463
1 133 198700012
2 146 274341142
1 17 146723280
2 8 390859855
2 258 99963817
2 265 984485716
1 245 53132498
2 255 224820721
1 22 1036847687
1 103 246983315
1 27 622181573
1 192 218831402
2 269 321974382
1 85 271721176
2 161 803897142
1 228 19975680
1 193 628513453
1 105 451336360
2 199 151876316
2 36 903152981
2 285 254327631
2 53 549631175
2 149 509443209
1 22 412514115
1 19 467398510
1 128 997985858
2 119 702017892
1 122 770455239
1 310 169722694
1 227 1004347053
1 72 911673942
1 294 889498530
1 154 193429965
2 299 11323567
1 215 662291651
1 120 339466109
2 203 351413121
2 234 1060746428
1 220 647914619
2 294 137661261
1 142 818278530
2 179 126126114
1 252 923372273
2 200 798486775
1 16 627845602
1 135 772389448
1 97 321427371
1 252 761826613
2 121 568593977
2 198 623594547
1 81 351323643
1 42 1006706105
1 267 41078141
1 176 809100875
2 25 190921709
2 61 715945873
1 169 527646738
2 124 975216733
1 169 1059651201
1 308 534792651
1 161 944633117
1 66 967768034
1 276 140738331
1 178 437708890
2 298 746908703
1 43 763410559
2 272 931051064
2 120 155747130
2 89 350817728
1 255 428432077
1 282 859602788
1 284 990342608
2 235 787265513
2 183 272571739
2 88 231811689
2 16 859298452
1 304 739406102
1 188 828562419
2 170 858486218
2 25 728313587
2 94 394335979
1 213 678127898
1 201 844129904
1 112 315904880
2 35 599235590
2 147 344911323
2 203 65155236
1 112 149988362
2 131 307931413
1 188 611161030
1 332 264185407
2 295 749790435
2 170 137016618
1 94 257686836
2 144 331701789
1 289 979066656
1 101 1058203979
1 319 910806990
2 6 766642392
2 200 302451212
2 80 677241678
1 333 374396239
2 41 707307188
1 222 548562050
1 304 822455268
2 100 383514246
2 18 449811158
2 101 100524682
1 126 975631348
2 125 493884575
2 30 362092474
2 116 814158658
2 262 932310315
2 195 823821476
1 92 521175268
2 243 182674176
2 116 108810706
2 176 393589056
2 94 570711511
1 83 859217335
1 10 777416673
2 65 894904004
1 25 905931332
1 191 393319832
2 212 498584402
2 197 488050029
2 261 388026245
2 61 807866874
1 285 360033209
1 74 343692773
1 100 284668746
2 147 873196157
1 321 332638482
2 180 1011096585
2 207 1049118611
1 289 1040806506
2 205 836013018
2 88 592348138
1 262 560582623
2 119 1073649759
1 302 78484578
2 270 795251991
2 294 839602083
2 180 1008098858
2 83 895024481
1 259 632117274
1 40 722785791
1 55 516033779
2 291 541380041
2 105 1017297473
1 124 837425837
2 75 861096350
1 239 791268829
2 278 30473120
1 10 508321850
2 188 221736304
1 84 1056551808
2 104 1024830293
2 258 52023162
1 27 533645042
1 179 66214353
1 238 462190092
1 83 976470071
2 16 518596371
2 139 1036982261
2 13 202885827
2 226 360620841
2 297 568352402
1 329 773688117
1 37 395057616
1 171 922911020
1 193 592318364
1 45 581658697
2 206 511324705
1 17 842056622
1 296 392886195
1 217 102410229
2 247 110559428
1 218 943831655
1 8 855905743
2 262 143958739
1 239 29963943
1 48 834245198
1 293 488263881
2 284 312045680
2 50 953063586
1 227 118141385
2 57 622166517
1 85 334732699
2 191 59440564
2 99 978628132
1 19 933529614
1 173 550178298
2 81 955105162
2 35 340414021
1 324 741688920
2 22 785685727
1 249 8298823
2 175 103796383
1 196 621491202
2 92 614781275
1 39 797438079
2 194 50289253
2 203 469786570
2 41 220445073
2 77 467559558
1 5 833252866
2 170 366480357
2 22 555499854
2 209 776830953
2 54 981112518
2 61 373179934
1 282 955226071
1 96 513701946
2 200 295027682
2 118 241082430
2 297 409532675
2 23 591783953
1 129 10362007
1 161 539028653
2 232 648736138
2 8 1051414353
2 216 292917164
2 227 805184344
1 327 71685789
2 90 873735592
2 113 471765022
2 134 528634579
1 16 291985592
2 127 237863770
2 74 431993628
1 154 710853056
2 299 372111797
2 34 20325440
2 75 1052975923
2 214 2696304
1 303 521799202
2 155 315083021
1 89 1041964231
2 59 347245256
1 232 1067454933
1 257 289553105
2 130 933488579
2 230 17033831
1 110 215656382
1 240 81065153
2 295 866255506
1 159 787867911
2 288 39615742
1 169 606648374
1 175 762016334
2 34 694962978
1 271 589445942
2 57 917114612
1 278 253783096
1 24 187640534
1 269 145012258
2 163 779419566
1 3 546688106
2 107 644176652
2 221 839589992
1 167 601422023
1 59 189926857
2 257 514726613
1 87 92083115
1 45 1015723355
2 107 900871997
2 270 266140949
2 256 361988068
2 280 678011007
1 19 388526629
2 70 994977892
1 231 485185010
1 78 1038777030
1 272 128007687
2 121 367612722
1 312 30998897
1 260 539051525
2 119 738489733
1 87 817045547
1 155 339215817
1 69 946584408
2 45 30742678
1 280 369934042
1 170 392057479
2 156 767315814
1 273 737710066
1 73 361428114
1 28 170697457
2 77 595724514
1 277 43179471
2 50 410120587
2 112 1061485782
2 213 708029780
1 146 135000012
1 304 953030217
2 20 928391844
2 144 729384983
1 6 87066156
1 42 892243267
2 135 261262526
2 160 1006161827
1 309 779445317
1 131 989813953
2 261 910278157
2 169 481979661
2 11 341261880
1 168 562189575
2 158 930023381
1 309 372713933
2 238 14555107
1 267 258637489
1 324 331321547
2 300 922978240
1 206 71338261
1 273 622161247
1 67 862106469
1 105 538265455
2 73 312646402
1 59 627415699
1 177 656541554
2 50 682713231
1 12 888812279
1 34 926690520
1 206 160967403
1 140 66253001
2 209 789593679
2 135 965889828
2 158 847060490
1 44 838296765
2 292 480383911
2 283 70483073
2 49 236799641
2 283 648601410
2 295 665173326
1 77 253322216
1 107 182939278
2 79 807740145
1 37 430514432
1 92 442681454
2 8 790680021
1 109 114000354
2 134 710260949
1 1 284131747
1 206 146214765
2 182 283350966
2 99 219271541
1 71 1067122744
1 161 154341816
1 247 65622486
1 314 532840847
1 81 454294241
1 113 1070121485
2 276 762677755
2 213 1018187401
2 216 777529211
2 26 59284367
2 271 231290607
1 211 293810810
2 89 734930031
1 211 1068953923
2 141 234321812
1 97 1030453078
1 112 989787734
1 136 875952990
1 266 1001258019
2 142 408820585
1 306 1022377439
2 31 471826396
1 126 346034615
1 123 628830983
1 236 555649519
2 212 208775768
1 129 194106379
1 142 311262082
1 176 85420552
2 292 1021536024
1 13 285231489
1 15 111907677
2 89 951133421
2 268 215274855
1 286 158100836
2 160 570198977
1 40 552155012
1 179 912500009
2 258 994274415
2 207 815286062
2 199 324665340
1 249 26964906
1 134 510367630
1 63 847829363
1 30 609630512
2 281 700840888
1 23 393072869
2 160 988765409
1 216 27601484
1 233 115420402
1 126 138114831
1 233 138571964
1 184 332967600
2 210 758054496
1 302 10359466
2 3 397563124
2 255 4913682
1 285 350621765
1 257 943606289
2 292 363484946
2 217 95763688
2 91 1007087922
1 87 474832745
2 288 762479734
1 36 225185030
2 3 340466268
