1 1000 500000 75000000
37236773
58042610
50207363
53428950
47718729
68958356
43227092
55063702
45922718
73084511
41298077
803248
39249764
34882133
62249776
42858939
44723076
67244080
1954760
23335073
62932683
73084511
42154511
68955363
59512597
73907814
45496907
46733314
53129484
26639951
73084512
17267899
4227564
6534503
20949728
14045555
60760391
71248907
15949939
9681830
7187155
14192792
14643670
73084512
53686463
70108507
73893159
61913846
37660168
55815228
51085640
63359567
24043681
74489099
30678099
38788971
15463630
206602
14107262
54646584
45791577
27166680
50821875
48026606
26597112
58576529
22100642
49942055
22758419
62513302
29407623
38151755
20975475
2240205
29196007
25292640
40466320
28889475
48037953
60712689
70029524
7106952
22884278
66881562
45854125
54343913
47082349
58300332
28955298
12309809
45688477
19325429
59047984
66347704
44503969
19283103
27724902
31416062
43462004
74829175
22181013
35389983
11157416
6921668
16286515
16224387
10839697
49235339
4572250
72438319
44174827
34692963
1591795
1670289
70004462
3606136
60383368
24065711
27212130
35983189
71039348
8764624
51444890
69859427
12174979
15060416
41365627
441144
41905139
5779547
7422496
3148551
53893526
2183344
55492235
32733616
183721
22050656
39008247
5316272
27795835
20889759
60852341
72555108
25434516
10087094
46185194
38729659
4495337
28336214
63822041
3018421
49105098
61120636
31674186
18911439
72568547
56863330
3171008
22222143
34141308
20175095
70637523
24668442
28821567
17637171
61976328
29312657
21685960
44492393
30193628
5661133
52861621
52318199
3710861
38643500
36204291
57465971
523269
67354456
38961068
66340983
48755801
9154302
74132743
67046508
60200222
7738853
46780737
36117872
62230159
23343517
22070204
71653950
70443797
43210325
2908121
71250801
11222229
18757381
50537701
47952709
38431780
56356222
4901674
37918200
58240002
10526994
7038829
12538024
59321082
65696738
33704007
16488460
45754825
12151933
28007410
46581621
27364201
26010607
69634988
49637083
69622822
72126105
2600209
44051071
34238802
52936187
11429643
11841556
31972233
27941196
6155893
12145721
46190480
15892541
14025240
43174659
74166210
56859470
24776669
9627344
66256226
43727692
57809427
39252848
38057327
28752419
45896941
19993869
27582366
12889434
74969046
39205047
69992804
33994139
41044793
74496103
67375445
46901807
12677600
41075878
59332507
55331845
56625742
33619562
53497347
66802599
32761058
67464603
13507933
23803959
59003586
66967436
16390522
28037291
20918858
72870171
58185138
69991489
26343615
20649353
9209872
73528625
59560976
29892595
34656008
57366442
32394510
9574725
32932936
56632886
57103104
58803537
30674017
56218418
53075427
14239455
3996032
59966263
7411464
23911136
56786754
27519047
67193384
40161751
54928540
54200946
4427333
24198632
23948761
33850821
59236301
19273952
32947954
12747105
43917706
73538914
72510512
41026223
50384591
6735429
18946935
64585907
23676403
34499102
66695571
74040753
11752905
12356734
13153899
70440649
9350571
14807574
14072190
48343956
28625979
63867088
26243266
45412790
59300603
69636111
17773515
37973695
56469849
55136424
1501334
34803189
63965269
40135286
60720732
20893298
68837848
19903478
48910924
3512233
44264546
57285303
14032326
10941314
24069429
13240012
47211141
39224985
60305675
49399581
50773697
4540758
37183881
5726965
24111688
26142441
11282950
22948076
21449614
58048671
8170827
30565717
61592175
53645273
14607587
56578689
29598634
1377305
30841893
67348038
51099153
74521918
57778967
24398438
59323315
45267141
57096445
59101934
18258161
69848131
22915785
74114423
27210393
65837668
50579133
28084642
38579815
20389728
22959902
35389304
35532938
49556213
16910821
67012030
38684687
22625240
56872834
17590003
46170392
74431981
10632852
23280577
65170290
67669492
55157945
20079893
56382959
6429370
39551572
47814059
63998450
44124290
42795751
12352198
24126774
4926200
66046438
1306711
67850876
18523150
65864733
27260108
37950276
3383856
34975758
46515225
25493994
27889310
7261414
51140640
45949575
14070806
23123170
68812311
13856824
42185263
74223122
52466509
36128497
76864
46087375
35937641
32452972
38546355
41079748
31084748
61061030
16959912
42701679
34704753
28361472
14138823
59478586
73666018
53813796
10652001
34792330
74208378
47051602
39497527
30589405
8149624
37110900
59267867
58985322
63552532
58461008
44978164
52958666
22947512
68588176
68991448
22075236
57352172
55261408
55662416
18672610
26671467
49538007
338347
45470757
38362733
71210510
57834495
20574735
73817813
5769584
52190519
55194429
28171033
38499195
57101071
45366681
61147789
46879997
70651428
62647274
33704551
45831556
29402852
47899435
55626144
48994948
54981408
29312487
70789339
52483441
31774070
23535584
71974180
5444377
1307547
918774
47119273
5720161
67080650
27076949
46608157
54466768
38008258
45918124
17488843
28350390
8999666
70225579
11703826
49267811
68881336
15686334
55228508
25443774
73374982
11078620
6157486
54970401
52213465
62557708
7456124
67162979
62981920
64882177
47213017
72786970
68013550
47106477
40143268
25711893
73494619
7333411
69219988
56021129
22097521
30524412
7121604
30843126
49120843
20602819
41472344
26350595
19986944
56049571
20705763
26969929
25787707
7221222
52764141
44123808
14907042
44511656
62087413
62983639
23335147
25610661
74161804
37897513
71736509
63261880
62024954
14276834
72026758
34139700
13921141
15863492
3144532
70367218
43018141
12769487
3194278
44092466
73946128
49871325
18334659
293111
38114376
39380752
28124041
4731955
16217607
44103703
14863740
54344945
53644554
23049489
9561489
19267148
16059486
48866485
3360063
3517859
16566186
27819750
18462719
1863199
7676441
21206533
38840796
7027891
3530953
660339
66048494
13738025
39321805
62716303
17240170
11686709
65412026
16866782
65218130
56902283
18972548
37139453
61428805
44710075
4032930
25570291
71199919
50414871
68032338
69596364
287244
23019995
26610257
14861529
29521945
65838942
59339322
18611509
21784599
28415426
60732638
56456885
63884913
57616057
52175552
67173591
12927163
11572155
19070470
7653149
16896539
67277655
15307214
65783208
2168190
149626
35891459
74746881
5579648
2056392
35141833
15315486
59341211
13433453
28578669
23059351
24570889
45199945
51537841
9150169
44831094
21182598
37425364
34866631
10972888
29044818
11809019
36945301
19592862
66756484
37974234
23774488
9583430
5282591
52657200
17085904
51759879
38994819
7957906
47374300
16565857
21893182
60434693
36524536
55960196
68375174
42702364
62511194
35714722
50534041
14991352
5159706
41298440
16748419
46125246
33248444
12202480
13221253
74896688
69885768
20987868
25328559
5762243
39843963
24666137
61175501
70995795
34401355
39866718
9313420
36546581
58458312
61319564
53062394
35338919
38478538
10126848
45963698
54738715
20927742
2802392
40046630
74333098
43242620
10437501
38871453
50845652
4446216
55709670
7168899
2745776
55823181
21336027
38549176
57992368
11857295
72443383
38979944
27800961
66568463
60554853
33681065
59224050
41591848
16704606
23913246
54455281
40431075
11792294
18816670
23136009
74228925
67527038
10915690
40887551
43130728
38572581
10064409
60281386
66062972
67141571
56218269
70545197
61665637
1132645
6464891
50018286
63967679
21165219
51300699
55952740
33534772
11345114
40426190
1474159
32288893
54360210
50011882
7153478
61907121
56464045
1499031
7175075
67853810
15869192
51675070
14124945
1378404
66091760
67081949
13348598
19209419
27325429
68967683
30685754
55305773
15581344
59732213
3919019
13978135
2568705
9802157
73832581
40818544
54788510
13966033
15183281
69826156
53882821
5224574
30767718
32518659
73521837
5490314
50017094
49759319
57737739
47377817
7012891
29962134
21086765
30517420
23231439
49989833
7457991
36560582
17528071
10786596
1109780
45171523
55828404
55945025
55574997
37839175
50589774
69356250
57777072
16818470
9638974
35986230
62775921
27813404
57572020
2687560
15381471
66706755
32318065
68305288
55801338
33669908
67052918
73718790
14624715
53576940
18243114
71890088
68219301
70351191
53478438
26308074
47855337
30380770
39455800
60246855
9911619
11272626
58264713
70452778
4226480
15743650
8807548
11350718
2905843
18067237
2813617
17051534
20266969
15777455
62724482
18027134
27430696
71068266
40770908
38856282
15771804
70066529
53201437
64879803
74901722
29252423
45774858
67177340
68495591
69601262
16752836
62191957
41129358
49090584
65759968
27773684
56309021
27345465
68329009
32308104
36991495
6310936
48631936
29943428
71580309
73528539
41041525
56722582
68835593
13416817
10998310
56894169
64260046
69340592
44724637
66713524
19762003
8059910
29301315
48158202
51347381
8910885
59622534
69649973
36359322
52481855
42068380
35573553
42258840
32874241
60667842
54424821
59800583
30037655
6043425
7595769
54210792
16874547
70290217
59402761
30840305
24200035
47000526
23489898
23492018
63051230
39049408
74922790
20974619
40595109
19669060
54577506
73076572
65224482
53036940
50388305
55644136
55144135
55644135
55144135
55144134
