1 10000 2610 5500
3729
784
4633
4470
1548
861
144
1985
4223
558
4160
557
3207
1276
2130
550
1809
3994
1569
2023
2513
2858
1432
3319
230
747
3694
5275
5095
4184
1234
3274
1511
5417
1632
188
2694
2773
2626
1591
2072
4824
2183
3848
5269
3630
3898
1276
3593
2880
3470
1930
3120
5321
3829
3744
4697
2859
4117
2096
1456
2531
2754
4221
5134
430
2633
3013
1472
1401
1880
2942
383
1616
2859
3032
738
1623
3867
2317
3637
1785
1397
4896
2608
280
3138
4554
723
1268
320
4646
3268
2515
4723
1906
885
3309
2329
4526
4764
1262
2158
2633
828
4877
5316
4578
4743
1597
2894
3333
849
3497
448
2665
242
2475
438
628
1786
1066
1024
3869
2356
4090
370
4462
4168
2144
183
2831
4914
514
1136
4133
2124
5346
2222
173
2303
1918
1919
4891
557
3636
417
4507
3677
4023
1235
3559
2608
5445
5077
2967
3970
4958
3382
5124
396
86
1129
2090
2425
802
2073
353
5066
2633
2480
4066
2634
324
1038
3663
794
1654
373
4907
533
5326
811
4775
5024
5394
4403
5234
5024
1505
497
3305
5024
3422
4565
2690
5265
2219
2118
2541
1994
409
3732
4029
649
2845
198
2266
975
139
4851
3720
3091
201
4375
1879
2878
535
2126
4918
4161
5062
5105
5288
2356
1202
3432
5341
2294
3071
4235
159
4525
213
3120
89
4919
3420
4468
4456
3756
1172
1393
2979
4058
2449
719
3919
3095
289
642
2328
3150
2480
2952
1302
1473
1645
1870
1244
1069
5152
4580
537
4122
2383
3489
4067
4444
4741
2500
4128
2642
3771
4541
5051
3838
2549
5059
12
4142
945
2314
4295
454
1989
1400
5179
2534
1231
3291
4158
572
3432
5357
1147
757
5122
990
1538
1421
2679
3870
1587
4912
950
1541
2786
5496
5000
159
1486
1531
3085
3511
2641
2001
3372
2165
4158
3207
5308
5343
2296
2218
1869
1961
370
1518
5430
2977
871
936
2556
2202
3777
3194
5123
443
596
3059
2216
938
4540
3391
4930
569
743
112
289
621
2888
3240
824
141
465
4112
3098
1570
3226
2
3443
36
690
4080
1711
579
2281
4357
4
4463
3918
4679
1324
169
1015
5053
3497
96
3007
533
420
3454
1192
4230
791
842
4730
1524
2239
4550
4642
3116
3361
4028
642
4294
2360
2867
359
384
171
4627
3408
3741
1935
1012
159
3001
4901
2703
4093
210
4393
10
963
244
5089
4302
642
3149
3395
586
686
3581
2448
4781
1167
2488
3776
1316
2876
2767
2502
3157
1281
1788
2575
979
1126
2460
2589
3704
5185
4015
748
1251
3840
3235
1626
1613
1814
3380
4084
518
4836
1928
1337
2859
3962
1997
4373
3603
3908
2847
1508
1551
314
2792
4555
2934
4447
5465
4611
3413
2757
2747
3046
1958
2532
893
3679
4907
882
4768
37
4269
3974
1465
4722
3366
747
3085
784
1452
4634
239
1497
1039
5234
2385
2831
3396
92
4900
1078
1419
276
634
1293
1102
1423
4992
390
4283
2737
1293
1006
152
2856
1848
4400
837
765
2713
4125
2474
2107
2603
4876
2822
4830
3432
1111
4471
1638
2158
1970
2778
1764
4100
214
3705
72
1884
1700
1043
2063
5167
4887
3600
1647
242
1268
5349
3053
732
1961
2671
4358
3180
1387
1871
5414
920
2015
2381
1568
709
5295
1281
1502
462
3446
2709
5143
2695
4882
561
766
4227
2061
2395
1650
1158
748
4946
2402
4690
1838
3625
4988
3020
1101
4128
3321
2802
184
3971
4043
1072
733
1226
293
1231
911
2375
1745
4599
5074
3146
611
5236
2890
441
4614
1116
5438
3908
361
2100
4486
809
3308
454
1190
3803
1411
3188
5436
4240
3594
804
4956
911
5465
3383
3679
387
4322
1348
1714
3341
53
655
151
1264
3123
3753
924
751
4306
97
3347
315
467
1619
2659
809
3569
3656
3808
4006
1394
4815
4540
4337
3140
1519
4068
477
5297
4
3105
232
3138
1406
872
2275
1436
4944
2968
4030
1564
2281
1083
2354
3557
3737
4842
5098
4167
3406
2017
3703
4790
4752
1125
3544
2692
3202
4080
5300
4663
4909
4882
4101
4634
5271
4798
1201
4490
2413
4357
503
1560
3681
3836
1492
4077
1535
140
4590
3404
3600
4065
3156
272
4879
184
1308
3985
1692
3466
1098
2856
714
1247
2737
5370
530
5083
195
2324
2160
1247
3928
4437
1984
164
3143
864
2357
357
3672
2969
2100
2334
1577
3197
1237
19
836
1248
4374
657
765
1451
1884
767
5200
2162
353
3637
1493
2387
1266
5089
302
132
2574
3642
648
3965
288
290
506
5110
5158
3222
4226
1871
3409
2535
3681
2125
3863
3535
782
2932
3194
5306
4482
3385
3842
582
1450
2035
4622
2973
2856
1836
2032
4990
4395
2801
2491
2905
3522
3026
4488
811
4055
2470
1291
2469
1292
3123
1167
1231
2981
5424
2196
3364
3383
2172
1293
224
1544
5031
3629
2550
2096
1070
5329
3680
1696
4199
1478
4700
5317
781
200
3664
5099
1541
3128
3887
423
2470
4758
3325
2617
2923
3791
4005
4902
3910
1928
4850
2637
5279
2534
4536
4992
2073
3133
2668
2178
5128
4002
269
2563
4392
5134
2524
479
1345
4135
3923
2530
4456
4001
1809
996
868
4653
4089
776
3548
901
4196
178
3556
2861
1784
1522
4610
4808
3822
3163
3928
2394
4310
3595
3935
2484
2853
4007
246
1144
2612
2843
4086
991
2463
3612
572
4004
3612
4013
2789
1523
2714
235
1082
2482
2672
3627
3737
379
1494
2749
4650
2298
2117
4791
1509
4448
2362
2311
3014
4532
4981
2056
2199
949
4247
10
4486
3144
902
89
4362
3803
3071
2532
216
2510
2217
758
801
4297
4984
3461
1951
903
16
2029
703
4113
2943
3639
4564
5218
2232
370
1117
57
4801
890
4507
416
3852
1252
1251
4444
653
1609
4923
172
5231
3402
4139
443
5076
2406
2394
3208
1966
2390
5432
2032
4936
4858
482
1934
1324
2757
3724
2429
5250
303
5367
1976
1952
3217
3731
2810
523
2161
3342
973
3163
942
1110
2159
2003
1350
2915
25
4991
1458
4833
2112
1397
2458
4461
1225
889
3853
3625
4069
4700
2691
1241
24
5028
1205
1103
693
230
3237
790
1959
3219
3108
1635
3683
5443
2139
664
1442
3983
5089
5101
3797
5134
3313
3136
1409
4319
2370
252
2712
941
1576
4177
73
4502
1405
5458
2314
804
3505
3955
2260
4281
3790
621
1447
1061
511
123
2896
3630
2606
2690
4851
367
3384
1016
2889
2106
2719
5292
4254
743
639
4901
4678
1596
4006
3109
3088
1958
1485
3932
3548
4487
1420
5001
41
470
3052
720
2830
1452
5070
573
4307
2533
3518
3748
3106
4378
3318
4422
751
4059
3412
1006
2207
896
2975
2927
1092
2084
585
4421
4305
5115
132
267
523
2497
5202
3488
1769
3373
1046
2520
4088
2818
4417
925
1586
3791
2781
377
2724
3326
2511
1767
5341
5092
3243
3577
1864
2131
3832
3836
525
271
2865
898
1109
4185
1327
4635
2780
3809
831
2787
3278
2323
899
242
860
1869
3801
2186
1351
427
708
1557
1803
4667
4209
5443
3070
2653
3339
1726
583
4861
2222
398
2673
1260
2837
1276
11
313
3232
1689
2926
5401
3441
4804
5076
4200
4001
4096
1475
729
394
931
3629
4240
4314
3736
4106
1728
1606
4982
4864
3692
848
4064
2325
3465
3570
2668
1154
5035
1520
567
1007
4314
1067
2123
5355
3473
743
916
4397
2550
4046
1115
3399
2193
2198
656
1526
1378
289
3970
5295
3064
891
1948
296
3419
2944
2938
178
1192
4506
2480
3889
80
3493
2850
5200
1474
1657
4978
2851
2421
2296
4941
1506
5077
1041
4696
48
2077
1824
1662
1384
717
4931
1394
4515
1800
5268
2391
4130
3333
4935
5085
3173
2929
4715
2046
124
4057
2880
2601
3460
1286
2360
5151
653
1972
4454
3836
852
2047
1606
2171
684
4651
3355
5500
2873
3927
3933
2470
602
2104
323
2258
4350
7
2920
1642
4217
4636
980
2433
3349
2645
73
658
589
2058
4091
2652
2276
3926
849
4785
2057
4234
3252
1661
2654
1872
2721
5296
1035
2987
4190
5166
4108
3709
1649
4015
1349
5033
2101
3844
3229
4106
1197
2984
3373
1615
2570
2402
5090
3065
615
4431
1414
3666
5483
523
2338
3119
4566
3825
3840
4524
2756
4002
1796
2647
4526
1912
4735
826
2283
1259
5312
333
1270
2093
2841
755
2016
4445
1257
3336
1125
2677
2704
5479
106
2758
3066
1904
2185
2224
3545
3129
3048
981
3992
381
3331
454
2868
1501
1641
1133
3470
1866
257
553
5445
3655
4289
623
1902
2719
2451
2233
497
5037
3489
4564
2441
1912
3254
765
2491
4777
1295
4844
4135
4651
696
5205
3515
4337
492
404
5004
265
3706
1375
4146
1357
5485
72
3844
1518
4284
748
4064
1305
5166
2926
960
5041
4997
165
524
2312
4693
3354
2890
4217
4836
868
4828
5178
4156
2072
3141
2039
5089
3443
5447
202
971
2417
1063
4913
669
3213
1829
2809
4707
1591
1313
640
4026
2976
5075
3873
2746
2032
3587
3251
661
1020
3164
2771
1189
4894
4770
1142
3925
1514
1200
4167
2584
2110
503
4836
1307
3826
1725
4946
1190
5092
2890
3541
1840
962
3881
4934
2122
1457
981
3909
1125
3412
1530
394
1883
3382
2009
747
4391
1556
2534
5022
128
1054
1001
2899
5212
4123
3459
1909
4889
2956
2239
5025
5292
4221
3728
3870
2565
3698
3025
1063
1841
1437
442
4922
4801
3143
1104
2243
5016
5408
1120
3873
4447
1018
3588
3966
5288
817
2623
2024
3353
1997
3835
318
4586
836
2711
4049
4250
383
3597
4765
4004
858
3192
4600
2976
1202
4763
5464
3946
15
1478
4726
4121
454
725
349
4597
2296
3782
1649
365
4323
3349
4866
314
3185
1703
512
1590
1359
4739
588
2468
2152
3689
3198
176
5446
1852
2964
3985
32
137
315
4662
3640
3798
5041
1478
2283
2347
507
4715
2531
4616
4596
3688
1628
3190
4057
4305
535
5419
978
2935
2362
4348
2357
5173
3252
5437
1778
2987
4988
1204
2311
4657
4883
4393
1284
3730
5483
1542
1689
3389
777
2661
383
3771
4399
1902
889
547
3842
1067
4440
5462
4245
4165
1585
4475
5251
3509
2121
3458
4550
331
4681
2895
205
2254
4004
2970
2167
1636
2049
4648
4472
442
2785
249
4599
5415
3740
5239
1737
1009
3355
3993
929
4681
4918
593
868
3221
2427
2027
527
751
191
3632
1995
4819
4107
1202
4820
5439
1574
5256
3785
3575
3377
3424
1279
2312
1211
507
2199
265
4122
3324
2949
4247
3493
1277
2087
2688
4379
674
439
2971
1008
4432
3056
422
1951
513
262
1810
3852
1713
443
3138
3647
1220
820
4561
2000
281
3697
1549
820
2371
214
3760
2812
3009
1075
2918
3537
767
2873
4543
1596
3290
1325
1359
1838
2149
3024
3450
267
1486
3163
4105
3299
3183
4089
334
2605
2426
5259
4739
2247
4937
4843
1158
1445
1778
865
1616
3517
3526
1361
4867
19
2976
2421
120
326
1936
1742
3841
2535
317
4720
2643
5289
2208
2784
956
2888
3846
1204
1370
4182
3911
3757
1731
1790
4540
708
4180
1811
4522
1809
620
3905
724
1525
3091
3650
359
2229
4506
3276
4912
4879
2385
485
1810
281
4722
1279
1644
4305
1211
1316
2569
123
2543
4581
790
649
2173
4199
3984
5294
2021
2250
4043
108
2351
5494
3486
669
3550
102
4752
4196
4585
5007
4662
1097
544
5305
3198
5197
653
2363
3807
4678
3432
2917
2458
1755
580
4373
1992
3039
4639
4383
3677
899
3409
2794
273
4921
1619
4298
517
4250
1697
887
2752
120
2110
4325
4850
2200
3320
3714
4873
638
356
5426
4010
851
1319
5241
4210
3902
1548
1926
1105
2382
3200
2398
1528
2218
1907
4406
3158
2378
4869
677
4188
3449
3653
2301
1985
4732
4961
441
2866
1018
3046
1639
5383
820
2769
2196
4458
1383
4638
640
3277
3832
1088
3174
1178
2467
4186
3107
1133
1975
408
5074
5233
2289
1252
2220
1651
1695
3054
1404
4580
2083
2011
2118
517
767
934
308
1907
659
145
4850
5179
282
4365
2902
3540
449
2
1182
4864
2426
4086
1292
2005
5483
4996
4010
3971
5017
3242
3607
1317
1932
606
4290
5319
5392
4551
2866
851
2546
4811
942
1768
3591
288
3078
2246
2620
4985
4169
2744
4138
1567
2728
1702
552
5284
1823
4003
151
2822
2039
4842
5074
4731
3915
1739
4846
3247
5411
4968
3731
4926
442
4468
72
1468
2950
620
539
4307
3782
3973
2580
2712
4263
5181
3656
5364
3715
1573
841
1292
1134
5234
424
1062
585
5155
1074
5114
2393
1523
1579
4662
2668
1743
3864
5286
911
2534
2478
2182
1759
1450
440
3308
4955
2150
4826
724
5074
1978
86
343
3081
3427
39
124
2992
2488
2079
4637
2750
4900
5361
893
5042
4256
3096
1476
3639
247
2047
5140
3210
4081
733
1803
2082
3705
5306
4969
5352
4286
2911
4559
3249
4543
150
4216
2125
2626
854
3995
2633
1370
3954
3113
3315
5445
3419
3508
459
1676
4527
21
806
4236
2463
3878
1671
4525
2677
1942
2102
1801
4363
3989
1184
3487
4094
1683
3338
2729
2182
2296
2373
4558
3177
1357
2570
3980
278
242
680
4053
4881
3475
1586
4560
160
1836
3161
4411
927
4372
2438
4527
515
2108
4724
5319
4883
4483
4820
388
1104
845
288
209
4955
4474
261
4002
1141
4732
592
4230
5171
1932
620
2165
141
1177
3978
2319
4487
957
113
4775
4730
5052
4579
3255
2168
550
2860
3004
4452
3373
3909
1185
424
2087
3867
3191
3499
4964
669
3483
2869
399
1379
4203
4253
3865
225
3021
3126
3783
4408
558
4361
4886
5251
2291
2010
1200
3540
1678
4045
4
2484
3238
4555
2632
2004
5158
601
2350
5098
3635
1856
929
863
1757
4826
3989
1794
4945
3556
906
701
392
3820
1369
4883
382
608
4719
5314
3279
3032
4594
673
2438
5265
5394
3620
1557
3218
496
4818
168
1420
2617
4708
1685
252
3100
1453
1102
2859
3764
5010
1529
3274
2189
4638
1533
571
13
4964
3882
780
1124
424
5007
3073
1663
191
506
915
404
1147
4680
2220
907
846
5077
948
4947
722
5430
4298
4807
5109
725
4379
1194
4594
3636
378
530
3108
4098
2718
2805
2597
523
4676
1545
2365
4130
780
4805
3456
1588
5360
5483
2810
1530
2086
133
5069
4911
1503
4527
2912
203
3157
4965
2578
3971
4454
260
4193
4506
4297
3510
1000
5216
1177
956
3319
3289
156
3056
3761
1268
3014
378
230
2376
5361
2298
1678
2186
15
5262
4162
1460
3541
1438
598
5402
2327
1241
5266
5191
2226
5269
3461
3099
1321
3623
5095
4846
3143
2744
3062
4107
3599
4935
3303
2414
2493
1170
3218
5015
1013
1130
2167
228
3834
2279
4378
4448
700
1856
1941
937
5468
1081
685
4143
4223
4818
3266
4403
2938
3349
807
3686
1106
2774
3825
1218
2496
4710
4535
4741
1086
5058
4835
2975
4286
5318
1358
3447
2150
3730
4429
1836
1548
3331
2662
2138
4176
2357
1577
3026
421
1279
4964
4438
1197
1828
2925
3362
4636
1537
4426
2866
2997
5019
1674
5137
5245
5078
4462
3657
4428
4602
5006
1680
1014
4373
1565
1258
1880
1405
3030
1288
2299
407
1109
5145
4712
1108
61
2855
3937
4699
4940
740
579
2064
2988
1189
3512
4475
3526
1155
927
4988
4352
4996
4901
4486
4515
264
4906
4865
2767
4301
5305
1764
4874
4211
3096
2634
4027
3281
1252
2173
1071
4836
3911
21
449
2309
1947
2658
2639
2172
2678
2448
2639
4586
4038
1574
5382
2340
5235
757
5490
1109
1926
3543
3304
5394
4969
5007
4982
3387
4652
398
2997
4978
2910
4798
329
2443
4201
1898
4335
1794
5122
2123
3175
3984
1044
310
2452
5254
1486
2110
3237
2259
2407
398
3657
373
3590
3406
3113
963
1234
3438
1912
1377
4900
2848
2196
776
4646
468
4099
455
4838
928
1868
1194
28
2989
2991
1357
3956
2031
2643
1073
820
647
411
3143
4360
1287
1746
4531
190
822
4658
5099
1844
5398
3718
1959
3716
226
900
3480
4583
3128
4191
4494
157
3335
1717
3695
2313
1440
3175
2069
3956
3802
2988
5321
2354
4883
2536
816
2127
1005
4826
4826
2651
3293
663
4186
2633
4070
3152
4813
3449
4993
2946
127
1856
2536
1865
3858
3400
4033
2635
3308
2899
1265
2066
3643
5021
5309
435
2618
2018
4103
5224
5363
1564
1615
3864
811
4341
2216
1221
3518
507
4645
38
1108
1073
4905
779
3595
4665
4587
2654
3282
759
2674
3499
5000
4448
2653
4531
1401
2054
964
1839
5402
4040
1798
19
35
1345
2646
5221
4475
2398
3444
1436
4154
743
5253
3859
4506
4233
421
2964
4790
1433
4056
593
102
4400
4119
476
4401
5220
2293
4913
3719
1102
2086
2126
5222
3672
5238
2182
255
4973
4132
5474
5485
3667
1749
4649
2078
1136
2168
1861
5334
4812
3868
1367
1043
4049
3420
218
1857
4756
4026
1829
4209
23
3729
4315
2508
608
1527
4615
247
5457
1695
3554
361
4060
5060
5213
2885
1277
1003
1241
2148
341
2529
592
3040
4170
1847
1877
710
5229
4757
4527
4890
4875
4561
5480
5265
4226
1282
1248
2227
2213
3733
1907
973
1503
1246
1259
1885
237
1646
1100
2509
959
3119
2954
929
716
2773
2601
1208
2159
12
2324
2932
3209
4493
1684
4600
360
894
1025
3823
14
4584
4864
2287
3027
1027
2515
4659
235
5165
5499
3125
3892
379
120
398
1778
1808
3602
4031
2395
4010
4286
1324
913
946
4750
2127
3366
3987
570
1819
4308
438
4091
4269
4993
356
657
5407
4632
4637
328
5243
1892
2244
3974
1255
5357
1914
3496
3398
3273
631
1198
2441
4089
4187
1908
4460
892
809
5259
4546
378
1258
583
1820
5016
3808
2773
3912
1196
717
2580
4813
5005
2346
3080
2695
4860
2863
5196
4963
3152
3220
4756
2781
4402
5492
1181
1915
3840
5341
2880
2530
1453
2357
4436
5148
2202
1192
2240
4384
1066
2105
5348
2321
2992
2477
254
3767
568
1702
4444
2184
721
976
1945
3958
4735
3486
3193
118
1909
1222
973
3109
5400
2054
2542
2196
1248
1474
2576
577
4826
3314
518
3724
2447
1126
2492
3371
4901
3059
818
5222
2352
867
891
2174
3838
5067
1864
5356
2549
2253
5294
2012
5496
981
1197
3110
3308
16
5055
1672
3665
1167
5116
3714
450
5172
4007
5063
2990
3338
2760
1741
3511
1986
1976
3551
1139
2718
5018
956
3468
2429
3779
86
1888
1618
457
1036
4826
4910
3895
201
447
764
2192
2219
373
1227
2493
1715
4035
1024
780
909
925
120
4258
3529
3171
2692
2775
2983
2704
3674
4581
3533
1133
3954
3514
4431
2573
4674
2534
5048
4676
3786
168
3938
879
796
5095
1854
1182
2643
217
861
3572
4485
4551
2438
410
2327
319
5005
10
4376
3066
1439
4962
4788
892
879
1006
1954
3086
2717
4762
3456
5331
2541
2584
1078
1138
2629
4980
306
4510
4506
4957
4494
4309
5493
1435
1502
239
558
1437
780
3819
4977
212
3001
3680
3808
4445
894
4957
1099
1492
578
996
2430
469
1934
5196
1040
88
358
4665
3952
4643
3450
2278
1725
4270
2409
4149
4913
2590
1629
3909
2475
1663
479
4564
5077
2893
3260
1658
2439
1592
4465
1581
1782
2466
5186
2563
4939
4371
5033
785
1347
4147
1121
1381
1091
3277
4517
998
4884
1032
2291
5046
4113
3466
728
65
1320
2950
1786
489
3101
2626
4508
2869
4240
334
4552
4941
5066
4768
3070
1842
4307
4848
5436
3454
2631
3794
3873
4871
4445
149
5367
732
3655
1146
4760
1304
5403
1705
2631
1930
4569
2371
3411
4940
1954
3822
979
5288
2780
4925
2254
5068
3684
4579
4518
1889
5236
1765
4105
1146
417
4817
5348
110
4556
1438
4897
1695
2431
2770
3616
4677
2678
207
690
242
3306
1701
4272
507
4563
4130
1216
5099
1065
1731
151
454
1224
7
1082
805
1516
3741
4422
4344
53
1915
1045
3060
4975
4816
4988
142
3654
1689
4138
1787
5418
268
3966
1985
477
3045
1364
635
2579
1453
1583
437
5225
1779
3519
2159
4497
4077
1937
2509
4074
592
1384
977
2417
2968
3459
5453
2803
2746
2090
4187
4912
878
2793
3756
1743
3235
1150
5208
3786
4185
4455
2038
3992
714
444
1851
354
2308
4474
3435
3131
2126
5404
5164
1299
3445
4133
3418
5358
213
767
387
3648
876
1342
2407
2933
1447
875
3414
5018
854
1334
3209
165
2120
162
127
1581
1675
5468
3629
88
1545
3911
1668
1243
3188
3311
2329
367
2603
4591
3893
2992
4130
1700
4902
3738
1526
4078
4986
611
4949
3252
582
1504
1908
2056
1062
4143
1173
320
3315
2696
52
1252
2833
2531
4965
5220
2962
3534
3300
3104
3850
4043
4531
3115
4725
3703
2499
4683
1718
1368
3713
1902
5274
4621
1703
2786
2028
3276
359
2893
701
1829
5492
3856
1907
4719
2495
5284
5006
3378
2559
4890
4931
2368
2264
1995
5272
1761
4528
5355
703
1098
1683
2171
4847
247
4964
860
3301
148
509
2443
3675
4709
4848
4426
2398
1137
594
1820
399
4077
849
4807
4174
3808
4268
2445
1960
2194
2953
5337
706
4345
4882
1072
1351
503
4828
3527
3953
2
2994
1886
1842
1681
2513
3710
5218
2044
67
375
1763
3925
241
4833
2221
2939
2008
5496
347
3174
451
917
5482
4157
3627
2383
1244
1325
1071
2918
1156
3015
138
603
4788
4244
3786
4072
4575
7
2974
4121
3200
1071
3715
4452
3774
5073
4239
3608
3514
2959
5410
1464
5422
4550
5294
2242
3240
3305
5376
5406
1878
3367
1094
169
4050
2448
4340
349
4009
4295
1166
1927
2996
4282
4161
422
1103
4025
4706
2670
2453
4460
89
2621
20
3543
2710
4481
4265
1155
2835
2942
4991
242
234
5284
381
1995
754
5260
5160
1912
3788
1124
2453
180
1337
1657
611
4580
2980
5033
2409
5404
889
2344
4063
3930
31
3894
161
206
1682
1022
2663
3560
3025
381
4211
2710
1517
1766
2268
901
4740
936
1789
1807
947
4272
1997
5295
586
137
1804
2212
3117
670
2706
3201
2670
3671
787
376
518
1722
2127
745
388
283
1726
3805
5025
2173
4638
4240
4445
2784
5167
756
5032
732
2831
4692
4644
227
2548
2852
3222
642
1671
3621
563
3695
3682
735
4125
4163
2749
1188
535
10
5056
5040
277
4836
3172
3175
4583
5015
3271
4507
4844
2080
4744
799
2225
4866
4995
3679
3827
1652
4777
1921
1402
779
4836
440
1923
4508
2462
2554
1237
2279
2783
5099
3754
5380
3839
4959
1895
2905
2197
3428
4238
600
2200
2382
2498
4118
2451
439
3429
368
3176
71
2437
5162
3488
3534
740
1465
3263
2707
1522
1697
3701
2285
1467
1283
4976
312
5377
5158
756
4007
2246
1192
4263
975
5118
1940
2239
5226
1664
1271
3084
4345
2179
2012
3058
2683
2811
1323
5014
4051
2139
336
3592
719
945
3796
3714
1226
3512
1139
1247
2047
4774
301
1829
5048
230
4483
291
2721
4111
5420
2853
148
390
925
5182
1633
976
1913
645
3690
3700
2697
2647
3213
551
4483
320
3161
1381
3943
4411
3045
1667
2878
395
107
74
4059
363
3796
1687
384
5131
3996
3126
2694
4444
3057
5020
3379
2951
3499
3268
5171
4078
2127
22
2720
5092
1544
283
2059
3941
2045
1344
4492
4483
4396
2341
213
86
3139
2019
3078
5167
69
737
2
4181
4211
4099
2678
1291
5091
3968
614
4277
5477
4574
428
3729
1612
2311
3134
2513
4247
967
3718
4790
2897
4819
1111
346
790
3572
194
2271
4587
1788
3534
1139
2435
4776
5273
323
4314
4679
810
3584
4630
4758
1839
3191
3301
5313
5316
1251
3471
5268
1212
2040
2324
1517
620
242
1212
5021
2504
4392
1433
4410
60
819
4761
3756
1976
1874
2252
5306
3472
323
1576
3035
2495
2341
783
2428
4841
4996
4620
2924
174
558
3631
3967
529
3287
3918
1611
1789
2007
104
2020
5354
1902
2268
3918
2411
1532
4761
1045
3471
2266
3189
2540
486
4573
4234
4320
4714
534
988
483
385
2998
1540
2260
4596
5011
1612
4834
2444
5458
224
761
5080
1050
1693
4015
2479
3521
1628
4615
3144
4401
162
2514
2175
5182
1333
678
294
138
1521
5168
4632
4850
1744
4477
3200
4895
4046
749
873
1423
225
1599
3364
4608
3892
3938
391
5361
3219
2724
2217
5201
4110
2640
4543
4224
1729
4446
5173
3529
4948
3576
1283
4968
4170
2989
5417
1331
3396
3360
829
2408
3775
1490
1728
5441
4073
4025
2172
2440
4060
4873
2617
2280
4735
4207
1844
4892
3343
2091
2604
3374
2957
5210
2787
1006
2520
2425
288
1232
3153
777
3803
2523
3741
3915
3656
1056
3028
945
5156
5211
3220
4854
2961
1543
2123
3446
2112
3440
4060
2642
498
1324
4515
4215
2598
4983
1460
2473
1512
4456
466
3317
1903
5439
2801
1914
4522
3444
8
2816
3958
224
5003
3214
4531
2307
1947
3462
4227
4993
1507
347
2999
2981
783
910
1523
5483
5163
4308
3681
4044
3335
1139
781
1928
3829
1246
1668
583
778
2394
767
5132
2680
1526
34
1870
3535
2999
4344
2703
3579
781
875
1160
5006
2488
3371
653
1269
4630
2888
2021
2880
1340
3598
3326
4170
2732
594
896
4294
4574
321
3615
28
2386
874
1482
799
1476
699
3859
1639
240
3591
3393
2778
549
3036
2547
3958
933
3848
3894
841
1627
4129
2104
5243
2715
3494
487
4096
4161
4167
4258
96
3913
4384
605
3539
4954
5072
3079
3056
1081
575
4891
851
4332
2989
244
342
2498
2473
2850
4309
146
4427
764
3866
4296
4458
4212
4344
2830
5165
3207
862
5251
5054
2189
4442
4364
4520
4549
3934
1184
645
3888
795
1986
3211
2692
3840
4064
2604
1527
3266
1917
3587
4941
1161
598
4573
4143
3317
2702
4452
908
4614
1069
5307
2825
2245
2315
4446
5051
113
5184
4051
3259
3100
4566
261
1135
805
460
4544
312
4042
1870
2785
2800
3721
2038
3016
2264
4417
2233
5011
708
2842
3327
4024
1661
108
2554
2030
5435
3204
2242
2236
3633
2844
2269
4243
954
4361
4509
953
3773
1590
1570
473
1907
1374
4020
229
4043
5162
5358
2066
4982
3268
3472
2751
2953
811
4470
2032
4416
3021
4309
73
4084
221
3394
5341
823
5368
2553
2492
3694
1482
3496
2684
3359
5452
2275
5282
1700
2693
1350
3457
3208
1890
4977
5459
2513
1486
2627
989
4774
4914
2826
4860
1673
780
4990
2016
3019
5190
3496
479
1075
3177
29
1493
852
5023
5024
1939
2867
5234
2388
3301
4497
5438
641
2281
797
4848
3728
2785
1888
3900
561
4327
3140
3724
1136
539
2418
5158
1464
129
632
953
1660
2057
2219
4926
5242
3659
2625
3432
5061
3294
953
3881
1717
1580
1745
1539
5082
3774
472
4339
2233
5130
2441
2611
2161
3994
3229
378
2370
2883
29
4508
2819
1770
3550
4934
1734
5026
4572
4753
1364
2638
3620
3422
3284
3844
1781
4281
4208
1466
3569
254
1658
5351
2749
1847
3729
1510
2954
2420
1925
1847
414
1627
4578
5146
3843
3859
755
1892
5489
5047
1166
2387
1034
4503
2143
757
1741
3187
231
1876
1555
1211
5142
5040
5450
5461
2179
1026
2003
361
2590
3784
1383
1946
3882
2973
1352
481
3158
4698
837
5287
3778
868
1135
1334
690
2236
5481
4952
4182
2565
4906
472
3742
2101
4650
601
492
1794
5310
5012
2124
922
1212
3256
3619
4617
2739
4084
747
3383
94
797
4849
3758
4927
4596
3040
5284
5002
4430
270
3403
662
1342
81
1436
3899
1071
2555
111
4913
4691
5269
4650
1430
3203
2780
224
2226
1455
1689
2011
654
2556
471
3471
1210
2705
3334
3137
1054
2055
1574
1076
1232
2057
3532
5343
5199
4722
2629
316
1715
4180
829
1515
1779
4549
1034
4249
3371
1120
68
647
3160
5362
4375
5041
3456
5117
2003
1996
3606
2920
315
5348
1318
5161
2730
1814
2801
3064
1149
3329
1148
2036
865
1565
917
4411
4688
461
2561
801
602
2941
1667
3165
3934
240
2630
5451
504
648
4343
1433
621
1722
4493
2629
3133
3499
637
3723
5192
1847
547
2051
1961
1937
518
4793
4691
2439
16
2763
4920
2816
4253
770
4159
4223
3366
1637
1548
4649
5091
2390
1795
4586
1894
1979
1153
3016
1086
2948
742
1644
1778
2717
1724
1498
1172
2282
3666
4539
4824
3274
3521
2581
1637
2833
5007
2386
4061
2569
3372
680
4736
4243
4514
4300
4523
5193
4531
1140
4050
2571
2654
5311
4340
1334
4287
1544
1449
3392
342
3198
2869
4533
5119
1942
4059
2398
3001
3973
980
380
4540
4884
1073
259
5325
3609
182
2760
495
1308
3304
3579
4461
1709
1261
901
3805
300
3407
3949
5123
2894
135
2281
2722
2102
3707
3128
5414
4737
4753
2974
531
3065
1346
4863
989
2996
2037
1403
4332
3187
680
1546
1066
4016
5437
3923
959
3917
2513
4902
1820
4690
706
2995
1131
1890
2681
2809
5318
2276
2810
2186
2726
5456
14
5295
1101
4793
54
2316
51
4301
3118
1966
4550
451
365
1640
2952
4707
3219
855
2886
1651
1730
1885
1366
2097
601
4807
1496
2469
2910
5162
2920
2716
59
4451
4702
3341
3600
229
4523
3906
3615
116
864
2850
871
1528
1513
2679
2693
2996
144
5195
3723
5131
5006
675
1035
879
4640
2269
5413
2744
4238
3969
3836
4847
972
5362
4570
844
4269
3455
5077
732
4137
4754
4080
4603
394
35
2051
133
2363
2245
730
1223
3423
3272
500
4168
12
1178
3278
1549
59
4731
453
3350
2694
4555
4194
4095
1709
2255
3361
3830
2137
854
4752
1544
4602
1642
393
2461
3182
3341
697
1311
479
1697
4726
636
117
1471
4531
2893
824
2947
4734
1718
865
2193
1335
4154
1678
882
3075
2617
503
5351
1944
3841
3206
4021
767
3761
2882
32
4869
4589
824
953
1394
2433
3034
1541
4295
1400
2192
4024
2219
2021
4352
1402
4885
199
3377
3269
1776
1618
5319
2219
3346
948
3029
5430
4669
2469
2651
2677
1591
4483
4866
2972
3669
261
1548
3019
1526
3357
616
5263
4861
5024
1396
3045
4872
1676
2457
4079
1430
4745
2274
4320
4912
4057
1384
1516
579
2605
4352
1948
5269
5157
2806
1115
929
474
1054
3885
4744
2862
4572
658
5398
1038
2680
4103
888
1735
398
636
1295
4530
5232
718
5264
2098
1410
1355
3158
2309
453
1830
913
5013
2599
2401
3468
4012
2118
4663
3837
5209
1095
2903
1447
1533
3761
5026
2089
4258
402
3925
4805
4125
1696
3395
2056
5270
2004
4988
2816
4376
831
3118
4398
1954
1762
4814
2596
5241
1413
3154
3758
4199
942
82
4181
1327
1102
1921
4267
1402
727
5125
3078
1266
2079
773
2271
1740
3317
4578
5378
919
5038
4348
3359
4619
4799
3731
4807
4804
1090
4273
1825
4135
4660
4009
2378
129
3308
5129
2011
1326
425
3112
1481
3612
1665
4191
5029
1181
1026
5253
3189
5438
2766
5209
4374
4885
737
1759
3808
1804
101
4945
5155
3327
2822
2358
3876
3231
3391
5076
4739
1624
501
4691
4062
2640
1913
1426
2745
2001
2367
3338
4003
3321
1809
3127
2742
4900
1629
4630
2523
1162
2880
4636
2465
513
3523
569
4885
4081
1234
229
3008
4194
1822
3289
1620
214
5423
3173
2437
2344
5063
3316
2794
2040
4678
3345
1935
1744
3586
3772
2556
1918
4460
4664
2569
4242
4420
1936
4407
1711
2434
2368
2903
137
1942
4602
137
3086
4704
1832
3952
90
2131
1099
3285
2954
4251
2180
4221
2072
4441
3578
3030
2731
1020
3621
1848
1262
5353
721
352
272
3886
4050
3106
2057
3774
1182
4040
1824
4868
1955
202
3158
4574
760
2611
2009
280
4230
4700
2206
2586
331
1983
1883
5446
2409
51
5093
525
4612
5350
3073
2235
4946
171
62
1420
4046
4509
2651
238
799
3503
3401
1725
2602
1394
4839
3963
5402
1840
3004
3168
3512
935
2540
4962
4246
1221
1491
2128
1955
2512
2738
1228
2236
213
496
308
4405
2636
644
3243
2503
3664
2711
904
4321
4201
1361
365
3685
3905
27
1127
3260
5120
2455
4201
4124
2001
3679
1612
4832
1130
2279
486
913
2179
4170
1158
2328
2534
1267
4986
3216
4395
3412
4954
773
2584
2415
3196
5341
528
4142
3660
2911
2187
4500
3203
4381
2637
2386
2214
1410
2980
4096
73
3012
3351
5437
1141
4418
1725
4336
3444
933
2473
904
1011
4815
3043
2424
4608
2448
1903
4651
2487
2497
4572
5203
2915
4867
1704
4113
2469
2894
2554
5404
1424
1417
4840
4349
3257
4367
1450
4019
2769
2158
3774
2250
4968
5390
4794
470
4321
626
5095
1356
1351
4943
2087
1408
158
1545
1610
4557
2627
1843
4024
2345
1152
3252
5394
694
763
2867
933
4871
3216
4475
1971
2787
741
3711
233
1447
1802
2073
465
4335
4789
4136
3601
346
3195
4620
3095
4193
3036
4013
3814
2141
2972
526
3021
4068
4207
3967
3115
302
5253
2513
4638
2623
305
3881
1508
3908
4087
535
3971
1630
2325
2356
856
3370
5395
4375
5463
3692
729
856
2760
405
277
5218
4365
2498
3392
2214
4346
4874
5454
4211
2345
2066
1089
1896
2483
525
2389
3068
2407
3022
541
3616
5118
220
802
4406
154
2533
3370
2753
4951
3832
3634
3657
3402
249
379
780
4000
468
1296
3321
4598
928
848
984
1667
553
5096
3234
2431
1526
1780
3819
4561
2720
1563
5121
4672
397
4538
975
2153
2008
3448
750
3672
857
3287
4570
359
1119
2402
1640
3667
4025
3863
1302
354
1406
431
1715
4001
5468
3672
1529
1615
314
3538
4205
1853
2432
3410
5026
387
403
1566
4645
1315
1862
4993
4879
461
4449
2566
3506
687
5140
4902
397
4022
810
4331
1735
5172
2066
70
2311
2887
4065
4192
1421
597
1594
649
5071
4122
4574
1209
3338
1803
772
4896
931
4521
2196
2456
4110
626
2830
4792
3281
93
918
1103
4024
2100
4849
1653
4084
1736
2195
1665
4577
2173
2038
2980
4933
468
2965
541
3638
2977
330
3653
4915
5238
1525
3649
1877
1515
1119
117
1127
1245
3734
3928
5432
736
5313
3858
1000
1436
5470
1200
1794
447
2390
2346
5132
863
604
5061
3896
1703
3018
2248
4409
4994
4880
3360
2585
4524
3303
4987
3570
2796
577
4197
314
4670
190
3144
1104
3242
1583
2754
235
4817
5348
2252
3117
5117
1675
4446
5472
3719
4622
3616
5460
3920
2397
5215
3321
4348
1877
1763
1602
3088
3461
639
1607
5053
1751
2496
3403
1126
309
2387
4108
313
3509
1726
3799
28
4481
47
111
2091
1827
21
501
828
1028
2743
4182
4319
5111
640
3984
4640
2480
3658
2558
2369
934
653
4297
4008
5082
2566
2970
3301
5009
1051
4446
3375
2143
321
4564
4489
1125
1485
666
3746
1380
1618
1379
1298
4507
2760
599
2455
4083
2797
4923
1166
3981
2416
2150
2292
3380
1399
384
1439
755
1303
4059
4118
3205
3399
4895
643
3475
3013
2782
2418
4146
3384
5132
547
2306
3863
27
987
3338
4777
1074
3397
837
2841
3487
1562
3144
3171
1762
2025
4321
5048
4064
433
5063
3054
713
387
3843
5212
838
1072
3906
4529
241
627
252
1642
2276
2903
5237
1421
2892
4772
2718
3739
759
5154
2094
2538
4757
150
585
3943
3052
4980
5197
4966
4473
1116
2427
4904
2016
2849
592
2912
1783
3698
5325
5349
4283
3819
4784
1730
2568
4372
4075
2447
4882
4549
2606
563
2904
5273
1664
2835
2036
1599
242
5418
4371
3594
4664
5205
5162
3371
4524
3033
4681
4985
2240
2795
5411
3067
710
4611
5142
4646
4830
2360
2629
5245
944
4719
3979
3188
3606
1394
3766
4882
3188
675
1451
1649
4262
4988
316
1747
3874
4801
1367
3542
2718
476
1953
3695
3296
4845
2163
1800
4173
2631
3807
191
4455
1849
1107
482
1034
548
3345
1065
4641
68
4570
3709
860
4149
2177
1266
2933
3300
2854
1330
1947
4754
3396
1699
442
3620
3990
215
1265
3899
45
2552
3376
1474
1186
1379
5274
1786
3342
1172
330
2142
3359
34
4140
2911
141
3430
114
717
465
5302
5155
1938
5156
1828
972
3263
1295
3532
38
1633
969
2402
4527
3485
2199
3167
116
3048
3251
4371
2102
1776
763
1448
1516
3451
2300
2229
4681
5185
4336
3313
1502
439
41
2240
3490
1046
3563
1794
4159
3557
2601
3375
2884
2951
4899
1698
1161
2369
4766
1851
5159
5063
2037
375
1909
3236
3138
1561
3054
4671
344
3782
1187
5347
4360
4580
5291
1578
1053
804
998
2382
2693
3209
4043
1580
1356
1229
2673
5005
1239
210
4319
3430
3981
3607
3439
295
4836
2848
3968
4088
3248
2695
3380
5118
5008
3441
3988
4411
2141
3540
4693
2380
2119
2666
3147
2219
1985
5274
3224
274
4948
3801
5023
5018
5475
232
3498
4911
1002
921
4084
3523
3084
4671
1483
1161
1381
2397
1617
5200
2176
1237
1157
3348
3953
953
4569
3357
4174
4218
1586
978
3335
4657
1099
3071
2676
4939
4481
1589
3706
4863
611
5133
3665
2358
4441
944
804
3474
762
5314
3853
4767
4002
838
2694
994
2693
3925
1196
3046
1302
3981
1840
4024
2959
2740
4819
3478
3485
2429
878
440
679
286
5149
2771
5130
1958
2724
1642
2931
2689
948
1566
4344
1962
307
3928
1827
4924
98
36
385
1904
3757
1368
3903
4818
2148
1238
2379
4286
3713
4631
504
3721
4743
28
1429
2720
2589
1091
4215
740
1013
4902
3802
4782
1879
3845
399
1601
5204
2106
1851
4890
3348
5368
2350
5040
3024
2636
2301
4
4996
4900
960
3586
2424
3308
1260
3233
4240
3760
328
4719
3145
4143
3966
1961
3462
4512
2189
2505
919
3734
2720
2341
2800
1152
2305
979
2082
4223
5055
4757
4510
3891
3001
5439
254
3856
1741
3830
3176
5232
2636
3823
3251
3489
426
4377
3536
1485
5328
5164
1226
3466
212
482
1230
4831
1196
1882
2002
1346
255
2666
4699
2232
1705
5205
2604
1318
5461
1062
2361
4577
1056
5352
5052
204
4779
1238
3010
232
1837
3209
1117
3444
1586
1995
413
3467
2267
1174
2277
3723
4747
5222
4935
4499
2766
4991
5390
103
2816
2810
1687
3882
696
781
3578
188
857
5474
5219
4670
5124
2180
2933
3682
2839
4388
3857
4567
2418
5115
4710
3133
2580
4095
1751
2717
501
3003
1573
2255
901
2174
3707
4843
1479
4495
1907
2637
5227
3070
5160
197
1645
3491
1253
3219
167
1156
2159
2855
4364
3676
2417
455
4574
2053
4874
3160
5113
3161
2924
3115
1050
3813
2168
944
2719
4518
159
4848
1195
3273
23
3430
4047
3263
2809
3999
5306
2856
3449
2271
4247
4701
2290
635
4553
3585
4229
17
5124
5258
1528
925
3865
2644
4247
617
3810
1477
533
2911
4335
5348
5466
2166
3296
4727
1537
1726
2460
5264
2486
4739
3789
908
2302
984
1809
2971
3398
1497
4476
5190
2779
4190
4187
5374
3279
5243
3073
1480
2273
1092
2924
4090
2001
3719
510
1249
3990
740
2836
4251
2183
96
4335
1954
2736
2878
637
782
2895
3950
1930
4332
3851
2783
2556
3468
64
3880
4412
1472
1667
3145
1010
581
4406
3319
2394
3373
2763
3481
1112
3141
1922
3196
1348
2374
1385
525
5071
4347
5428
1482
670
629
3996
1407
3820
413
3794
4877
350
4573
2815
4732
2377
2893
3551
140
4040
784
3997
417
2002
88
3278
540
682
3106
3388
2502
2377
17
95
2911
4428
3236
5008
2633
2258
722
3394
4726
5033
4042
1130
76
5044
3391
3036
2112
159
1038
5143
1652
4923
229
5451
3649
2539
730
5197
5179
864
2669
4998
4739
4627
914
5497
2563
2192
4430
2143
3404
4955
12
300
3964
1036
499
3155
4609
1817
1134
697
4854
3526
3999
3874
953
1708
3967
772
3029
4003
702
3324
1448
4241
5098
1114
664
2408
1367
4821
4601
2501
3826
127
1554
4345
324
1830
1225
3428
4945
3735
524
1737
2315
2602
406
3133
5481
2422
5124
3076
41
1530
2472
5396
865
1056
4
1431
4614
2833
4959
5407
933
3657
3833
735
3107
3980
731
3833
750
2610
4760
3214
2696
1459
3602
146
5039
2998
2601
561
2134
3695
4226
4341
1699
5366
2446
2789
1013
314
4600
4064
5188
5013
4085
3206
271
1614
4383
2188
202
4253
4496
123
3376
4090
4159
3127
3550
3628
1194
3711
4184
5095
1806
2676
687
596
1992
4013
5464
4292
2330
414
4320
864
3998
2726
301
4275
421
2769
4396
1640
1494
1558
3847
4406
335
4647
2365
1557
4973
3246
3724
3435
4792
1620
1898
2646
2437
2605
1122
1992
436
819
3001
725
4520
534
1472
3095
3497
3739
5033
1524
1120
4191
3930
4711
3948
3327
4441
3000
5104
390
237
4113
4712
2015
699
2925
178
1067
5400
5297
4922
496
1774
620
4003
3339
3549
1707
3783
2884
5489
1504
1800
5128
4933
4005
4421
2211
2177
4557
2321
1370
4768
4656
2310
4087
3207
420
941
1408
3038
787
3971
13
1860
4385
4863
621
1820
1597
1827
3338
4547
1724
296
743
3687
4413
4966
4427
578
337
1187
1384
1652
3853
2046
2881
1105
2164
3287
336
2959
4738
253
4826
814
1669
2812
4060
2900
23
733
2590
2827
4873
2235
3882
3317
3827
1975
1491
56
3259
4133
630
4446
3854
1328
3597
3254
536
3876
4598
2719
3087
383
3743
1673
931
2199
2375
4358
3329
2749
2783
930
4949
809
4891
2702
3261
1288
1270
1698
1055
1157
4313
4801
3270
1281
287
2689
2156
3201
4412
2291
929
3229
1459
4040
2407
434
988
4321
2626
2376
415
828
3999
3809
4391
1515
429
1229
254
2464
269
2818
1337
2054
3373
1243
2890
4820
4492
84
496
1511
5325
1536
2755
2000
2450
3799
4821
1942
3382
3792
2832
597
876
1325
3201
916
1434
4070
49
224
4722
812
1182
905
1900
4039
4699
5192
2289
2450
4307
1934
3994
1370
799
2705
883
1332
1571
2896
2029
3894
272
4255
2250
3080
1879
2392
2648
4567
2116
4983
3581
1899
3455
2273
5210
638
4358
263
3370
520
5037
409
3352
3140
4879
2518
4414
1247
1134
3348
2928
3063
4821
465
832
862
19
3651
4264
1889
1570
160
5291
403
609
2603
4663
1526
5167
3897
1835
4381
2614
539
1243
4078
1903
4907
992
5282
1446
5058
1866
125
687
793
2647
1060
2686
3194
2241
3722
4613
3077
4339
5016
1796
4630
476
4641
5242
3597
4400
452
1505
1221
3904
793
630
2785
2412
2279
1106
737
2559
3358
4700
1679
5261
3356
3912
313
1164
167
563
4930
3025
995
5136
1347
5364
634
1623
4508
4754
755
1344
2375
2570
4143
3941
1668
1246
945
2559
157
5420
2753
539
473
2825
5071
2501
823
1847
1077
129
3324
5497
4926
2289
2805
2167
1068
2665
1450
3701
4873
569
5176
2833
1437
3336
2479
3147
3051
3646
3348
2751
3018
3807
928
3492
2321
2492
1261
2732
4214
3103
2039
2644
3766
1614
4277
3422
3797
4881
1614
5051
5222
2857
361
1250
200
935
1319
5310
3667
1012
127
5323
1344
3389
2211
536
91
2163
3991
4455
4864
3165
958
3701
5036
5013
1827
1860
84
4635
2100
3234
3550
1315
2385
2072
671
3746
1160
2207
996
2276
3341
4561
4605
3361
5087
1468
1927
4792
1632
4114
2721
4615
642
4180
3586
3816
2846
3641
1409
3643
1149
1417
4740
4129
4264
1211
1537
2592
613
926
2574
3789
5320
5091
1620
2383
5039
4416
3979
2628
4096
1703
967
372
2790
1674
3370
4896
411
1317
968
3009
3409
4617
1475
3413
40
2508
4972
3955
4234
564
3269
1174
4456
3196
961
4466
4881
5017
957
3459
784
4909
997
5441
4743
1818
1402
3861
4425
173
1173
3688
3667
4125
1496
1789
1507
1229
1059
3165
1684
2296
2245
1488
398
2625
4148
1779
2373
986
2175
4504
3888
1849
2887
750
4284
1560
3568
2018
3817
2652
2652
525
3120
4313
4916
1379
4753
341
4902
443
31
4807
1570
4863
4354
4749
381
2843
1916
3583
3812
2257
4623
5298
4465
543
1266
625
3546
4985
2
2859
4713
4716
3871
1097
4447
3812
1623
5465
2785
1361
1518
2896
2109
1095
1983
1440
4113
5259
4014
4612
1075
3712
730
2496
2471
1952
1021
584
3886
2076
225
2592
4416
5077
3665
3938
2597
5183
1485
2655
1208
342
4726
5139
3056
1252
1041
4426
742
58
3650
3226
3774
4602
2204
5343
2165
1728
4984
285
199
4112
2681
582
3002
1044
1850
2607
5243
1326
3498
1926
5119
2200
2715
656
1708
4673
6
5168
1617
351
3377
1817
2852
859
2870
668
1987
1977
4731
1121
2465
5381
5431
3250
5193
2904
3253
5456
555
3611
2578
4955
950
365
1611
2648
4926
5399
3412
3285
34
2601
690
4391
4781
3491
4004
5226
4325
4189
3516
830
2728
4710
3219
3414
3394
3835
3538
1846
1611
2075
167
5308
1081
4622
2025
5090
704
2474
551
825
3078
2429
5226
1234
3133
2169
1941
4970
4051
3977
228
5431
2596
1129
2348
1353
4262
2131
4779
4984
4013
1830
3994
3788
5108
2375
1131
4038
3568
5214
3740
2033
1171
1039
261
1673
580
2338
5041
5011
217
2536
402
1713
1313
3936
4183
7
2363
1673
3989
3354
1467
2920
1050
3620
5343
2647
1818
3361
3908
1599
4550
2580
3331
4291
2746
616
3626
3679
689
1657
396
452
4744
86
2419
632
1039
4281
787
5264
23
4253
2275
4660
1345
158
3779
3084
3077
4666
1450
5452
382
1030
1913
1629
3969
1248
607
5141
4793
4644
302
3427
4798
2733
2054
5025
1829
434
1533
5490
3406
1020
2307
835
4915
1021
158
948
4345
5213
5249
3763
1356
3412
3060
4348
699
3100
192
379
1748
4137
4404
286
3089
3382
191
3855
684
3494
4816
4393
3577
5343
1030
1002
1589
917
3906
4124
1393
234
693
4558
1651
1449
366
670
2308
3213
3647
4084
3779
4191
4619
1473
3977
3574
400
5365
3529
4113
3106
4334
1878
4419
1744
3451
4683
1787
429
3848
1206
3078
4038
5066
2668
989
2370
1361
3039
705
5305
4111
2366
4862
2309
1016
1497
1660
4818
572
1044
872
4282
1561
1489
4254
581
942
572
2266
853
1975
1371
2832
3299
1554
402
3880
4828
4882
3081
2742
3099
3393
1475
3599
2092
2867
1826
4036
2682
2460
736
5314
3208
3406
71
2171
2773
2009
4621
4114
4212
5483
385
1201
166
1492
3802
4327
1944
4508
3529
2300
4291
5062
137
509
1995
525
1047
2911
3326
1517
1066
4144
3964
5357
2620
3067
884
4150
5253
288
1564
4466
2688
2432
854
850
5412
3765
2174
4137
1816
397
3479
754
3670
3396
3298
2915
2117
3804
4116
4699
589
2993
3810
2985
3575
3620
2310
4371
3381
1974
4876
4909
3787
3013
3716
605
5227
559
2118
1551
1086
135
4125
4073
2847
28
460
2313
2935
3779
5319
1734
46
4189
3258
1787
4481
3049
2011
4910
476
1487
1636
2112
4903
584
630
1237
3571
1464
1396
119
586
1658
2991
162
4803
3066
2659
1847
3006
2677
266
4085
40
2184
1268
2540
1826
2886
3815
2011
4999
4332
476
1299
3359
1526
3345
3426
2257
4200
3808
2133
241
2384
668
2098
2359
97
554
4265
2510
1721
2855
1185
2896
3699
748
4477
4700
1012
4382
2656
3970
1947
2280
2510
2192
3298
5209
1624
3889
3415
138
4701
1114
1815
884
5265
4698
3138
5253
702
2766
107
2849
3738
729
2077
2823
2117
642
4046
4205
2560
2396
4695
880
4708
1005
637
3867
786
1094
2150
1618
4319
5178
1762
894
5479
1421
4168
4312
3916
734
4380
5076
416
3181
4091
1331
5167
790
3957
2338
2442
578
3369
4592
2138
5115
1125
329
569
4257
5176
1429
3066
4776
1082
1092
3096
3527
3327
235
4977
5284
1626
1696
1163
4877
2439
5061
1418
229
987
1207
2759
71
1955
4144
3772
4941
4124
4941
5401
2322
3425
1733
1715
4161
942
897
4171
2665
3415
4047
4882
4189
3248
4737
4890
543
2555
4054
747
1146
2730
1798
3703
2760
1372
4284
2862
2581
306
4377
2946
2451
1490
3144
1586
2760
5286
2865
2802
1347
3929
3682
4710
3100
1187
3023
4515
3355
2227
3992
722
1137
3518
3201
4970
1712
5425
3405
2816
1036
4885
379
2372
1139
658
4488
3387
1374
3406
2385
4515
3572
1292
1561
4931
2839
933
5478
3920
5048
973
2813
4959
3744
4797
2834
723
860
3156
2685
1393
4684
2159
3321
1814
2096
4413
3043
1946
1943
4103
4407
2879
3133
4892
4285
363
102
4321
2394
761
4115
975
1936
5229
3341
5293
1951
667
588
2996
2449
1242
2309
1199
609
4182
3631
2632
5068
2478
1350
1292
1216
2198
1041
5474
5436
1947
3494
5195
5091
3432
5108
1572
1924
4158
480
541
135
3707
1839
4341
774
4863
566
2158
4782
1582
735
3654
4270
5016
3816
3130
4732
1011
3905
1013
2316
3511
295
4980
758
3560
3298
3837
631
3988
1890
5122
338
2980
849
4212
5182
3376
592
2463
5176
1663
5229
1979
3807
3016
3236
3119
4368
3328
3552
2681
1439
4467
1156
2143
1949
3276
17
733
552
852
5135
3159
4540
1669
1075
1360
5147
4485
555
1622
5495
1040
2224
5304
4818
1250
4951
3041
2974
1195
3371
3007
2503
3615
1370
3197
3982
4913
3122
4152
1703
1965
2722
2392
1589
2921
1265
2465
4856
3586
3638
1688
2507
1799
785
1983
1391
3646
100
1256
2432
3361
2738
1286
3418
5106
2636
5268
5075
4111
5225
915
3244
3165
4799
3033
201
4583
494
599
980
1890
4325
1523
2312
4830
4339
4803
2098
2984
1572
3934
2720
1577
1820
170
5118
1481
2063
3690
2246
2442
193
1804
1855
4942
424
1411
2620
3312
23
1799
5141
462
2813
2305
3146
459
1999
1241
3423
2663
2091
3989
2384
3601
1346
3812
2410
1632
3398
678
1609
517
3991
3998
3896
2606
2022
2361
3458
1464
1208
3761
5406
5022
670
2718
2505
511
4973
2975
5102
436
556
1216
3335
424
4227
3219
4354
2839
530
1225
1882
4418
1766
1366
2711
1619
932
1336
1159
667
1392
1107
4327
4642
371
3061
1021
5089
4188
2572
5319
4211
2739
3688
316
4541
2240
2363
1494
2698
4523
1402
344
3691
995
1442
1324
2030
396
2526
3267
2749
4443
1427
3368
4513
33
1142
3391
3492
2133
296
707
212
3858
252
3369
1149
5380
1912
5286
3228
312
521
3607
3193
4678
2489
743
3042
4566
1206
5355
2845
4254
4200
1281
3949
4179
2117
1177
791
2319
4340
1916
1318
962
3836
3437
1752
2436
4963
3170
803
1241
4779
5151
2712
802
395
425
3945
2467
225
397
2257
1009
335
1462
2344
2206
3151
1240
1564
4479
3323
2707
3763
2086
1949
1492
2017
5219
1003
2570
2877
5296
1611
2751
1539
5183
4245
3308
3413
763
5213
1935
1323
1415
4702
5059
3519
454
3255
2809
5317
2940
4562
4897
3397
1060
1606
1874
1922
4566
3717
4090
4831
366
2301
3286
3508
2822
3318
14
207
829
2341
5339
5388
2669
1835
900
378
1366
4449
3674
4866
4519
1531
3480
1425
2464
671
1987
1177
3569
1251
1283
2360
2986
4177
497
2345
351
554
1145
3011
378
1861
4547
3495
2526
926
3298
2176
2331
5102
193
4229
788
904
3366
3707
1947
248
2835
5427
843
1148
1719
1550
2862
1844
3193
891
853
1090
4987
4093
3529
69
2129
462
5499
2130
3011
827
2340
625
2393
1193
378
1245
1249
5186
1101
2826
3986
2624
833
2373
1115
2603
2306
2521
2478
3114
2705
1953
1842
1072
4311
842
5187
839
624
2763
5284
4825
1294
206
3525
4281
2177
2848
3507
428
2889
3132
2645
2688
4434
360
3940
5344
4307
168
3592
558
5075
1671
3160
2190
3159
296
1956
3647
5460
2569
3042
55
5036
3882
4783
218
598
3403
3963
115
5219
3010
310
4043
2103
4200
2108
3717
1761
1594
4840
1466
3350
2129
1872
3609
1650
1429
1236
1446
92
3257
3924
5021
4979
3463
1350
2036
2309
2561
389
3320
2569
2045
2314
5312
1819
3877
2485
2750
5435
5382
2392
2588
4014
1442
5162
2274
2500
4983
4659
3264
3895
4390
2785
5311
3746
4076
2314
967
3538
3099
4576
3699
161
1900
858
3928
1819
1876
4185
1127
4774
1429
2217
406
4504
618
2626
4821
3600
2545
1189
1597
4733
1532
3467
2168
5102
2386
4095
4014
1999
3792
5462
5296
19
587
3668
3255
1363
3803
5006
3115
1825
3709
3116
1909
2584
2629
4076
1469
4447
4980
5158
4712
2264
3675
2989
2189
3183
2643
2141
2114
1471
1040
502
1006
4148
5091
4646
429
270
501
1191
907
4581
1476
1523
2820
2541
2340
808
4292
5212
3231
2194
4114
2434
1168
2086
822
3800
638
536
1280
1484
4207
2564
4883
5155
1779
2450
3089
80
2663
3468
3743
173
2793
3672
4101
5116
1846
4798
2748
1476
2018
3525
1811
1447
2127
4980
3903
3138
440
1696
2686
3058
3550
501
4025
2057
2027
4842
2577
2663
487
4513
3519
4606
1537
3126
714
5180
1100
3774
2418
1190
2409
1979
5279
2496
1290
3570
388
3788
2231
870
816
1811
2056
3379
725
278
3256
717
271
604
3560
254
2751
1328
5359
2549
3861
22
1321
876
3002
1983
3213
5216
4998
3369
863
4240
1085
3519
3937
2636
1356
808
338
2447
3091
1345
4501
5499
3020
3786
1667
2495
4038
3122
1527
2704
2476
3526
1585
2264
4284
2622
4853
3193
2415
3573
209
1054
5189
1470
5330
4407
4224
3680
970
2973
2118
1267
2538
4980
1140
647
3519
3596
3406
984
2550
2921
1499
3331
2932
2243
4971
3248
5029
5268
3288
3408
1353
2328
1213
3422
3456
1928
2882
3844
3226
3870
5155
3387
1491
16
255
3115
3988
561
2925
4016
1015
859
340
4833
3331
3867
4320
4677
3986
3331
2803
4432
2549
4058
3861
5062
2945
41
1988
1943
4002
1568
2207
1190
2761
563
920
2375
142
4646
3592
5491
2590
3278
2946
3222
3409
2910
279
3364
3815
3404
1153
3258
4947
225
653
2987
5469
1692
207
4675
1924
2645
324
4872
4559
3909
3197
1171
2246
4019
986
5328
4951
4038
2464
207
490
4822
2344
2174
4116
5273
3533
3493
1123
5255
729
433
4242
3119
1438
3032
4014
5463
5019
4464
1910
5442
916
3270
1455
869
1077
4813
2587
1528
2779
4491
4863
1809
2667
5110
1302
160
4109
4263
2348
4525
1616
1543
294
4164
3355
727
2756
1800
815
1906
3149
4614
4378
3161
1889
1794
4183
178
2601
2306
1315
2867
2903
1253
4020
817
4632
783
1583
5256
554
3396
927
834
2233
2766
4060
2032
4292
3878
3698
4851
2888
4477
1850
695
5061
147
4745
28
4570
961
1195
818
4254
3488
3526
615
4606
993
360
1917
405
174
698
4497
5173
697
466
1242
928
4943
2466
1251
3087
915
2410
3409
3214
4461
2323
3107
4416
1645
4817
3686
4720
1097
3430
927
4340
4206
4348
2178
4422
2153
3049
3365
580
3560
453
4910
3199
2882
2040
1269
3215
4877
4564
2666
2484
4982
1365
3102
377
183
3775
2499
3230
1612
328
4121
4459
706
691
3530
588
4303
4684
178
4925
4293
869
4111
2534
4335
996
4978
4819
2945
593
2319
436
1176
1135
1270
4465
2889
5438
4882
5480
245
740
2706
2399
1573
3305
4490
1083
46
1463
4547
3529
5163
3333
1714
3788
3158
3958
3286
991
2501
4513
1048
2329
1722
5320
4346
3270
2485
178
3447
4020
960
734
1794
3174
4755
4537
4597
4247
2321
5365
4992
755
806
3703
1842
3013
2887
3473
3812
3404
3523
2576
4984
4851
2516
1425
4171
2662
1485
335
2829
4368
669
1265
1208
3346
1264
1044
4880
5117
979
491
1710
3279
1154
3069
3912
4422
5042
2710
4548
4505
4557
2770
3855
1851
3633
3378
4260
4857
507
1253
2957
3467
232
2446
2377
2018
2212
450
1426
1852
358
4025
1769
4285
3472
2260
3096
3189
3859
5154
4627
4554
1782
1354
574
5408
2903
3655
4234
4077
3998
3511
5014
689
4225
4705
2136
606
775
4847
2116
4649
3473
4807
2376
4306
2426
1608
1089
2884
3486
2442
4089
624
1405
58
3185
3458
2101
4424
4389
2128
3505
1926
441
3567
4440
2126
3730
2839
4497
4367
282
255
5360
2992
1416
685
3177
948
612
3539
5359
2337
4113
3098
2004
344
5416
2401
1915
2900
196
3125
5410
1586
2774
4864
2117
109
311
4220
2987
805
351
3722
199
2930
3644
4542
2790
318
4944
2809
4327
1450
824
3368
254
3180
1321
5102
321
957
5231
2961
3656
2279
232
933
1749
2745
3134
2102
683
5302
2740
922
1922
4015
3493
1810
2623
4292
2818
5118
4684
1280
3413
5210
2627
3308
3179
1048
4975
5353
980
4875
1287
3065
3363
160
1238
3676
1667
2343
5395
1931
3620
1228
910
4800
2267
2732
1905
915
5293
1978
2980
3644
4785
4873
2463
1631
1360
3692
214
1397
2600
4347
4947
2971
1973
3059
1974
1428
3715
1421
1725
2229
4992
5439
2257
3689
2177
3364
3697
5467
2686
2902
5441
3550
4715
220
2666
2896
4689
1644
892
588
4858
3741
3344
66
3387
1802
3559
4686
794
4783
5379
47
4843
748
4008
4205
844
2307
4122
4999
2605
4025
5281
2286
3657
2892
4008
1980
317
2214
4510
3744
2960
3162
5286
3618
4960
1291
4279
681
2987
2762
2427
432
2418
4041
2191
3994
2295
704
3135
3265
3377
3447
5158
5100
3896
4840
789
2871
4616
4138
589
67
4718
4793
1414
631
5065
4056
168
2839
3859
5197
203
2667
3021
1636
2283
318
1395
1779
4062
3055
3194
1697
682
1055
2202
560
1214
4953
1056
3311
5059
614
1889
2131
2930
4881
2873
3357
2444
3130
4078
2240
3210
5077
2211
4045
2474
1062
3987
533
3290
2094
2666
1729
1712
1301
2679
3128
1513
1381
2555
3092
3874
4597
4101
2214
1943
2612
4538
844
3806
3451
5219
2856
3748
918
1840
2206
5138
3194
1020
4813
1039
2414
2262
3662
519
4444
4606
