46 0
9181 5857
6977 3181
1019 2341
2699 4021
2351 9613
5507 6389
4789 2371
3929 3319
9479 8369
7577 6571
4733 2687
2269 6599
4547 2203
7963 1097
6101 9629
4783 9227
1129 4463
5297 3109
8237 6217
7013 8693
8287 4691
6367 4093
8951 4157
8093 8297
3229 5303
8387 1303
3467 9221
6271 2593
3491 7673
5021 6871
2539 5521
7481 8731
8419 2521
8317 5849
4091 1433
9679 9127
4643 8821
5413 3793
6551 7829
7949 8017
3529 3691
5351 1171
4507 4253
2011 4051
7963 9181
3319 3863
