91 0
4793 9341
4987 8861
8353 4649
7951 2153
6173 2503
4271 6719
1613 4391
2087 6121
8293 1013
8263 1117
8747 9161
2939 3191
4003 2521
7333 3697
5569 6563
9181 8011
9623 4759
4337 9491
6703 2113
8431 2671
7603 5527
6911 8443
6827 2053
8069 3329
6451 5437
2069 9931
5953 6967
8377 3067
2713 1061
3109 9377
1847 9391
8831 6361
5039 2749
4831 9547
4817 5581
2441 2399
8941 8059
3727 7537
8423 1667
5749 8461
5653 4673
4139 2459
8647 6701
1499 7547
1999 7507
9721 4937
1723 4931
7039 2237
1987 4441
7069 3967
9791 9311
9629 8117
7027 5669
6343 4297
1811 4373
2543 9851
7583 3709
8693 6779
6221 3217
6491 1399
6491 8009
5471 8893
8419 3271
3041 9041
4229 3877
3257 1709
5297 2999
7687 9769
1123 6451
2971 1579
4283 2411
5051 3083
5231 5449
9161 9871
1801 2377
6857 5503
4787 5897
8887 7753
1297 2383
1627 4397
9319 2897
9941 2789
5737 8597
6977 2281
9649 6733
6997 4397
1009 3011
2357 9811
8677 6389
1399 8573
3041 1669
