80 1
9049 9209
7873 6047
7529 6053
7109 8681
3797 7867
3319 4877
3137 7247
6337 9497
1297 4021
6301 1553
8689 3593
5669 6271
9743 3037
3779 6653
1151 7673
8731 6217
7213 1019
2381 9137
4877 8311
5507 6367
1543 2273
6221 9721
4733 7853
7457 3929
3889 2143
5407 7669
6053 8017
8353 7001
7417 7411
4591 1523
4373 1889
1301 6373
5449 5471
9001 3061
1483 8599
6737 9661
7823 8867
9787 8929
9127 1549
5077 2383
9973 6833
7103 9719
3701 1871
3049 9239
5279 4153
2053 5437
7321 7417
3631 4421
3371 1223
6037 1471
9533 2957
1987 9923
6701 7541
7529 8513
7069 8467
8737 7927
9431 8179
5939 8081
9679 1951
8737 6761
9403 5939
4493 8429
3361 9049
5393 3011
8513 3467
8311 5503
7331 2971
1723 4657
6949 3733
7177 8807
7603 5857
4261 5477
8831 8273
8059 1621
3271 8171
2711 3919
6829 3089
3413 3203
3623 1523
8147 4457
