100 0
6529 1301
7691 2341
7559 6581
7823 7753
6337 4813
9001 4919
3911 6607
4507 5413
3181 3433
7753 4493
3779 1109
8537 6899
8093 9719
6037 7331
4217 5669
2053 2437
7057 9239
2777 2753
4289 7237
8537 7321
2741 6863
2473 9679
7901 1259
7321 6529
7699 1621
5557 2287
2129 1531
9203 1789
6701 5449
7349 9901
9403 2141
7753 8369
1193 1481
6553 6911
4493 6791
3583 1627
6397 7583
5197 7109
3373 3623
8783 2971
6761 6997
1741 8609
9857 7723
6389 2467
5821 8597
8539 7877
9743 3121
6257 8969
4447 5483
6131 2753
7487 6151
8623 4951
2767 8609
2011 3709
2861 6977
1291 8101
7741 7129
8123 2791
2521 4789
4993 1609
1949 9859
5987 3119
3167 6661
5351 6121
9749 6317
6269 1489
9439 7639
3643 4813
7237 9829
9283 1571
3697 7187
4933 8741
9851 1571
9421 3733
1601 6317
4789 8243
4243 1181
8573 1303
6079 5981
7669 8501
9901 2333
3559 1747
2833 8893
2663 6397
9677 8641
2939 1399
6661 3727
8941 8923
5209 6037
7867 7841
2851 1237
8761 6571
5923 5477
3691 2311
1693 6983
4091 9491
2521 3019
2243 8719
6827 8923
4457 8009
