1000 0
1 0
1 1
1 2
1 3
1 4
1 5
1 6
1 7
1 8
1 9
1 10
1 11
1 12
1 13
1 14
1 15
1 16
1 17
1 18
1 19
1 20
1 21
1 22
1 23
1 24
1 25
1 26
1 27
1 28
1 29
1 30
1 31
1 32
1 33
1 34
1 35
1 36
1 37
1 38
1 39
1 40
1 41
1 42
1 43
1 44
1 45
1 46
1 47
1 48
1 49
1 50
1 51
1 52
1 53
1 54
1 55
1 56
1 57
1 58
1 59
1 60
1 61
1 62
1 63
1 64
1 65
1 66
1 67
1 68
1 69
1 70
1 71
1 72
1 73
1 74
1 75
1 76
1 77
1 78
1 79
1 80
1 81
1 82
1 83
1 84
1 85
1 86
1 87
1 88
1 89
1 90
1 91
1 92
1 93
1 94
1 95
1 96
1 97
1 98
1 99
1 100
1 101
2 54
4
4
1 102
2 61
1 103
3
1 104
3
1 105
1 107
1 108
2 96
2 85
2 46
1 110
4
3
4
1 106
1 109
1 111
3
2 4
4
4
2 64
4
3
1 115
4
4
4
3
2 104
3
3
2 94
3
2 94
4
2 48
3
2 65
1 112
4
3
2 18
3
1 113
2 43
3
3
4
4
2 112
4
3
1 114
4
2 5
2 45
3
3
4
4
4
1 117
4
2 35
4
1 116
1 119
3
4
4
2 34
1 118
3
1 120
1 124
2 22
3
4
2 39
2 113
3
4
2 5
3
2 1
4
1 122
2 62
3
3
2 85
4
2 114
4
1 125
1 121
1 123
1 128
2 69
1 130
3
4
2 7
2 62
1 126
1 127
4
1 129
3
1 132
4
2 101
1 135
4
1 133
2 71
2 113
2 133
3
1 131
3
3
1 134
2 70
4
2 69
2 116
1 136
3
2 130
4
3
4
3
4
4
3
2 105
2 45
2 120
2 102
1 138
1 140
4
4
2 127
4
2 13
2 79
1 139
3
3
4
4
3
4
3
2 12
4
3
2 123
3
1 137
2 14
1 143
2 3
3
4
3
4
4
3
2 71
1 141
4
3
2 68
2 131
2 54
1 145
2 119
3
2 98
1 142
2 95
1 144
1 150
2 125
1 147
4
1 148
3
1 146
4
4
1 149
2 28
2 81
2 52
4
3
4
1 153
2 135
4
2 34
1 155
1 152
3
3
2 45
1 154
4
2 27
2 110
1 151
4
4
2 11
3
3
4
3
1 156
2 153
1 159
3
2 82
3
2 159
2 10
4
1 158
1 157
4
2 66
3
4
3
1 160
4
2 69
4
3
2 114
3
1 165
4
3
3
3
4
1 162
2 12
2 3
1 161
2 127
3
2 111
3
4
1 163
2 79
1 164
2 151
2 98
2 34
4
4
1 167
3
1 170
3
4
4
2 15
3
2 59
4
2 0
1 166
3
4
1 169
4
4
3
2 141
3
1 168
4
4
3
3
3
3
4
1 174
1 172
1 175
4
2 63
3
1 171
2 129
2 68
2 114
4
1 173
4
3
2 16
2 7
1 176
4
3
4
1 177
4
1 179
4
4
4
4
2 173
2 30
1 180
3
3
4
2 117
4
4
4
1 178
3
3
3
4
2 171
3
1 182
3
4
3
2 92
1 184
4
1 185
1 181
1 183
1 189
3
2 46
3
4
2 27
2 58
3
1 186
3
1 190
2 19
1 187
3
2 157
4
2 145
4
1 188
1 192
2 38
4
4
3
2 69
4
4
4
4
2 95
4
2 111
1 195
1 193
3
3
2 9
3
2 179
3
2 142
4
2 85
1 194
3
1 191
1 199
1 197
4
4
1 198
2 75
3
2 105
2 198
1 200
4
1 196
4
3
2 115
4
2 140
4
1 201
4
4
3
1 202
3
3
4
4
1 205
4
4
3
1 203
1 204
2 171
1 208
2 63
3
3
3
3
2 164
4
2 34
4
1 206
1 210
1 209
1 207
2 87
4
3
4
2 184
4
4
4
2 157
1 212
2 101
3
2 194
4
2 56
2 89
2 192
4
1 211
1 213
4
2 13
4
3
4
2 99
3
3
2 94
4
3
1 214
2 147
1 215
2 154
2 187
1 218
4
3
3
4
3
4
3
2 105
1 220
1 217
1 216
2 3
1 219
2 81
2 110
4
2 216
1 223
1 225
3
4
1 221
1 222
4
3
3
3
2 12
2 142
4
1 224
1 228
2 16
4
1 226
3
4
1 229
3
2 57
2 92
4
3
4
1 230
4
1 227
4
2 38
1 235
3
1 233
1 231
2 85
4
1 234
1 232
1 238
4
1 237
4
3
1 236
3
3
4
1 239
2 159
2 108
3
4
1 240
4
3
2 32
2 169
2 59
3
3
4
2 198
3
3
2 204
1 242
3
3
1 244
2 117
2 179
3
2 127
3
3
4
2 15
1 243
2 141
2 42
4
1 245
4
2 209
2 18
3
4
2 233
4
4
3
2 133
2 95
4
3
4
3
4
3
2 243
2 104
4
1 241
3
4
4
2 227
2 190
4
2 4
1 246
1 250
1 248
3
2 166
2 143
3
1 247
2 72
3
4
4
3
1 249
4
1 252
3
3
2 3
3
4
4
2 140
2 123
4
2 69
1 254
3
2 13
4
2 172
3
3
3
1 253
2 211
3
2 195
4
4
4
1 255
3
3
1 251
2 94
3
4
1 260
1 258
3
1 256
1 259
4
2 229
3
4
4
1 257
2 163
2 201
2 59
1 262
2 0
3
1 263
2 147
1 265
2 157
2 149
2 57
1 264
2 242
3
1 261
2 122
1 270
4
4
1 268
4
4
3
3
2 137
4
2 132
2 37
3
2 28
4
4
2 217
2 214
2 65
1 266
3
2 169
1 267
1 269
4
1 273
3
3
1 271
1 275
4
3
4
1 272
1 274
3
2 255
3
4
4
1 276
1 277
3
4
4
3
1 278
2 181
3
3
4
2 87
4
1 280
4
2 72
1 279
3
4
1 282
3
3
3
1 284
3
4
2 241
3
3
2 220
2 118
1 285
3
3
4
3
1 281
4
4
3
3
1 283
4
3
3
4
1 287
3
2 216
2 268
2 261
1 290
2 147
2 251
1 289
1 288
1 286
3
3
1 292
4
4
3
1 291
2 110
3
4
3
1 293
3
3
2 155
4
1 294
3
4
3
2 160
4
1 295
2 138
4
4
3
4
2 46
2 12
2 53
4
2 294
3
2 126
1 297
4
1 296
2 262
3
2 148
3
2 139
3
3
2 39
1 299
4
1 298
2 129
2 151
3
4
1 300
3
4
2 173
1 304
3
2 239
3
2 76
2 32
4
2 135
2 304
2 211
1 302
1 301
4
4
4
3
2 240
4
1 305
2 24
4
1 303
2 206
4
3
2 122
3
4
1 308
1 307
3
4
3
4
1 306
1 310
4
3
4
1 309
3
2 251
3
4
2 149
4
2 246
1 311
4
2 10
4
