1000 0
1 0
1 1
1 2
1 3
1 4
1 5
1 6
1 7
1 8
1 9
1 10
1 11
1 12
1 13
1 14
1 15
1 16
1 17
1 18
1 19
1 20
1 21
1 22
1 23
1 24
1 25
1 26
1 27
1 28
1 29
1 30
1 31
1 32
1 33
1 34
1 35
1 36
1 37
1 38
1 39
1 40
1 41
1 42
1 43
1 44
1 45
1 46
1 47
1 48
1 49
1 50
1 51
1 52
1 53
1 54
1 55
1 56
1 57
1 58
1 59
1 60
1 61
1 62
1 63
1 64
1 65
1 66
1 67
1 68
1 69
1 70
1 71
1 72
1 73
1 74
1 75
1 76
1 77
1 78
1 79
1 80
1 81
1 82
1 83
1 84
1 85
1 86
1 87
1 88
1 89
1 90
1 91
1 92
1 93
1 94
1 95
1 96
1 97
1 98
1 99
1 100
4
4
2 81
4
1 101
3
4
4
1 102
4
1 105
1 104
2 40
1 103
4
3
1 106
1 108
4
1 109
4
1 107
4
2 105
2 25
2 59
1 110
4
4
4
4
1 113
4
3
3
4
2 49
4
3
3
1 112
2 109
1 115
1 111
3
1 114
1 120
2 63
1 116
2 50
1 119
2 90
3
2 115
2 84
4
1 118
3
2 39
1 117
2 75
3
4
2 90
3
3
2 60
4
3
3
1 121
3
4
3
2 96
2 75
3
2 61
2 63
3
2 35
1 122
3
2 83
3
2 53
2 44
1 124
4
1 125
1 123
2 51
4
4
1 129
2 82
2 79
4
1 128
4
3
2 120
4
3
1 130
2 96
3
1 126
2 40
1 127
2 57
2 123
3
3
4
4
3
3
1 135
4
2 13
1 133
2 83
2 108
3
3
4
3
1 134
1 131
1 132
4
3
3
1 136
1 140
1 137
4
4
1 138
3
2 44
2 30
4
4
2 118
3
2 50
4
2 20
4
3
3
4
3
4
3
1 139
1 141
3
4
1 144
4
3
2 37
2 85
2 90
3
3
1 145
1 143
4
4
2 126
2 32
2 130
1 142
2 116
4
1 148
2 53
3
2 145
1 147
4
1 146
2 95
1 149
1 150
2 81
1 155
1 152
3
3
3
3
3
4
2 55
1 153
3
4
2 30
4
3
3
3
4
2 155
4
3
1 154
4
4
4
4
2 95
2 117
1 151
2 28
4
2 64
3
1 158
1 159
2 127
4
2 104
3
3
4
2 14
3
3
4
1 160
1 156
4
2 34
2 5
2 147
1 157
1 161
3
2 56
1 163
3
1 162
2 59
1 165
1 164
1 166
3
3
3
1 170
1 168
3
2 145
2 41
4
1 169
2 84
1 167
3
4
2 152
1 173
4
4
1 174
4
4
4
1 172
3
4
1 175
3
3
4
1 171
1 176
4
1 178
1 177
2 137
3
1 180
1 179
1 182
2 19
3
2 28
1 185
1 181
1 184
2 125
1 183
4
3
3
1 188
1 186
1 187
4
2 148
3
4
4
2 104
3
4
1 190
4
2 62
4
3
1 189
4
1 192
1 194
2 86
2 2
4
2 75
1 193
1 195
3
4
3
1 191
4
1 198
2 125
1 199
2 21
2 171
2 20
4
2 195
3
2 31
4
4
1 196
4
1 200
4
3
2 30
2 112
4
4
2 148
3
4
3
2 22
3
2 81
4
2 167
1 197
2 21
3
1 205
2 138
1 202
1 204
2 176
4
3
3
3
2 12
1 203
2 155
1 201
3
4
3
2 8
3
4
3
3
3
1 209
3
2 4
4
2 119
1 208
3
1 206
3
3
1 207
2 35
1 210
2 98
4
4
3
3
1 213
1 211
2 141
4
2 158
1 215
3
4
1 214
3
4
1 212
1 218
2 126
3
2 53
2 111
2 178
4
3
1 217
3
1 216
1 219
4
2 35
4
2 164
3
1 220
4
3
1 224
4
3
4
3
1 221
4
4
1 223
2 61
3
1 225
1 222
3
3
2 194
1 230
1 227
2 123
2 60
3
3
3
4
4
4
3
2 37
2 13
4
2 210
2 109
2 157
4
2 134
2 86
1 226
1 229
3
4
3
1 228
1 231
2 101
3
3
2 90
1 234
4
4
2 89
3
3
1 232
3
1 233
2 208
1 235
4
1 240
4
3
2 126
3
3
1 239
1 237
2 223
1 238
1 236
2 121
3
3
2 181
2 141
4
3
4
4
1 242
3
2 73
2 29
4
1 244
3
1 245
3
1 243
1 241
1 246
3
3
4
2 86
1 247
2 116
4
2 31
1 249
2 120
4
2 37
2 96
4
1 248
4
2 237
2 152
4
2 168
2 191
1 250
4
2 46
3
1 251
3
1 254
2 222
1 255
4
2 111
2 242
1 252
3
1 253
3
1 258
2 29
4
3
1 257
1 256
4
3
1 259
3
1 260
4
1 261
1 263
4
1 265
4
1 264
2 164
1 262
4
2 30
4
1 269
1 266
3
2 205
3
4
4
1 270
4
2 235
1 267
2 234
2 168
1 268
3
2 232
2 268
3
4
3
2 253
2 239
4
2 192
4
1 274
3
4
1 275
2 261
4
3
3
2 79
2 141
1 273
3
1 272
3
4
2 64
4
4
4
1 271
2 233
4
2 208
4
1 278
1 276
4
2 228
4
2 28
4
4
3
3
3
4
3
2 89
1 279
1 280
4
3
4
4
2 114
1 277
3
4
4
3
3
3
3
1 285
3
3
1 281
1 282
2 227
2 246
3
1 283
4
3
1 284
1 288
3
2 284
3
3
4
4
4
4
2 115
4
4
3
4
1 286
2 141
3
2 73
3
3
3
2 109
3
3
3
3
2 61
4
3
4
2 261
4
4
2 29
1 287
4
3
2 197
2 136
2 209
2 212
1 289
3
1 290
3
3
1 294
4
3
2 157
1 292
3
3
2 185
2 239
4
2 283
2 130
3
1 291
1 293
1 295
3
2 75
1 300
4
1 296
2 40
2 142
3
3
1 298
4
2 268
1 297
4
2 162
2 96
3
2 126
1 299
1 302
3
1 304
2 160
1 305
1 301
3
1 303
3
1 307
4
1 310
1 309
4
3
1 308
2 161
2 240
3
2 298
1 306
4
2 140
2 275
2 138
3
4
4
3
1 313
4
2 116
4
2 77
4
3
4
3
2 266
3
2 8
1 315
4
1 311
1 314
2 289
2 130
2 147
1 312
4
4
3
4
2 257
4
1 319
1 316
4
1 318
4
2 109
4
3
3
3
3
4
1 317
3
2 250
3
4
1 320
2 124
1 325
1 321
2 98
4
1 322
4
4
3
4
4
2 51
1 323
1 324
4
4
4
2 246
3
2 85
4
1 327
2 111
2 304
1 328
4
1 326
3
2 261
2 217
4
1 330
2 256
3
2 172
4
2 107
3
3
4
3
1 329
4
2 227
1 335
4
1 334
1 332
2 92
2 177
1 331
4
2 269
4
1 333
2 310
2 330
1 340
4
4
1 336
2 260
2 138
1 337
3
4
