100 1000 20 79 5
1 5 7 11 16 21 23 24 31 33 37 46 53 57 59 61 66 72 81 85 
13 25 26 27 32 38 39 41 45 48 49 50 54 55 71 73 77 79 91 98 
39 57 140 40
13 46 89 184
25 15 184 20
69 65 22 180
46 3 63 118
44 45 121 117
86 73 141 136
78 46 127 166
97 11 181 105
49 89 71 185
69 85 167 25
35 44 105 32
97 25 69 40
16 56 41 69
71 87 65 148
71 37 70 73
58 63 76 88
89 37 125 62
2 45 173 150
1 73 57 55
59 67 143 128
29 26 51 159
86 97 188 56
13 61 99 172
85 9 49 118
29 51 126 109
7 28 29 176
1 6 181 58
57 17 157 10
19 77 19 14
3 53 69 163
25 98 21 150
4 96 196 23
16 27 85 43
78 20 85 170
13 90 135 167
1 76 191 175
16 15 89 167
47 27 25 175
39 66 33 79
31 63 91 115
81 44 57 104
52 6 151 132
69 26 49 120
3 56 81 145
1 7 83 138
31 65 1 130
91 96 27 28
95 9 145 38
9 89 198 129
67 21 41 160
29 48 91 84
13 73 157 162
83 3 109 75
72 54 161 16
89 68 189 160
6 97 43 192
47 85 142 148
25 42 39 154
82 98 21 152
46 49 171 52
41 17 41 70
27 11 16 158
21 83 49 120
5 39 124 148
96 8 45 56
20 49 91 50
25 83 187 190
71 42 168 85
11 91 158 160
31 5 161 80
27 84 193 148
19 16 65 188
81 73 33 50
21 22 193 40
37 88 1 162
89 69 9 52
57 1 37 0
41 6 2 74
100 25 31 83
9 23 81 83
67 49 65 162
65 51 178 116
46 89 15 80
83 93 153 193
19 63 61 63
7 21 57 5
5 27 73 161
63 51 81 12
45 73 114 16
1 36 44 20
28 100 1 156
93 31 124 89
70 51 187 132
40 71 67 192
51 5 70 24
95 55 16 0
31 64 88 130
41 75 127 193
9 46 51 35
89 76 53 88
61 52 176 72
13 37 59 71
61 41 51 79
55 12 181 148
30 1 125 160
5 88 155 192
51 57 61 195
39 65 126 0
97 44 153 8
71 11 101 180
55 81 29 106
36 41 70 44
75 73 73 90
61 55 121 59
95 41 131 145
25 11 38 40
89 21 125 7
23 16 143 175
19 26 61 63
60 76 19 38
21 5 106 191
57 49 81 101
93 13 161 100
93 97 123 191
55 21 87 91
29 88 36 100
30 82 41 192
64 66 51 72
71 60 55 110
57 69 165 181
71 53 156 139
27 23 193 96
26 1 101 5
33 41 146 48
11 30 169 80
95 57 46 82
13 85 184 76
44 83 105 100
21 9 52 0
91 93 161 8
97 7 131 88
80 1 139 73
41 93 105 150
93 39 176 38
67 93 165 142
19 62 173 9
66 94 98 96
37 93 101 125
1 5 24 127
8 16 161 132
8 4 19 108
77 25 170 188
81 50 143 98
86 68 91 115
3 8 15 100
23 73 192 155
17 89 9 196
45 81 165 0
77 33 125 170
74 43 100 24
45 84 143 197
3 10 74 132
18 35 181 140
75 61 1 195
23 31 185 155
95 86 189 132
43 81 163 24
57 63 1 60
81 16 106 0
99 73 109 88
85 57 1 110
58 44 160 40
81 19 158 40
41 86 133 58
77 70 57 40
25 36 61 25
29 79 11 24
35 83 66 56
75 74 149 168
9 58 72 154
78 28 1 123
22 51 141 176
41 29 57 112
69 16 193 185
66 21 65 199
51 37 154 76
25 74 136 164
89 77 157 50
33 67 143 24
65 70 19 158
53 25 46 0
39 96 9 72
93 24 155 31
57 76 83 170
17 50 127 155
56 13 51 141
23 94 86 124
93 94 113 80
27 100 23 24
27 94 152 160
81 96 113 66
26 21 161 10
65 36 78 97
14 77 10 40
5 11 19 135
5 71 1 56
1 3 77 30
71 81 25 160
97 91 142 155
3 13 151 39
57 21 139 100
83 8 125 25
48 11 200 159
91 29 197 165
1 31 81 185
65 53 65 0
46 52 177 50
37 9 150 170
39 23 111 125
28 70 183 108
70 100 100 120
5 43 51 33
33 65 141 30
41 40 171 160
88 28 177 40
11 47 51 32
33 36 8 144
13 97 193 160
7 19 71 120
27 1 36 190
1 41 145 126
85 87 17 140
61 17 21 90
41 37 179 65
45 3 167 65
76 39 153 160
61 7 76 145
20 71 69 50
55 11 197 20
85 77 163 10
95 13 91 148
21 24 99 144
43 94 48 90
26 51 121 197
37 100 79 55
5 32 69 171
61 49 121 84
17 1 81 150
51 73 17 64
65 93 51 99
45 16 51 120
21 79 93 72
61 73 116 104
47 48 15 12
65 38 16 169
72 5 59 168
36 54 22 97
62 57 195 160
41 13 1 156
70 5 1 4
65 95 81 77
76 41 137 70
17 71 43 0
10 13 21 103
30 13 109 32
90 41 91 120
65 81 191 20
80 63 101 180
71 51 101 53
81 5 56 184
13 81 14 182
30 41 109 120
27 38 103 68
65 17 97 78
74 51 128 172
28 29 121 149
43 85 120 7
56 65 104 48
83 96 11 63
33 82 171 154
7 74 112 44
87 24 113 190
52 85 78 94
64 68 125 30
31 45 123 84
45 41 61 2
61 28 31 45
16 1 117 48
13 54 196 144
22 45 33 187
97 29 71 168
85 33 127 175
76 21 71 15
92 86 35 100
5 91 133 176
1 25 192 78
10 94 111 55
81 25 59 152
33 97 5 48
93 77 23 176
69 25 21 168
86 1 6 88
76 97 65 2
27 65 181 152
57 31 100 100
97 47 176 38
1 35 101 80
69 17 74 33
81 93 103 171
26 55 59 138
1 51 117 105
31 76 137 122
21 13 33 6
47 77 188 108
85 97 174 64
65 90 113 112
57 47 177 100
25 10 143 160
87 11 61 100
65 14 121 150
7 13 1 146
86 33 169 150
18 13 43 168
11 21 87 130
70 97 67 120
1 56 184 10
82 45 29 24
88 96 90 196
59 9 1 149
15 39 131 99
2 21 104 11
79 83 7 135
51 95 20 120
46 65 41 90
1 34 71 136
65 82 71 8
34 69 135 56
85 5 81 80
11 12 72 130
57 89 113 105
86 93 91 79
17 87 55 0
32 65 145 48
11 16 99 155
37 85 184 114
13 24 45 195
71 31 101 190
95 89 163 137
24 5 102 198
22 53 19 108
43 30 81 32
4 16 13 60
23 80 34 148
69 29 103 186
9 20 25 45
75 37 26 84
29 100 37 96
87 39 105 94
33 88 111 50
88 1 90 183
21 91 85 160
51 53 173 7
9 26 150 110
19 30 177 136
1 44 85 196
57 5 41 194
56 37 7 102
81 27 109 184
31 9 33 84
85 89 129 144
58 13 161 46
2 81 188 125
81 37 91 191
93 51 29 154
77 21 157 40
1 21 56 175
40 91 113 184
35 92 169 192
61 93 105 188
61 81 111 176
93 82 33 31
67 45 131 61
47 31 161 151
75 17 58 104
76 51 77 43
3 61 121 40
29 7 1 124
95 73 69 164
50 36 187 109
9 1 7 58
5 65 101 32
53 66 121 88
76 9 191 146
51 9 192 166
71 57 141 100
4 9 53 193
63 8 38 124
43 96 124 80
86 91 109 136
92 53 15 69
79 77 17 16
61 90 94 120
22 6 29 144
12 78 127 150
56 61 109 95
95 100 105 14
43 46 114 115
45 99 57 0
75 81 161 75
39 29 165 176
57 35 71 145
1 54 3 50
41 67 143 190
100 2 153 108
61 89 19 0
21 45 157 168
69 31 161 100
80 22 181 196
34 51 181 161
42 49 1 16
48 73 65 195
69 53 59 80
28 66 143 8
45 36 155 184
35 71 123 78
53 41 147 188
27 60 24 110
78 36 90 66
27 7 172 130
89 31 94 83
61 35 99 116
37 69 115 144
56 79 145 34
41 51 197 127
70 80 190 130
29 93 113 105
49 97 2 27
7 33 45 176
37 52 10 150
21 69 15 11
13 27 161 160
28 6 181 120
18 63 113 50
13 1 61 155
33 1 113 50
71 75 67 0
18 51 78 46
37 11 30 60
41 3 146 144
9 91 126 60
34 17 143 180
63 76 52 148
35 54 4 172
25 89 101 182
85 93 11 0
1 45 73 48
41 83 111 155
35 36 61 141
36 64 125 140
57 18 136 40
41 16 199 146
25 37 25 54
61 43 133 104
63 6 69 16
57 75 57 168
97 1 72 101
76 86 101 123
67 61 161 150
78 66 35 119
63 81 139 82
93 79 22 32
53 44 198 78
90 47 173 16
41 23 192 100
67 95 35 140
1 93 89 4
3 30 153 5
93 32 29 8
3 4 104 158
45 91 135 160
1 23 160 120
80 13 5 196
70 12 1 168
41 12 7 154
13 91 154 192
89 93 112 140
11 1 197 170
83 45 107 80
71 41 151 50
61 63 141 158
36 30 163 175
91 14 149 77
34 21 117 105
27 93 53 160
43 52 147 63
13 69 104 55
31 95 85 90
80 17 126 20
87 1 191 112
53 1 86 50
60 37 70 135
77 63 76 28
100 71 46 126
1 92 197 80
60 41 153 141
1 61 25 132
13 64 71 180
90 56 161 26
32 91 185 16
23 71 47 184
59 66 140 16
91 33 26 136
71 21 143 188
29 61 151 184
39 90 126 130
8 1 131 178
32 1 121 12
8 57 71 70
33 57 23 132
81 41 1 18
9 53 89 113
4 6 181 24
17 31 95 13
94 72 73 100
65 85 1 197
61 91 200 190
65 67 46 130
81 77 181 15
71 61 82 140
6 86 57 103
74 31 43 40
11 31 45 42
42 97 141 175
21 51 95 140
86 89 66 130
26 83 171 109
25 33 137 101
82 86 181 75
24 15 89 108
38 53 1 0
57 6 195 122
81 97 33 64
72 3 161 74
3 11 127 60
52 53 166 103
5 6 185 150
29 56 64 168
46 70 141 170
26 27 85 24
96 69 105 16
71 92 94 128
63 68 25 38
14 74 17 0
27 97 183 24
5 37 42 69
97 31 1 150
85 29 177 22
68 93 190 8
59 27 103 161
25 61 75 74
7 41 1 105
50 96 171 16
81 69 121 61
53 57 176 120
33 10 66 179
89 87 138 134
10 34 66 12
81 76 33 120
13 22 73 154
29 1 121 176
25 64 67 179
97 3 139 176
51 72 156 130
69 61 15 99
3 17 81 118
29 63 22 40
41 97 51 110
70 1 183 39
80 31 101 144
52 90 189 158
45 89 176 164
95 69 101 130
33 69 81 36
57 7 81 23
45 63 108 152
46 51 40 168
14 85 17 52
81 87 1 100
76 17 178 190
74 21 53 165
55 85 13 24
76 40 151 180
63 11 131 72
54 81 159 192
60 13 41 31
57 65 157 170
76 61 79 15
9 33 49 180
64 6 198 130
7 60 161 161
66 1 67 94
89 1 131 192
1 24 191 85
38 81 87 168
9 43 95 0
52 100 157 147
91 81 121 105
91 77 195 48
61 77 49 48
1 72 196 144
16 90 185 80
1 81 23 104
14 57 33 168
64 73 57 20
92 11 53 8
4 22 153 93
71 86 46 34
9 41 178 105
73 41 161 112
9 30 16 4
76 56 91 104
29 31 177 0
11 73 100 22
99 39 99 189
23 26 188 120
61 59 36 94
78 79 137 14
31 43 109 120
69 51 46 175
6 12 101 38
32 34 14 112
77 51 1 148
19 37 180 60
7 63 102 48
56 75 112 142
48 52 178 70
11 83 21 139
21 17 195 2
43 1 33 30
49 76 105 16
17 32 46 48
24 56 156 39
97 71 11 0
3 77 137 82
14 46 66 82
55 100 41 20
83 56 68 34
41 26 121 48
61 26 121 98
47 73 91 36
71 88 197 7
79 33 126 140
49 81 111 72
55 45 169 150
56 5 41 25
5 12 71 192
66 81 136 179
29 81 125 182
25 46 26 100
43 21 113 55
31 22 101 103
44 5 11 50
1 91 194 45
36 14 165 162
5 41 81 48
40 51 26 194
81 21 1 151
86 77 162 109
62 1 82 0
62 35 185 14
6 70 65 120
26 77 131 160
8 69 175 85
16 21 167 48
8 21 114 76
58 99 141 168
17 51 56 70
35 63 126 16
76 55 110 120
82 37 137 160
65 13 35 30
29 89 41 98
87 26 65 84
44 41 93 144
33 38 41 100
95 20 177 63
97 83 13 172
76 45 57 120
97 99 71 43
66 76 121 80
46 23 161 60
3 67 162 32
95 93 57 115
86 49 129 184
25 86 154 75
89 83 148 8
47 40 8 171
17 59 101 40
53 45 1 92
1 79 126 24
93 25 27 156
11 61 86 40
31 91 1 191
20 33 137 150
76 93 9 3
27 56 1 188
3 21 185 153
73 91 197 42
79 16 149 142
5 66 166 20
27 50 169 158
71 98 131 52
13 49 53 152
28 1 91 175
50 53 199 164
63 1 159 124
57 87 121 52
25 56 19 0
5 98 31 175
52 75 21 0
23 18 1 2
97 2 151 36
19 14 65 54
82 83 41 171
50 73 31 39
35 89 56 135
19 76 198 0
26 17 151 112
11 18 81 80
33 75 25 60
89 73 185 142
33 3 71 180
59 78 39 69
47 25 133 152
92 29 28 96
48 65 41 96
69 80 111 55
17 33 25 97
89 88 139 44
26 35 26 122
55 18 57 114
47 16 127 188
53 36 137 190
77 56 132 72
93 45 1 20
5 26 31 51
45 57 1 56
19 97 21 74
41 25 105 25
43 57 47 26
65 24 113 45
11 17 97 34
27 45 66 130
81 46 133 163
43 53 145 3
85 79 36 72
35 97 197 136
5 79 31 61
21 99 118 104
26 67 191 192
81 28 76 122
38 21 76 152
5 97 181 23
2 8 67 143
41 89 47 184
25 67 39 118
66 69 56 0
81 95 81 96
54 58 165 137
86 16 81 29
81 18 101 125
4 25 11 128
60 43 186 24
10 49 101 42
11 66 40 105
99 1 78 145
79 51 66 62
10 31 41 8
48 31 121 124
89 80 63 75
76 69 97 125
26 94 75 171
1 69 134 192
42 21 9 101
14 45 47 102
85 100 32 113
81 80 135 134
17 5 31 55
59 77 121 39
19 29 129 192
19 1 2 189
64 21 178 156
3 68 1 0
86 23 93 32
13 51 198 112
14 20 139 4
76 13 41 176
66 56 65 125
93 47 51 30
61 62 129 128
89 70 97 182
1 55 50 125
79 76 9 128
65 25 179 170
9 48 148 44
80 37 191 48
15 41 110 184
78 29 199 39
81 26 111 115
15 83 166 88
89 36 61 15
35 65 165 50
30 21 181 60
56 53 99 120
65 34 173 106
19 73 106 196
23 37 193 88
77 17 186 52
39 41 120 196
49 71 61 142
82 18 1 184
9 45 181 28
6 81 74 12
10 54 61 32
98 76 179 48
2 49 93 188
98 85 193 86
11 40 17 45
85 21 127 160
35 32 107 116
36 21 195 0
42 68 1 132
49 5 130 60
65 91 129 4
89 33 170 25
95 26 56 68
63 91 197 104
47 21 137 162
66 43 161 165
56 26 76 120
80 61 131 53
42 77 169 142
49 21 180 120
49 23 41 61
1 59 137 60
96 71 1 125
79 14 107 28
99 98 152 54
59 16 105 50
51 81 23 79
25 27 76 140
57 58 129 131
15 76 193 31
98 96 41 123
7 83 6 143
14 25 20 90
11 35 10 40
31 36 141 140
90 66 171 74
79 11 96 50
62 41 155 188
85 81 109 199
81 31 17 186
69 6 185 88
25 79 111 102
13 31 73 26
75 51 11 56
13 8 65 72
8 29 133 60
96 92 181 130
37 55 109 30
76 99 31 110
33 81 105 8
51 48 25 120
45 88 129 62
49 63 46 20
53 81 112 92
73 58 181 134
14 93 24 136
49 52 45 98
33 51 175 54
47 81 95 136
92 81 51 84
31 79 62 164
41 21 27 108
25 45 43 125
38 94 174 189
33 87 91 77
55 84 107 50
47 61 19 16
92 68 33 104
77 53 153 0
10 42 172 143
21 40 51 20
61 84 169 4
3 49 119 192
93 6 116 31
71 85 129 96
65 71 41 10
61 21 133 57
59 72 47 134
2 24 108 190
53 95 116 33
71 1 101 100
22 56 131 60
56 42 81 105
73 27 146 53
13 26 19 72
53 89 57 164
16 67 149 130
39 67 111 63
83 28 145 59
30 88 114 120
63 37 177 86
89 52 153 88
53 33 197 71
52 34 161 191
5 46 142 56
5 62 34 24
85 7 21 64
29 33 126 175
98 49 28 142
39 82 103 120
35 51 60 12
63 87 151 178
39 1 117 160
49 56 157 125
82 91 81 72
5 61 43 64
95 58 129 95
17 25 79 184
83 51 41 152
81 70 159 26
1 77 51 28
59 68 22 196
89 20 44 26
56 99 1 136
73 37 147 140
83 1 116 141
34 40 20 177
91 75 111 176
81 59 29 82
81 11 7 64
76 25 162 152
53 28 77 22
27 57 168 50
24 14 19 20
25 26 136 30
64 1 15 124
8 36 179 120
65 1 66 72
89 98 141 188
96 89 166 88
81 39 9 148
61 85 101 67
81 9 51 30
11 14 137 46
47 64 55 137
63 28 151 60
17 49 101 120
79 37 11 150
86 85 9 160
15 65 180 92
43 41 39 76
64 7 111 178
9 17 94 30
15 37 121 84
57 73 1 32
41 49 41 199
5 33 103 16
39 35 117 146
57 55 106 130
28 60 89 142
2 7 183 28
1 2 9 170
13 9 196 32
5 4 153 130
40 67 129 88
77 20 189 136
45 61 101 40
33 11 83 119
21 96 188 183
49 65 149 27
76 3 11 132
89 2 18 162
56 93 133 24
31 51 113 126
21 27 9 185
5 15 126 37
75 26 103 14
7 47 176 16
78 14 131 0
87 61 113 24
97 53 101 124
53 31 181 127
83 57 61 119
19 53 87 150
38 25 77 58
37 86 65 198
