100 1000 10 66 10
1 7 21 23 31 53 59 61 66 85 
13 25 38 39 41 45 48 49 79 91 
39 57 0 2
13 46 0 4
25 15 1 6
69 65 0 6
46 3 8 0
44 45 8 6
86 73 4 5
78 46 6 0
97 11 0 0
49 89 4 6
69 85 0 8
35 44 0 7
97 25 0 2
16 56 6 0
71 87 8 0
71 37 9 8
58 63 4 7
89 37 5 3
2 45 8 5
1 73 7 0
59 67 6 8
29 26 5 0
86 97 2 2
13 61 6 2
85 9 2 9
29 51 2 4
7 28 8 4
1 6 4 4
57 17 0 8
19 77 6 6
3 53 0 0
25 98 5 1
4 96 6 4
16 27 9 0
78 20 8 4
13 90 2 0
1 76 2 7
16 15 5 2
47 27 0 7
39 66 2 7
31 63 0 6
81 44 6 4
52 6 0 9
69 26 0 6
3 56 0 8
1 7 2 6
31 65 4 4
91 96 3 5
95 9 8 1
9 89 9 0
67 21 8 4
29 48 3 0
13 73 1 0
83 3 2 8
72 54 0 7
89 68 0 6
6 97 6 6
47 85 0 5
25 42 0 5
82 98 6 5
46 49 4 2
41 17 8 0
27 11 0 9
21 83 4 8
5 39 9 3
96 8 5 8
20 49 4 2
25 83 2 0
71 42 6 5
11 91 2 8
31 5 0 9
27 84 7 6
19 16 8 2
81 73 8 8
21 22 5 9
37 88 8 6
89 69 0 8
57 1 6 0
41 6 8 4
100 25 8 3
9 23 0 0
67 49 5 3
65 51 4 3
46 89 4 0
83 93 4 7
19 63 0 5
7 21 8 7
5 27 4 5
63 51 2 9
45 73 0 5
1 36 6 4
28 100 0 2
93 31 8 0
70 51 0 5
40 71 2 8
51 5 0 0
95 55 6 8
31 64 4 8
41 75 7 9
9 46 0 0
89 76 0 4
61 52 6 2
13 37 8 5
61 41 0 6
55 12 8 0
30 1 2 2
5 88 1 8
51 57 8 4
39 65 0 2
97 44 0 2
71 11 0 0
55 81 5 8
36 41 8 0
75 73 3 8
61 55 4 6
95 41 0 0
25 11 6 0
89 21 7 5
23 16 7 0
19 26 0 0
60 76 2 8
21 5 4 8
57 49 2 0
93 13 2 0
93 97 0 2
55 21 8 2
29 88 6 0
30 82 1 4
64 66 0 3
71 60 0 3
57 69 4 2
71 53 7 6
27 23 4 0
26 1 2 3
33 41 0 3
11 30 6 5
95 57 2 1
13 85 0 2
44 83 3 6
21 9 3 0
91 93 0 6
97 7 3 9
80 1 6 2
41 93 6 2
93 39 9 4
67 93 5 0
19 62 7 0
66 94 6 3
37 93 0 5
1 5 2 8
8 16 5 2
8 4 8 1
77 25 0 9
81 50 0 8
86 68 4 0
3 8 4 2
23 73 0 5
17 89 5 0
45 81 2 8
77 33 0 0
74 43 8 6
45 84 9 4
3 10 2 0
18 35 0 9
75 61 0 5
23 31 7 0
95 86 4 7
43 81 2 5
57 63 0 3
81 16 8 8
99 73 5 1
85 57 0 1
58 44 0 0
81 19 2 1
41 86 6 1
77 70 5 0
25 36 0 2
29 79 0 2
35 83 4 0
75 74 4 1
9 58 5 9
78 28 2 6
22 51 0 5
41 29 5 8
69 16 8 0
66 21 5 2
51 37 3 6
25 74 4 0
89 77 1 0
33 67 0 8
65 70 0 8
53 25 8 3
39 96 4 0
93 24 5 8
57 76 4 2
17 50 2 9
56 13 7 6
23 94 0 5
93 94 3 7
27 100 0 2
27 94 8 8
81 96 9 8
26 21 2 8
65 36 0 5
14 77 4 0
5 11 1 5
5 71 8 6
1 3 4 0
71 81 4 0
97 91 9 4
3 13 2 7
57 21 3 2
83 8 0 0
48 11 0 5
91 29 4 5
1 31 8 2
65 53 2 4
46 52 0 0
37 9 5 0
39 23 8 8
28 70 0 0
70 100 9 0
5 43 7 0
33 65 2 8
41 40 6 0
88 28 0 5
11 47 0 4
33 36 5 6
13 97 8 8
7 19 1 4
27 1 0 3
1 41 0 6
85 87 6 2
61 17 2 5
41 37 4 9
45 3 3 6
76 39 5 4
61 7 6 0
20 71 2 4
55 11 8 8
85 77 5 0
95 13 8 2
21 24 4 1
43 94 2 0
26 51 6 5
37 100 0 1
5 32 5 4
61 49 2 0
17 1 2 4
51 73 1 0
65 93 2 6
45 16 0 0
21 79 7 7
61 73 9 0
47 48 8 5
65 38 0 6
72 5 6 0
36 54 4 0
62 57 1 5
41 13 0 9
70 5 8 0
65 95 4 5
76 41 9 9
17 71 6 5
10 13 0 5
30 13 4 0
90 41 6 0
65 81 9 0
80 63 0 5
71 51 2 8
81 5 9 0
13 81 0 3
30 41 0 0
27 38 0 0
65 17 6 0
74 51 0 2
28 29 7 4
43 85 2 0
56 65 0 0
83 96 5 0
33 82 4 6
7 74 6 0
87 24 0 0
52 85 8 5
64 68 6 5
31 45 2 0
45 41 5 5
61 28 8 0
16 1 6 0
13 54 2 0
22 45 0 8
97 29 8 4
85 33 7 0
76 21 0 7
92 86 8 5
5 91 8 1
1 25 0 4
10 94 0 0
81 25 6 4
33 97 0 9
93 77 0 0
69 25 2 2
86 1 5 4
76 97 4 2
27 65 5 9
57 31 8 8
97 47 1 7
1 35 4 0
69 17 0 6
81 93 0 4
26 55 0 7
1 51 6 0
31 76 2 0
21 13 0 3
47 77 8 2
85 97 0 0
65 90 0 0
57 47 0 0
25 10 0 3
87 11 5 4
65 14 3 2
7 13 8 0
86 33 2 8
18 13 6 8
11 21 7 2
70 97 0 9
1 56 9 7
82 45 3 8
88 96 0 3
59 9 0 4
15 39 1 4
2 21 2 0
79 83 7 4
51 95 4 0
46 65 2 4
1 34 0 2
65 82 0 5
34 69 6 8
85 5 5 4
11 12 2 7
57 89 0 8
86 93 6 5
17 87 0 5
32 65 4 0
11 16 2 6
37 85 1 8
13 24 0 5
71 31 8 2
95 89 4 8
24 5 2 6
22 53 0 8
43 30 5 8
4 16 4 2
23 80 0 2
69 29 9 0
9 20 5 8
75 37 0 0
29 100 3 3
87 39 2 1
33 88 8 8
88 1 6 5
21 91 6 2
51 53 2 6
9 26 7 8
19 30 3 4
1 44 2 2
57 5 6 0
56 37 2 0
81 27 0 0
31 9 0 0
85 89 0 6
58 13 8 0
2 81 2 8
81 37 6 0
93 51 6 0
77 21 3 0
1 21 8 4
40 91 9 6
35 92 0 9
61 93 0 9
61 81 3 1
93 82 6 5
67 45 9 0
47 31 0 0
75 17 0 6
76 51 0 8
3 61 4 6
29 7 0 0
95 73 1 0
50 36 2 5
9 1 0 9
5 65 4 0
53 66 4 8
76 9 8 5
51 9 3 4
71 57 4 5
4 9 0 0
63 8 2 7
43 96 1 8
86 91 8 8
92 53 0 2
79 77 2 0
61 90 3 8
22 6 2 6
12 78 4 5
56 61 5 4
95 100 6 6
43 46 4 4
45 99 0 0
75 81 9 3
39 29 4 0
57 35 2 7
1 54 9 0
41 67 6 6
100 2 4 6
61 89 0 4
21 45 6 2
69 31 8 4
80 22 2 4
34 51 8 4
42 49 0 6
48 73 7 5
69 53 0 1
28 66 8 4
45 36 6 0
35 71 5 5
53 41 2 4
27 60 8 2
78 36 4 8
27 7 0 6
89 31 2 1
61 35 0 1
37 69 0 1
56 79 7 4
41 51 6 3
70 80 0 0
29 93 0 4
49 97 8 4
7 33 6 9
37 52 6 8
21 69 0 2
13 27 0 8
28 6 0 6
18 63 1 6
13 1 0 0
33 1 2 3
71 75 7 4
18 51 3 0
37 11 8 6
41 3 4 9
9 91 6 6
34 17 3 0
63 76 8 4
35 54 6 0
25 89 8 5
85 93 4 4
1 45 3 5
41 83 6 0
35 36 0 5
36 64 4 6
57 18 0 5
41 16 2 0
25 37 2 0
61 43 2 8
63 6 8 0
57 75 6 8
97 1 0 0
76 86 0 6
67 61 0 1
78 66 0 6
63 81 4 5
93 79 8 0
53 44 2 8
90 47 4 4
41 23 2 8
67 95 6 8
1 93 3 0
3 30 9 6
93 32 1 0
3 4 3 3
45 91 8 6
1 23 4 4
80 13 4 4
70 12 6 7
41 12 9 0
13 91 2 5
89 93 1 7
11 1 4 6
83 45 9 0
71 41 4 1
61 63 0 0
36 30 0 0
91 14 2 0
34 21 0 5
27 93 2 0
43 52 6 0
13 69 7 6
31 95 9 0
80 17 5 4
87 1 5 0
53 1 2 0
60 37 1 8
77 63 3 2
100 71 0 2
1 92 0 0
60 41 2 8
1 61 0 5
13 64 0 1
90 56 4 0
32 91 5 0
23 71 8 6
59 66 4 4
91 33 2 4
71 21 8 6
29 61 6 8
39 90 1 1
8 1 0 3
32 1 0 0
8 57 4 9
33 57 8 2
81 41 1 2
9 53 7 8
4 6 2 6
17 31 1 0
94 72 4 0
65 85 8 4
61 91 2 5
65 67 8 8
81 77 3 8
71 61 4 0
6 86 9 0
74 31 4 6
11 31 0 8
42 97 6 4
21 51 3 2
86 89 1 0
26 83 6 0
25 33 6 0
82 86 0 0
24 15 0 8
38 53 2 5
57 6 8 7
81 97 6 5
72 3 2 0
3 11 6 3
52 53 3 5
5 6 4 0
29 56 5 0
46 70 0 2
26 27 5 0
96 69 9 5
71 92 5 8
63 68 5 6
14 74 6 0
27 97 2 1
5 37 4 2
97 31 0 0
85 29 0 6
68 93 4 6
59 27 6 4
25 61 9 6
7 41 5 6
50 96 2 8
81 69 0 4
53 57 5 0
33 10 0 8
89 87 0 2
10 34 0 0
81 76 2 2
13 22 0 8
29 1 8 3
25 64 0 4
97 3 4 3
51 72 2 0
69 61 0 7
3 17 9 0
29 63 5 0
41 97 0 5
70 1 1 0
80 31 6 3
52 90 2 0
45 89 4 2
95 69 0 5
33 69 4 0
57 7 5 0
45 63 0 9
46 51 6 1
14 85 0 5
81 87 8 8
76 17 0 0
74 21 4 2
55 85 2 4
76 40 0 4
63 11 6 0
54 81 5 3
60 13 4 0
57 65 3 8
76 61 0 0
9 33 4 4
64 6 4 6
7 60 3 8
66 1 4 8
89 1 6 0
1 24 2 4
38 81 1 9
9 43 0 0
52 100 6 2
91 81 9 8
91 77 2 1
61 77 4 4
1 72 0 5
16 90 0 6
1 81 0 1
14 57 5 0
64 73 5 9
92 11 7 4
4 22 5 2
71 86 2 0
9 41 2 4
73 41 0 6
9 30 6 9
76 56 8 6
29 31 5 0
11 73 4 9
99 39 0 8
23 26 1 0
61 59 0 0
78 79 2 9
31 43 0 4
69 51 8 8
6 12 5 4
32 34 0 0
77 51 0 6
19 37 0 3
7 63 7 2
56 75 9 8
48 52 6 2
11 83 0 0
21 17 7 0
43 1 2 5
49 76 2 4
17 32 0 0
24 56 0 2
97 71 8 2
3 77 0 1
14 46 6 0
55 100 8 5
83 56 8 0
41 26 7 0
61 26 0 1
47 73 6 4
71 88 0 2
79 33 0 5
49 81 6 8
55 45 4 0
56 5 6 7
5 12 0 5
66 81 4 8
29 81 8 8
25 46 5 4
43 21 4 0
31 22 2 4
44 5 2 8
1 91 6 0
36 14 2 8
5 41 2 3
40 51 5 4
81 21 7 5
86 77 0 2
62 1 5 4
62 35 0 4
6 70 6 0
26 77 9 2
8 69 8 9
16 21 7 0
8 21 5 4
58 99 6 4
17 51 8 0
35 63 5 5
76 55 0 8
82 37 3 2
65 13 0 8
29 89 9 0
87 26 1 8
44 41 1 2
33 38 7 0
95 20 0 9
97 83 4 2
76 45 2 0
97 99 4 6
66 76 5 8
46 23 5 9
3 67 0 0
95 93 6 2
86 49 5 2
25 86 0 0
89 83 7 4
47 40 0 8
17 59 0 8
53 45 0 6
1 79 6 7
93 25 5 0
11 61 0 2
31 91 8 0
20 33 0 5
76 93 0 2
27 56 5 9
3 21 4 2
73 91 5 0
79 16 2 5
5 66 0 3
27 50 0 0
71 98 3 5
13 49 4 2
28 1 0 8
50 53 5 4
63 1 0 1
57 87 1 9
25 56 1 0
5 98 4 4
52 75 4 0
23 18 0 0
97 2 4 5
19 14 6 8
82 83 3 6
50 73 0 8
35 89 5 0
19 76 5 6
26 17 9 0
11 18 6 0
33 75 4 0
89 73 0 8
33 3 4 4
59 78 2 4
47 25 0 0
92 29 6 3
48 65 2 2
69 80 6 0
17 33 0 3
89 88 0 0
26 35 0 0
55 18 1 2
47 16 6 5
53 36 8 4
77 56 3 5
93 45 7 8
5 26 7 1
45 57 0 0
19 97 0 2
41 25 5 4
43 57 6 6
65 24 5 0
11 17 0 1
27 45 6 0
81 46 8 3
43 53 0 8
85 79 4 3
35 97 6 2
5 79 8 2
21 99 5 0
26 67 8 8
81 28 0 2
38 21 2 2
5 97 0 5
2 8 8 4
41 89 8 4
25 67 0 2
66 69 8 0
81 95 0 5
54 58 0 0
86 16 0 2
81 18 0 6
4 25 4 4
60 43 0 1
10 49 0 9
11 66 5 5
99 1 7 0
79 51 0 2
10 31 0 0
48 31 4 0
89 80 4 2
76 69 0 0
26 94 8 9
1 69 2 2
42 21 7 6
14 45 0 6
85 100 0 5
81 80 4 7
17 5 8 4
59 77 5 2
19 29 6 4
19 1 6 8
64 21 6 0
3 68 1 2
86 23 0 0
13 51 0 1
14 20 0 6
76 13 0 4
66 56 4 5
93 47 6 6
61 62 2 5
89 70 6 4
1 55 5 0
79 76 2 3
65 25 4 3
9 48 5 2
80 37 6 6
15 41 0 1
78 29 7 4
81 26 0 2
15 83 5 2
89 36 5 2
35 65 0 3
30 21 6 3
56 53 6 4
65 34 8 8
19 73 5 0
23 37 0 6
77 17 4 7
39 41 0 9
49 71 0 5
82 18 0 8
9 45 5 4
6 81 0 2
10 54 9 5
98 76 7 5
2 49 5 2
98 85 0 8
11 40 0 4
85 21 2 5
35 32 6 5
36 21 4 1
42 68 3 2
49 5 8 1
65 91 6 2
89 33 1 3
95 26 4 4
63 91 0 5
47 21 0 9
66 43 8 2
56 26 1 9
80 61 7 6
42 77 0 0
49 21 2 2
49 23 7 2
1 59 8 4
96 71 0 6
79 14 4 5
99 98 0 0
59 16 8 8
51 81 6 2
25 27 9 5
57 58 8 8
15 76 8 0
98 96 7 4
7 83 0 8
14 25 9 4
11 35 8 9
31 36 0 5
90 66 5 8
79 11 0 5
62 41 4 0
85 81 0 0
81 31 8 0
69 6 2 6
25 79 5 6
13 31 2 8
75 51 5 2
13 8 9 6
8 29 0 2
96 92 0 4
37 55 0 8
76 99 3 2
33 81 0 2
51 48 8 8
45 88 2 8
49 63 2 6
53 81 6 5
73 58 6 0
14 93 6 6
49 52 4 0
33 51 0 2
47 81 9 0
92 81 8 4
31 79 9 5
41 21 5 8
25 45 6 4
38 94 6 2
33 87 0 5
55 84 5 0
47 61 0 3
92 68 8 2
77 53 9 0
10 42 0 1
21 40 6 0
61 84 0 5
3 49 6 8
93 6 1 4
71 85 4 0
65 71 2 9
61 21 5 0
59 72 8 1
2 24 2 1
53 95 0 3
71 1 5 3
22 56 9 0
56 42 9 0
73 27 0 0
13 26 0 4
53 89 5 0
16 67 4 8
39 67 8 9
83 28 6 6
30 88 4 8
63 37 0 2
89 52 2 6
53 33 0 6
52 34 4 2
5 46 2 0
5 62 0 0
85 7 8 0
29 33 0 0
98 49 4 8
39 82 4 0
35 51 8 2
63 87 5 0
39 1 1 2
49 56 0 4
82 91 3 6
5 61 4 8
95 58 4 4
17 25 4 6
83 51 0 4
81 70 1 4
1 77 6 8
59 68 2 5
89 20 3 9
56 99 0 7
73 37 6 0
83 1 8 6
34 40 2 4
91 75 2 0
81 59 1 3
81 11 0 0
76 25 8 4
53 28 8 2
27 57 5 1
24 14 8 6
25 26 0 0
64 1 2 7
8 36 6 4
65 1 7 0
89 98 5 3
96 89 0 0
81 39 0 0
61 85 0 5
81 9 5 3
11 14 8 2
47 64 6 4
63 28 8 0
17 49 0 3
79 37 4 9
86 85 3 0
15 65 6 6
43 41 2 8
64 7 6 1
9 17 0 1
15 37 1 6
57 73 3 4
41 49 0 4
5 33 5 5
39 35 7 2
57 55 2 0
28 60 9 2
2 7 0 8
1 2 6 0
13 9 6 5
5 4 0 2
40 67 2 4
77 20 8 5
45 61 8 4
33 11 0 2
21 96 8 6
49 65 0 8
76 3 1 6
89 2 3 6
56 93 0 6
31 51 6 0
21 27 5 1
5 15 9 7
75 26 0 6
7 47 8 2
78 14 6 4
87 61 1 2
97 53 6 2
53 31 7 0
83 57 8 0
19 53 5 0
38 25 4 4
37 86 8 0
