1000
839 929
559 929
796 839
749 796
78 749
368 796
663 559
461 78
187 929
179 187
152 929
490 461
631 368
978 929
66 152
624 749
825 663
921 179
768 461
216 749
22 624
581 624
333 187
205 22
712 631
552 187
744 768
148 663
612 216
868 333
279 559
819 22
950 631
61 825
787 490
215 749
902 796
547 921
374 490
353 279
496 66
208 66
554 744
248 581
450 825
306 624
888 902
521 306
63 624
499 353
23 929
869 768
1000 631
698 612
175 63
474 612
864 152
840 825
354 306
176 353
619 825
648 612
384 1000
325 333
794 749
571 554
949 175
683 384
34 978
159 949
539 152
907 175
943 921
399 215
851 648
170 787
435 399
411 152
458 368
633 208
905 333
998 435
18 825
267 749
485 325
570 374
365 869
255 929
746 384
217 279
372 868
104 248
37 559
910 159
535 435
301 868
80 217
139 353
709 66
302 851
310 864
941 612
304 648
194 66
848 746
492 80
767 152
446 301
760 474
220 744
527 354
919 648
441 499
665 23
12 919
765 698
27 950
406 683
140 633
741 978
901 441
298 527
578 624
956 63
650 787
790 374
242 902
936 998
925 435
962 435
667 216
826 179
169 216
184 298
432 139
180 631
866 978
212 552
602 866
711 399
257 450
872 869
727 796
818 667
337 825
109 749
103 794
636 103
753 179
781 665
32 242
567 184
634 103
609 372
193 749
764 257
530 140
689 148
647 888
714 193
828 760
312 631
637 212
171 368
584 634
802 634
915 872
799 139
240 609
845 869
56 406
933 354
252 306
697 749
810 612
985 905
543 304
161 279
427 171
566 650
913 683
196 768
144 697
533 552
72 212
295 744
259 709
603 764
761 23
36 711
860 570
367 714
97 496
666 193
273 169
639 301
84 384
918 962
718 533
428 159
525 499
236 921
154 547
863 152
390 767
592 636
57 175
343 521
186 802
668 365
988 97
402 584
297 744
102 949
7 567
54 205
963 921
480 603
565 863
805 267
501 259
315 7
67 63
483 236
622 343
942 963
546 67
286 741
618 546
878 220
642 761
895 461
944 668
110 637
172 240
347 483
281 941
417 790
167 36
951 799
131 32
990 901
782 180
473 663
629 949
961 220
133 629
558 131
586 216
13 612
86 602
986 907
914 148
146 933
785 709
526 839
610 826
538 942
611 914
715 910
701 180
745 194
444 474
506 109
908 365
357 634
364 72
395 799
661 367
293 603
52 343
858 919
209 925
42 78
60 411
156 552
477 845
45 661
142 186
892 27
201 372
862 175
656 961
322 384
614 367
653 159
19 610
904 257
969 267
849 647
288 297
454 441
569 301
111 744
954 567
135 942
471 201
735 921
596 796
909 267
673 343
931 78
729 745
41 209
358 909
640 374
557 526
226 483
654 864
332 19
231 654
355 667
271 402
90 355
356 571
195 790
476 848
707 950
632 950
106 406
716 942
361 936
481 18
472 304
377 642
409 167
967 950
168 901
30 697
375 154
5 471
975 353
855 304
363 931
313 746
227 611
743 741
25 656
813 194
362 535
935 169
416 915
245 711
260 654
994 501
153 978
203 37
875 543
162 286
590 353
678 312
478 709
311 390
96 322
674 139
887 111
699 578
330 255
968 96
265 632
946 374
268 56
600 446
747 633
752 36
408 866
33 864
74 707
564 208
1 97
16 148
736 558
643 140
836 441
387 215
728 901
703 16
940 96
466 353
244 639
17 353
911 375
502 839
482 650
50 990
119 172
292 257
778 787
532 673
721 325
548 543
652 778
177 293
419 252
202 408
486 472
389 201
898 1000
51 159
595 480
991 736
388 450
256 201
164 968
664 994
266 994
141 836
342 818
823 565
165 622
434 728
329 196
134 986
456 596
917 368
511 711
549 728
351 194
540 236
320 169
903 668
806 629
838 866
219 527
117 552
645 313
323 990
801 333
793 298
582 578
510 259
562 707
112 22
6 925
952 12
182 968
577 474
750 343
717 533
623 217
211 727
204 144
529 231
808 343
809 1000
972 750
3 918
739 342
494 674
465 868
181 902
234 208
429 273
579 743
874 480
464 666
24 112
349 112
738 925
947 387
99 760
880 201
544 985
221 362
346 952
423 825
83 612
173 361
453 134
965 97
923 602
885 144
317 752
116 794
383 361
732 954
275 297
143 581
671 131
360 177
503 99
487 481
893 257
420 219
938 919
210 67
451 234
524 103
613 750
124 131
675 530
386 1
516 90
336 570
291 600
966 25
440 954
870 3
280 768
617 298
200 661
724 374
719 367
926 66
705 631
568 302
811 257
495 944
515 614
513 673
463 595
730 967
690 248
393 365
684 495
658 683
150 267
769 104
772 664
789 684
797 298
780 112
522 717
62 919
378 244
345 286
366 903
284 112
620 914
326 219
542 543
324 986
341 22
814 819
188 642
237 80
77 169
509 975
452 513
536 109
977 260
47 322
939 799
920 634
183 888
561 63
261 186
692 417
937 569
381 80
740 271
573 42
899 386
857 259
641 938
296 291
468 952
628 781
129 947
638 54
412 281
737 256
149 991
989 226
662 227
137 538
425 778
489 570
896 142
651 143
400 845
859 624
484 521
443 549
436 111
804 789
922 16
239 640
460 516
627 721
206 718
94 171
889 343
984 889
706 200
997 674
243 492
792 61
69 806
338 484
249 179
213 209
404 322
691 167
677 494
397 119
75 175
122 141
575 639
68 336
49 395
693 341
442 22
556 281
696 893
430 377
505 75
376 603
519 429
748 390
995 69
247 301
475 408
100 719
700 142
127 764
391 706
953 516
421 375
437 933
861 167
660 441
228 361
4 326
344 967
726 921
756 610
759 899
299 954
957 209
197 356
974 549
262 496
185 969
283 929
541 86
270 645
438 37
121 729
601 37
422 313
369 131
493 50
981 460
294 465
574 717
488 338
572 32
713 466
807 678
222 78
803 941
457 743
331 866
321 706
76 765
254 406
107 492
783 156
822 172
316 652
91 456
608 965
528 700
979 905
930 374
771 645
695 267
959 495
775 356
723 148
788 499
655 367
418 94
786 383
2 695
731 995
382 761
555 543
241 77
157 939
607 790
594 721
308 180
672 298
138 988
766 354
955 632
834 925
996 220
742 787
263 880
987 24
348 765
762 354
192 719
114 221
497 668
791 732
467 638
318 154
835 478
314 573
597 78
14 358
882 212
278 369
842 436
676 333
89 863
415 86
178 568
867 633
722 629
630 182
580 990
132 764
405 497
657 405
847 400
15 395
218 167
587 222
470 364
512 567
649 16
970 419
589 666
853 299
123 109
770 450
993 257
147 963
98 511
20 127
225 875
576 68
593 492
319 196
113 247
702 252
883 97
534 719
276 346
82 415
821 823
758 419
733 366
670 805
491 134
447 955
583 858
795 408
424 506
616 701
776 206
844 828
694 746
410 308
520 221
88 477
199 743
912 501
258 293
126 955
334 184
340 100
431 597
856 100
894 731
754 461
881 632
816 805
46 227
820 326
679 225
755 764
79 241
879 759
774 848
232 967
264 657
385 357
890 169
606 75
644 389
479 727
550 492
553 221
960 510
166 152
605 795
105 742
73 204
64 511
145 36
773 375
85 578
833 996
352 979
725 482
999 264
433 406
455 587
108 47
125 578
398 505
328 553
26 280
28 258
163 726
371 94
459 902
158 351
688 209
837 256
81 721
413 723
189 678
831 788
615 411
669 984
70 200
445 661
873 236
469 697
43 163
827 547
59 64
686 232
230 60
394 363
798 67
44 232
238 293
224 393
877 696
531 162
973 50
779 950
537 472
370 139
916 863
303 313
9 956
8 808
207 796
327 465
498 772
945 912
704 202
763 950
843 735
824 278
948 941
685 152
93 505
48 405
155 665
198 418
246 956
300 896
784 747
518 613
980 953
720 428
277 988
982 492
274 895
777 688
407 572
507 395
335 198
251 202
396 724
53 455
151 729
852 422
800 797
884 370
830 719
339 744
55 853
287 261
10 987
29 845
934 224
414 615
551 768
891 176
900 974
841 748
439 925
130 338
500 45
523 583
832 28
71 396
160 325
958 461
906 502
682 99
829 296
350 363
971 46
87 239
626 689
708 227
751 512
585 534
876 49
462 319
817 370
229 721
403 256
120 878
734 699
174 177
635 2
687 950
964 650
272 790
118 996
646 901
846 536
815 167
659 885
401 792
39 457
932 1
992 460
359 884
253 385
591 418
128 6
426 835
871 749
282 493
812 138
504 618
621 562
235 953
625 161
373 683
514 445
31 156
560 131
710 394
115 696
854 510
233 24
190 426
40 812
290 221
191 147
588 248
95 117
897 469
289 312
379 310
250 237
285 1000
92 308
928 515
545 980
309 13
65 564
58 220
449 4
380 285
681 637
757 530
563 952
850 881
976 32
307 642
886 900
983 484
305 455
508 225
11 143
599 555
269 798
136 703
598 89
223 120
517 646
680 617
604 2
214 615
35 570
924 754
38 258
21 169
927 876
392 227
448 803
101 379
865 307
