1000
146 777
146 218
418 218
463 777
433 218
917 777
279 218
627 777
733 218
361 777
566 218
181 777
135 218
503 777
655 218
280 777
400 218
889 777
227 218
515 777
341 218
248 777
628 218
726 777
166 218
186 777
132 218
215 777
96 218
938 777
360 218
528 777
849 218
229 777
989 218
202 777
358 218
224 777
196 218
456 777
948 218
890 777
580 218
742 777
33 218
477 777
435 218
322 777
554 218
559 777
523 218
89 777
901 218
558 777
650 218
354 777
681 218
269 777
570 218
475 777
536 218
284 777
981 218
704 777
241 218
117 777
607 218
521 777
931 218
213 777
997 218
674 777
295 218
266 777
865 218
185 777
265 218
78 777
738 218
841 777
402 218
595 777
383 218
904 777
539 218
721 777
76 218
693 777
740 218
939 777
759 218
584 777
114 218
954 777
677 218
373 777
389 218
219 777
823 218
198 777
601 218
788 777
701 218
124 777
699 218
572 777
950 218
640 777
21 218
434 777
369 218
550 777
43 218
387 777
149 218
157 777
52 218
18 777
411 218
160 777
687 218
413 777
556 218
464 777
452 218
524 777
46 218
882 777
956 218
326 777
600 218
330 777
598 218
541 777
970 218
802 777
920 218
945 777
771 218
516 777
768 218
203 777
7 218
979 777
147 218
798 777
552 218
885 777
996 218
502 777
795 218
822 777
48 218
613 777
47 218
909 777
494 218
362 777
169 218
913 777
861 218
26 777
272 218
370 777
62 218
237 777
636 218
605 777
16 218
839 777
940 218
235 777
403 218
72 777
177 218
470 777
696 218
887 777
201 218
191 777
553 218
765 777
472 218
522 777
253 218
531 777
167 218
118 777
969 218
385 777
294 218
187 777
648 218
417 777
130 218
349 777
735 218
113 777
995 218
960 777
691 218
846 777
162 218
592 777
274 218
902 777
367 218
930 777
98 218
329 777
690 218
797 777
317 218
561 777
125 218
509 777
504 218
946 777
480 218
145 777
392 218
893 777
844 218
801 777
106 218
912 777
763 218
755 777
973 218
689 777
507 218
462 777
193 218
3 777
977 218
190 777
757 218
393 777
808 218
791 777
32 218
314 777
51 218
914 777
28 218
965 777
842 218
168 777
545 218
709 777
289 218
645 777
126 218
683 777
811 218
856 777
443 218
425 777
95 218
727 777
382 218
488 777
924 218
980 777
120 218
821 777
501 218
644 777
527 218
212 777
250 218
962 777
723 218
869 777
991 218
436 777
141 218
245 777
286 218
410 777
575 218
58 777
2 218
440 777
761 218
832 777
736 218
405 777
782 218
231 777
734 218
12 777
837 218
406 777
546 218
137 777
656 218
858 777
380 218
41 777
446 218
111 777
862 218
944 777
982 218
8 777
173 218
705 777
37 218
729 777
573 218
101 777
208 218
232 777
291 218
781 777
692 218
894 777
959 218
520 777
658 218
214 777
142 218
799 777
255 218
794 777
204 218
671 777
206 218
44 777
158 218
870 777
953 218
482 777
277 218
99 777
762 218
290 777
564 218
669 777
73 218
565 777
407 218
712 777
4 218
975 777
850 218
309 777
347 218
391 777
976 218
451 777
859 218
876 777
138 218
773 777
61 218
63 777
653 218
927 777
922 218
339 777
542 218
547 777
647 218
685 777
758 218
281 777
745 218
103 777
533 218
563 777
506 218
256 777
485 218
810 777
579 218
919 777
664 218
538 777
780 218
625 777
817 218
183 777
366 218
333 777
155 218
623 777
315 218
397 777
344 218
688 777
131 218
252 777
663 218
335 777
81 218
178 777
365 218
567 777
754 218
955 777
611 218
136 777
877 218
316 777
608 218
888 777
529 218
100 777
112 218
324 777
836 218
949 777
505 218
82 777
847 218
159 777
251 218
415 777
577 218
992 777
1000 218
724 777
935 218
163 777
264 218
530 777
66 218
431 777
459 218
338 777
793 218
122 777
233 218
236 777
829 218
730 777
128 218
71 777
881 218
170 777
961 218
476 777
895 218
292 777
785 218
5 777
551 218
555 777
386 218
855 777
267 218
79 777
583 218
368 777
437 218
886 777
711 218
83 777
372 218
905 777
816 218
165 777
698 218
466 777
809 218
860 777
34 218
375 777
150 218
800 777
622 218
725 777
357 218
581 777
744 218
985 777
943 218
606 777
620 218
706 777
442 218
560 777
942 218
779 777
835 218
617 777
662 218
680 777
194 218
748 777
519 218
784 777
586 218
574 777
602 218
270 777
427 218
652 777
897 218
988 777
246 218
576 777
609 218
351 777
815 218
492 777
92 218
848 777
619 218
24 777
498 218
378 777
660 218
468 777
174 218
707 777
868 218
409 777
221 218
916 777
207 218
495 777
616 218
928 777
225 218
334 777
921 218
303 777
74 218
898 777
481 218
585 777
465 218
374 777
987 218
143 777
618 218
728 777
261 218
189 777
614 218
679 777
746 218
273 777
599 218
594 777
952 218
783 777
710 218
497 777
217 218
971 777
271 218
13 777
641 218
469 777
604 218
85 777
22 218
610 777
999 218
540 777
557 218
569 777
457 218
743 777
356 218
70 777
152 218
934 777
449 218
603 777
634 218
867 777
182 218
49 777
983 218
107 777
234 218
517 777
75 218
416 777
843 218
812 777
240 218
319 777
184 218
929 777
345 218
68 777
490 218
958 777
371 218
491 777
642 218
140 777
84 218
833 777
305 218
684 777
845 218
278 777
350 218
769 777
630 218
6 777
175 218
857 777
512 218
239 777
121 218
804 777
179 218
301 777
259 218
307 777
903 218
593 777
666 218
926 777
534 218
395 777
65 218
216 777
222 218
756 777
127 218
994 777
786 218
156 777
116 218
884 777
499 218
200 777
702 218
109 777
774 218
629 777
332 218
57 777
27 218
853 777
257 218
260 777
632 218
719 777
461 218
588 777
814 218
263 777
624 218
718 777
45 218
633 777
513 218
591 777
820 218
376 777
792 218
587 777
439 218
87 777
478 218
963 777
302 218
300 777
826 218
258 777
188 218
429 777
102 218
715 777
638 218
340 777
968 218
966 777
115 218
321 777
342 218
639 777
414 218
15 777
789 218
714 777
31 218
176 777
129 218
615 777
9 218
238 777
353 218
678 777
388 218
532 777
596 218
352 777
543 218
483 777
673 218
59 777
458 218
486 777
310 218
242 777
91 218
230 777
359 218
731 777
923 218
526 777
36 218
394 777
487 218
873 777
716 218
500 777
133 218
549 777
589 218
878 777
424 218
421 777
223 218
510 777
454 218
11 777
803 218
432 777
38 218
508 777
827 218
807 777
984 218
544 777
892 218
732 777
899 218
694 777
805 218
667 777
293 218
631 777
661 218
311 777
154 218
568 777
398 218
720 777
612 218
941 777
621 218
423 777
343 218
94 777
713 218
337 777
30 218
806 777
325 218
172 777
331 218
813 777
328 218
327 777
426 218
312 777
514 218
25 777
64 218
993 777
872 218
247 777
460 218
776 777
697 218
148 777
69 218
635 777
649 218
53 777
957 218
871 777
571 218
93 777
918 218
739 777
296 218
134 777
854 218
244 777
455 218
285 777
818 218
243 777
336 218
722 777
682 218
210 777
578 218
363 777
90 218
19 777
381 218
900 777
741 218
675 777
964 218
824 777
990 218
659 777
348 218
447 777
760 218
275 777
766 218
646 777
767 218
430 777
908 218
10 777
998 218
493 777
323 218
643 777
211 218
379 777
978 218
192 777
390 218
863 777
479 218
288 777
874 218
450 777
161 218
298 777
915 218
830 777
537 218
448 777
282 218
471 777
346 218
110 777
441 218
910 777
750 218
496 777
54 218
428 777
986 218
665 777
299 218
153 777
86 218
700 777
205 218
453 777
778 218
974 777
97 218
228 777
879 218
313 777
911 218
220 777
399 218
753 777
60 218
164 777
171 218
875 777
851 218
209 777
35 218
933 777
195 218
834 777
590 218
88 777
708 218
967 777
891 218
77 777
489 218
304 777
597 218
306 777
747 218
880 777
866 218
668 777
695 218
119 777
412 218
951 777
796 218
438 777
123 218
925 777
831 218
20 777
703 218
105 777
17 218
401 777
670 218
819 777
40 218
676 777
937 218
686 777
408 218
651 777
283 218
308 777
770 218
318 777
364 218
377 777
828 218
562 777
23 218
56 777
749 218
764 777
249 218
419 777
42 218
226 777
144 218
384 777
772 218
752 777
637 218
896 777
180 218
197 777
907 218
840 777
445 218
672 777
883 218
404 777
80 218
947 777
852 218
838 777
320 218
751 777
287 218
104 777
420 218
14 777
511 218
825 777
484 218
864 777
525 218
254 777
396 218
787 777
932 218
548 777
50 218
717 777
422 218
444 777
67 218
654 777
473 218
626 777
355 218
582 777
151 218
790 777
199 218
972 777
297 218
737 777
467 218
518 777
268 218
657 777
936 218
906 777
775 218
474 777
276 218
55 777
262 218
39 777
108 218
29 777
1 777
535 777
139 777
