200
1 2
1 3
3 4
3 5
1 6
4 7
4 8
8 9
7 10
7 11
1 12
3 13
3 14
2 15
10 16
5 17
13 18
10 19
13 20
3 21
20 22
16 23
7 24
20 25
7 26
6 27
21 28
20 29
26 30
3 31
30 32
24 33
26 34
6 35
32 36
12 37
30 38
4 39
13 40
35 41
2 42
27 43
12 44
29 45
5 46
20 47
24 48
7 49
32 50
50 51
27 52
39 53
47 54
51 55
53 56
38 57
27 58
56 59
11 60
14 61
17 62
55 63
34 64
51 65
25 66
49 67
4 68
60 69
26 70
33 71
24 72
30 73
73 74
11 75
72 76
25 77
55 78
65 79
43 80
76 81
1 82
43 83
30 84
2 85
46 86
41 87
19 88
4 89
55 90
9 91
41 92
89 93
43 94
62 95
72 96
35 97
17 98
1 99
34 100
84 101
37 102
51 103
21 104
81 105
94 106
41 107
76 108
74 109
42 110
69 111
77 112
10 113
107 114
28 115
10 116
61 117
93 118
95 119
47 120
63 121
98 122
43 123
36 124
18 125
28 126
84 127
104 128
18 129
40 130
114 131
101 132
12 133
39 134
101 135
43 136
109 137
117 138
63 139
42 140
116 141
141 142
98 143
104 144
123 145
6 146
2 147
58 148
18 149
149 150
9 151
141 152
101 153
129 154
98 155
106 156
136 157
108 158
11 159
3 160
7 161
95 162
140 163
78 164
26 165
120 166
103 167
137 168
57 169
96 170
141 171
39 172
144 173
19 174
46 175
159 176
103 177
114 178
168 179
48 180
176 181
109 182
43 183
26 184
137 185
12 186
84 187
88 188
59 189
184 190
72 191
103 192
11 193
177 194
50 195
71 196
192 197
90 198
191 199
84 200
200
74 93
110 193
25 133
90 57
126 164
86 81
99 128
186 27
24 152
172 188
152 108
9 110
124 21
113 70
30 149
192 178
73 74
2 175
119 39
183 147
147 100
112 62
176 192
17 70
113 92
39 139
131 41
75 192
128 53
55 84
173 58
57 200
23 175
118 105
177 187
65 96
161 135
108 152
147 139
157 143
14 196
93 137
70 109
70 130
41 99
35 171
119 21
20 143
3 156
73 5
127 56
87 184
151 195
121 30
20 106
113 142
69 48
111 174
17 165
137 164
64 192
180 163
114 145
121 80
55 122
108 173
9 182
145 13
31 50
96 113
124 27
59 51
23 9
197 82
76 131
125 117
91 107
178 27
127 123
10 170
90 56
86 71
183 101
80 198
80 115
64 121
129 64
179 38
116 150
174 124
127 54
25 103
83 132
7 37
6 117
172 127
148 86
128 68
153 142
132 10
10 151
82 78
92 73
34 190
125 56
194 38
34 111
102 184
105 132
169 199
184 14
138 181
101 116
146 3
111 192
20 42
165 29
62 8
22 5
88 53
152 53
163 30
45 36
28 113
115 18
88 58
171 94
42 86
157 35
43 182
161 4
137 38
89 197
43 142
69 172
180 153
7 183
78 77
56 31
146 194
107 78
181 94
65 134
60 112
20 34
43 83
56 25
146 62
22 151
186 178
139 46
191 171
56 198
30 154
12 88
176 50
103 113
87 90
176 5
145 83
194 122
99 187
130 159
56 97
140 196
42 18
150 99
40 10
141 24
129 15
39 62
79 27
129 34
39 168
98 107
153 113
15 18
19 110
104 78
147 48
83 83
156 134
104 60
24 24
93 7
111 74
178 169
55 187
8 97
125 118
173 169
115 32
51 18
98 172
11 111
106 140
155 109
160 168
184 121
110 187
