2 100 50 300
251 82
150 42
44 276
119 255
116 44
141 240
221 101
152 41
120 81
203 188
298 4
254 132
264 12
229 267
222 103
300 110
290 138
165 278
115 271
233 45
300 125
207 81
75 290
226 292
50 2
77 173
232 171
300 107
283 200
280 115
272 93
50 94
255 199
269 71
146 224
93 90
264 66
56 26
91 80
279 132
25 297
216 284
233 99
91 68
94 107
110 179
296 172
129 183
67 133
213 122
92 291
195 165
36 145
140 187
228 50
165 28
275 248
24 1
290 122
33 299
245 49
170 94
236 175
83 133
289 208
187 123
205 108
19 259
85 212
107 227
6 27
54 89
198 209
173 291
250 283
180 154
265 170
245 261
226 57
109 35
29 124
117 189
65 195
196 260
294 9
149 42
209 125
275 295
45 58
243 51
257 175
78 162
189 182
227 32
297 20
95 126
7 281
164 124
81 88
247 103
