3 100 57 75
38 31 31
32 10 71
31 56 23
72 5 22
22 29 68
55 26 53
74 45 56
47 13 22
63 25 8
27 11 40
39 13 3
73 42 49
64 11 5
21 8 61
54 60 45
14 18 7
8 60 35
40 48 47
40 69 7
38 44 65
19 50 3
43 51 40
47 23 16
43 30 50
74 30 10
17 55 72
4 68 63
58 13 40
26 51 67
65 53 29
29 58 41
43 72 52
75 67 53
44 16 40
46 24 49
16 19 47
41 21 1
15 28 1
63 17 57
17 66 57
51 57 13
35 31 52
8 37 38
32 63 2
52 51 57
66 72 31
22 46 51
41 73 73
37 3 45
69 52 72
16 40 12
37 22 19
63 62 29
34 57 27
45 19 35
12 19 44
25 4 45
21 56 4
75 33 45
64 23 12
67 18 62
47 47 62
48 44 5
2 56 59
68 54 18
47 6 4
34 32 51
7 62 26
18 40 8
24 39 24
51 38 71
31 58 24
20 7 63
66 70 56
45 66 25
11 42 63
22 2 6
39 8 2
37 61 40
69 47 13
31 12 73
43 25 4
15 10 31
16 14 41
26 28 13
71 6 31
21 31 36
61 67 72
25 18 50
55 12 44
6 53 72
63 63 2
38 9 47
11 63 71
42 7 75
5 75 54
22 58 39
72 74 38
63 2 20
65 75 2
