3 100 77 75
43 62 71
51 28 71
18 71 28
9 44 58
21 10 17
48 56 12
25 2 38
75 33 61
55 29 33
74 18 45
56 70 3
49 45 15
40 42 24
70 75 67
49 47 53
48 58 32
6 40 44
43 10 41
26 30 26
53 23 58
73 40 16
7 16 39
10 59 15
50 68 31
71 34 58
18 66 48
23 29 54
12 11 16
59 51 53
50 61 10
18 36 33
40 16 39
22 43 43
36 60 19
37 14 46
28 40 75
36 7 66
28 54 22
7 27 3
75 42 60
63 61 32
31 68 49
5 1 3
28 42 5
33 14 42
2 58 58
61 21 64
12 49 23
6 52 26
4 38 73
62 21 13
58 44 51
74 3 53
54 4 73
60 64 65
25 35 75
29 17 5
9 16 61
40 49 8
61 70 24
71 69 23
56 55 19
62 36 12
54 2 11
19 2 64
25 42 64
35 39 33
69 7 24
6 16 31
65 28 43
34 49 45
30 65 36
57 14 47
20 27 69
63 11 45
56 14 32
44 51 56
20 11 31
8 47 74
44 12 70
24 23 57
47 25 74
73 42 30
5 73 57
26 55 7
38 25 64
11 75 48
71 38 27
57 11 52
23 65 5
32 71 67
9 17 33
52 16 20
59 13 67
1 19 34
29 16 59
62 36 18
51 7 45
48 64 68
52 69 54
