2 100 63 300
277 3
199 132
151 126
178 165
192 52
17 159
270 165
68 9
185 204
198 114
286 227
44 208
31 210
296 271
27 106
43 198
63 122
267 101
104 219
274 28
95 224
59 23
131 8
130 286
126 139
237 203
2 167
40 85
45 288
271 55
35 109
9 274
160 280
49 300
49 83
92 82
103 141
156 95
293 237
192 256
41 89
115 114
183 49
154 130
249 217
125 37
190 125
137 225
4 171
289 90
103 254
285 4
284 153
110 87
174 90
158 260
164 184
19 208
4 11
140 279
26 274
187 182
215 145
281 136
188 105
18 66
165 32
236 221
103 230
79 156
270 176
138 134
151 146
88 20
117 84
184 291
120 284
109 33
111 223
202 221
166 73
253 68
208 154
107 126
219 186
272 30
288 263
279 233
20 6
251 159
155 4
79 118
72 53
259 172
57 182
232 216
225 146
67 110
150 282
152 230
