10
20 18
1
2
2
2
2
5
2
8
4
6
11
2
7
9
14
5
13
4
11
20 15
1
1
1
4
5
6
4
7
8
8
10
12
11
14
6
16
3
11
19
20 20
1
2
2
1
3
6
7
3
7
7
6
10
2
12
1
11
4
3
18
20 15
1
1
2
3
1
6
6
6
9
6
8
1
12
10
4
13
15
10
4
20 17
1
2
3
3
3
4
3
3
4
9
1
1
3
2
9
10
2
17
6
20 15
1
2
1
4
5
3
6
2
6
5
7
1
4
12
14
11
12
11
5
20 14
1
2
1
2
1
4
4
2
3
4
10
4
4
10
12
4
16
16
3
20 15
1
2
3
2
4
5
4
7
6
10
10
1
11
2
9
1
5
13
10
20 14
1
1
3
1
1
3
5
4
1
5
2
6
8
11
6
2
8
9
15
20 14
1
2
1
2
1
5
3
2
9
4
2
12
2
10
2
9
9
7
13
