135 1000 10000
724
1184
1336
553
1926
1236
1063
33
1194
523
1156
904
456
1342
1841
1815
793
354
783
1665
1626
1926
1922
1913
1547
1456
1326
782
1787
86
1785
863
1269
1472
1767
1546
1059
1181
1578
253
1703
1086
1508
158
779
1701
325
1571
54
1107
1587
32
1384
1860
296
930
1315
1622
63
1454
1707
1847
668
1327
1318
434
873
377
1615
802
981
1669
1887
488
179
1018
188
503
940
594
1609
527
977
992
738
1272
274
53
1245
336
1858
1303
183
877
630
1852
1310
1854
228
1276
1007
1208
945
1246
48
1123
263
587
1625
1202
1180
1233
80
508
576
818
1780
1201
1222
1376
1537
1079
679
1719
1955
1660
1570
1616
1513
150
892
519
1709
188
116
29 76 1310
8 50 343
41 8 1580
79 117 518
30 79 382
89 127 828
64 36 646
36 42 240
107 118 1127
16 20 252
14 109 929
63 90 1401
61 125 674
92 127 1312
60 68 479
23 3 490
40 125 157
70 71 1425
39 71 1058
121 73 1746
37 101 1738
101 108 655
53 7 974
65 16 1268
107 78 164
3 132 1885
56 43 396
80 38 1885
57 122 1928
2 93 1451
35 133 1326
131 17 897
28 126 1476
65 62 1569
9 2 614
61 32 1027
72 59 240
123 117 1438
49 27 927
48 88 1665
73 70 928
113 44 885
132 81 1538
71 129 392
7 67 668
60 65 575
54 11 486
97 67 1475
9 57 144
31 91 1198
133 102 710
116 112 1813
108 64 609
105 10 865
34 56 659
2 4 1328
135 9 783
80 62 1261
14 116 1685
94 56 489
121 5 198
24 43 346
56 127 887
91 48 1348
15 62 1215
108 102 491
82 54 1474
51 26 1224
1 31 609
125 118 1969
72 34 1322
62 106 1205
104 100 212
92 7 1127
67 129 469
28 50 249
118 37 1031
18 36 1701
56 19 765
37 66 1650
128 79 297
97 50 255
19 88 1147
11 101 204
89 135 271
89 21 1374
66 38 171
7 94 399
21 118 1395
65 24 983
126 33 1492
114 119 881
27 59 528
78 46 790
80 104 333
20 84 1975
13 29 932
28 107 1103
19 89 60
96 26 1833
127 58 181
90 44 273
44 17 135
130 86 1437
96 80 547
80 116 97
43 134 353
74 12 912
105 45 262
87 103 876
5 27 493
14 63 1926
77 35 1079
129 69 1853
58 8 1037
85 46 1819
40 92 1242
81 132 1920
66 118 1113
44 98 1610
87 89 479
121 87 50
125 100 1034
88 96 63
90 132 1014
73 89 240
132 46 139
70 41 1633
131 14 1897
79 60 707
21 81 1522
30 83 150
127 91 1672
76 109 844
52 74 129
40 77 796
104 37 510
1 2 141
127 131 509
21 117 1190
88 68 1844
66 135 1732
69 52 1946
92 30 1904
75 42 1202
9 34 1128
113 38 1839
50 102 190
20 33 50
135 130 647
65 101 189
38 131 1840
22 3 990
133 101 593
28 121 887
35 8 1372
44 74 1210
15 82 1416
112 103 820
131 122 1702
7 85 281
65 58 1447
130 66 809
111 12 333
95 90 1373
117 25 91
106 90 1124
88 118 259
135 84 262
100 49 315
131 54 984
132 119 581
22 69 1141
52 70 53
74 99 19
76 64 684
119 70 1286
20 47 1122
92 125 119
8 24 8
86 115 785
11 35 1052
22 129 380
41 23 725
53 129 865
88 20 492
134 30 1076
23 73 394
70 125 1772
5 34 1232
130 101 903
10 60 793
91 9 398
14 93 1337
71 20 1368
71 125 358
112 3 1794
133 115 763
68 52 1424
14 7 1165
70 89 877
10 19 488
111 61 1431
62 58 1225
99 18 1678
40 79 1697
36 6 723
3 93 1823
84 9 755
58 12 1987
118 48 855
113 56 977
99 78 106
135 78 1172
122 21 1578
80 124 168
61 4 695
106 76 1110
91 35 1888
118 56 32
64 71 790
66 120 849
89 123 568
36 28 984
30 82 183
63 114 1795
121 71 1314
49 88 389
4 12 862
101 107 1299
29 100 600
75 18 1244
124 28 474
97 98 123
99 48 1039
52 130 630
104 126 585
87 27 1692
50 43 854
50 42 826
54 134 1996
44 36 776
96 114 95
78 101 1080
133 58 1076
102 108 98
100 72 549
16 27 1672
66 75 399
64 51 86
8 73 652
13 28 1617
97 17 1250
6 114 1093
1 116 686
22 105 194
55 20 1242
24 12 342
21 108 485
64 32 996
50 13 856
31 43 1938
65 15 787
30 124 1129
24 47 107
4 120 1325
43 91 633
69 114 347
101 43 952
20 5 688
57 36 1708
68 31 1022
100 50 202
76 69 990
23 12 1488
95 124 1301
30 126 1430
55 28 450
21 48 1198
70 78 104
44 78 1496
109 38 415
70 67 1073
15 47 714
51 23 199
3 86 365
64 58 986
106 44 1207
61 65 1453
24 48 576
84 116 533
91 18 1987
11 99 1465
31 2 882
24 17 366
100 77 318
18 120 1117
7 101 340
91 116 1844
134 120 566
12 14 1158
84 124 300
83 36 1020
92 55 1681
89 4 406
47 4 1763
132 58 483
78 98 1603
50 35 537
32 6 960
72 25 173
42 17 1466
104 44 713
59 32 182
120 128 1562
126 3 950
114 93 381
19 58 1213
34 48 1811
104 89 1871
50 112 1500
33 84 1857
9 53 86
75 25 280
76 12 647
83 2 227
34 21 868
36 70 811
16 24 200
65 72 489
132 14 91
55 77 1183
61 125 1391
110 54 222
21 65 1991
90 47 1768
4 88 429
22 5 175
33 22 1786
13 87 1487
73 116 45
14 77 1602
7 23 108
88 43 1196
32 64 109
27 81 772
109 89 1474
95 32 1374
107 7 1405
77 96 416
5 62 391
49 97 1941
55 14 510
7 88 1684
106 55 1273
14 122 1079
93 133 1234
93 52 932
6 44 1796
94 14 351
11 89 163
8 126 1159
90 114 132
30 64 1203
60 62 830
39 63 1282
103 59 504
29 91 390
110 130 1689
38 59 1660
107 13 1594
65 44 981
127 85 121
86 20 871
68 69 743
53 37 524
48 36 1399
30 81 1245
46 38 917
117 14 1065
123 33 769
19 80 1670
70 71 272
17 34 637
2 102 484
73 76 1624
103 86 1737
15 4 1256
105 84 1220
57 66 126
86 68 404
8 115 1571
34 2 1035
85 55 1332
82 116 1967
84 127 49
123 107 1798
66 127 359
3 130 130
27 120 733
83 132 1995
77 62 1042
16 130 1664
77 90 1589
124 7 1480
127 6 1197
17 52 714
71 34 1684
24 64 286
91 75 403
134 40 115
50 84 1339
54 105 873
45 9 685
98 103 1044
19 117 319
105 108 478
8 114 1122
82 70 361
91 47 1376
61 5 775
81 29 1722
39 18 394
19 113 1940
20 102 1124
100 86 931
92 129 1496
32 95 1854
22 56 318
22 33 1722
133 35 307
9 65 751
72 102 1400
65 105 1277
113 109 933
115 2 1952
97 64 279
26 77 1899
49 111 1782
64 5 1351
79 125 883
122 36 847
17 7 1254
75 11 746
121 65 1942
102 17 1284
36 47 859
88 49 1032
15 45 610
32 59 722
13 54 1663
38 113 1953
124 131 697
3 33 612
110 121 744
76 81 88
116 23 948
67 127 707
20 9 338
65 70 124
91 121 624
123 22 526
115 68 144
68 54 92
19 35 568
102 48 1351
121 113 1837
63 97 522
94 27 209
27 113 1715
46 98 1800
70 92 1281
62 84 1088
71 56 947
5 105 1791
89 30 55
40 109 1180
18 35 1896
8 97 841
53 83 780
5 101 1503
67 18 1990
53 41 1784
83 67 575
135 61 1996
87 29 1295
18 17 443
124 56 893
7 135 562
26 41 1658
67 64 1613
32 57 1118
9 50 644
135 113 820
32 97 1703
75 118 1243
63 95 81
32 52 895
131 79 95
128 115 560
122 134 110
12 35 589
82 28 781
42 15 786
53 128 24
1 12 397
90 2 507
34 132 1133
42 110 1230
69 91 633
2 38 1550
6 64 488
17 30 1459
28 34 198
69 83 1203
132 91 347
39 62 962
60 74 568
27 42 767
111 18 1435
3 74 149
67 28 1131
39 110 49
72 78 157
122 79 566
29 118 914
29 25 1368
73 17 449
19 23 1487
34 103 1083
80 29 1754
25 65 705
113 16 715
9 41 809
27 106 977
56 92 976
17 2 778
104 8 484
17 108 720
14 59 809
28 68 132
79 54 1751
5 44 1827
80 117 678
18 25 1548
107 10 706
110 62 1189
80 25 368
75 105 1034
135 132 88
10 67 1770
115 52 1839
97 16 1872
14 59 430
108 45 1313
114 110 579
64 90 1663
120 111 943
3 118 1232
78 113 1155
115 105 1732
58 76 432
10 26 1622
42 101 1526
57 80 326
110 34 1016
90 134 1380
24 71 1347
104 22 1527
93 7 898
17 65 1365
94 80 283
35 6 510
29 96 868
23 102 1549
74 99 1224
80 79 234
21 12 551
83 21 806
28 123 861
12 108 745
49 81 1579
126 15 1082
121 113 80
9 22 700
67 90 1799
118 13 805
26 97 1442
86 94 1657
104 28 1759
79 115 683
93 21 484
48 46 989
104 103 770
119 63 166
52 3 1278
28 127 1858
48 16 1738
99 96 1780
92 71 250
14 41 1498
112 84 894
132 57 128
37 104 1968
6 3 996
98 65 1341
122 27 1411
114 8 946
45 124 1914
55 134 898
37 105 1697
130 22 1341
99 64 1382
132 12 1196
93 30 1599
122 65 343
66 130 1493
94 119 1749
21 117 274
2 115 109
70 100 145
43 12 1300
114 36 1625
4 92 307
71 34 312
108 6 1969
127 51 1730
47 96 618
128 112 1091
1 114 975
23 14 1611
32 115 1784
73 107 1256
71 51 1779
78 109 1600
65 88 1502
62 1 1336
119 100 3
71 41 1750
31 91 1202
120 104 1864
6 54 1125
77 30 1183
101 123 1407
67 10 1908
109 24 1313
23 26 49
109 116 1676
60 4 1332
112 48 1537
74 114 1341
50 25 1378
22 85 543
102 86 692
1 69 393
12 2 1056
48 73 1415
50 6 201
47 116 275
124 102 1574
111 20 340
15 86 403
131 5 686
121 5 44
125 9 1884
8 55 3
29 25 970
108 42 604
1 69 1465
90 108 155
93 51 1188
73 96 465
117 128 1390
117 114 1903
126 91 977
91 59 197
84 99 715
3 14 56
83 75 1381
79 82 473
67 34 31
107 28 488
89 23 207
91 58 863
48 94 738
27 108 1880
40 79 579
121 105 1231
60 114 1361
70 34 336
51 86 1313
46 7 5
29 23 1835
114 61 131
77 113 511
40 24 478
22 53 1429
61 68 1893
111 63 761
45 69 10
113 81 476
127 38 1775
28 10 585
108 106 1726
54 33 841
7 63 634
57 80 944
55 88 884
105 87 697
3 70 1992
121 86 320
78 65 101
32 29 1787
39 111 88
48 116 1452
121 126 396
119 2 338
102 90 1685
107 23 1878
85 127 1218
3 119 1470
12 101 1576
115 134 488
133 73 1543
128 105 177
21 64 1096
3 13 4
83 1 596
103 133 1540
120 46 1040
106 65 1484
51 130 1975
12 98 1957
71 97 1446
3 128 1069
10 51 1256
78 36 866
8 89 1655
97 122 1994
93 51 1241
96 81 732
100 28 665
51 95 1883
132 31 1228
72 66 999
46 94 1118
90 98 53
7 55 1358
75 98 1102
123 95 547
28 53 170
75 19 1412
40 83 1337
24 76 1091
108 28 615
63 112 1851
121 58 1019
101 95 784
94 54 831
104 133 1028
99 60 629
8 46 1015
2 103 1588
36 64 1042
134 77 1527
69 59 1563
44 72 1742
119 32 1434
55 57 743
134 130 759
66 114 1208
54 50 703
135 9 1827
46 31 1479
95 133 1849
60 19 839
25 69 1002
106 39 1511
117 132 577
59 71 334
76 50 844
105 114 503
93 53 1221
106 24 14
15 88 461
78 64 1672
127 54 84
74 118 597
85 34 213
52 73 919
77 27 1285
36 127 1242
4 122 1610
57 105 1579
22 77 8
29 2 993
129 50 159
39 99 1787
124 29 1432
70 69 46
35 17 1275
47 82 263
37 47 443
101 64 1971
95 3 1638
26 132 1420
122 82 998
40 47 1561
122 101 1765
78 27 1497
106 7 1403
79 51 974
75 64 1984
54 110 1644
56 97 911
105 104 10
73 85 109
44 130 246
106 89 1835
71 29 1558
117 83 1457
25 33 394
34 122 1990
131 31 1413
90 121 1445
53 60 229
66 86 1750
10 125 1111
66 43 665
20 119 1500
102 54 1498
49 1 111
73 32 837
34 18 158
90 74 1275
98 31 494
14 48 1396
92 51 1538
43 31 1193
112 68 1842
109 94 563
58 85 187
72 51 327
100 75 396
61 100 755
80 131 565
9 73 460
110 102 1859
39 60 86
12 128 318
117 1 434
116 126 443
73 61 50
51 128 1917
41 32 1986
52 78 935
105 13 883
41 132 1211
67 6 771
131 93 199
37 129 205
26 131 481
52 99 493
89 91 311
86 29 1058
115 118 1938
135 9 1790
99 40 24
123 23 1064
130 86 1786
37 125 754
24 133 1948
79 120 193
125 118 845
79 93 1467
47 105 1544
33 7 510
74 115 686
105 88 715
66 32 1932
36 67 1623
128 23 319
128 129 953
83 2 1604
88 96 987
97 117 1416
134 122 812
65 125 1728
79 120 872
95 48 671
24 113 320
124 54 361
17 81 590
33 2 183
43 51 42
67 76 1779
119 57 335
105 131 1780
85 101 1144
49 94 1654
93 119 1827
92 102 573
130 127 431
65 113 347
114 3 1225
79 67 344
61 80 1583
88 42 724
69 96 1749
15 36 179
85 24 1373
43 52 158
112 29 758
56 129 1346
124 70 1672
109 32 734
26 70 68
81 108 488
70 87 311
10 26 856
111 12 203
44 87 1430
108 64 1902
30 5 1012
115 88 1763
10 83 144
65 30 1498
115 41 1194
87 107 237
117 81 860
105 24 1889
80 110 110
96 118 1604
122 123 1158
130 77 1783
108 92 1800
3 116 1563
116 119 825
30 6 85
29 46 1465
70 32 1377
93 102 1334
79 74 260
109 26 185
62 40 1769
31 23 1108
38 79 990
17 7 1965
130 125 518
111 6 858
43 36 1838
121 65 988
130 45 589
116 103 1215
122 25 351
106 125 1224
26 110 991
40 92 1304
134 63 140
37 65 451
109 107 885
113 10 1918
93 28 1127
110 65 1170
48 77 1708
37 12 295
32 98 1387
48 73 1649
76 77 1797
39 96 1351
135 93 598
107 64 577
109 64 188
78 86 1191
53 88 1720
11 34 235
111 112 1902
27 93 829
74 47 738
29 76 1023
9 88 376
68 99 341
128 2 1654
113 106 88
3 85 1556
1 77 300
24 47 717
5 20 93
82 38 1108
82 100 1230
48 53 1627
108 35 135
19 92 672
132 20 556
31 70 1665
24 27 1853
132 104 1951
16 79 506
37 12 886
18 43 1758
61 120
18 76
133 40
93 26
87 6
38 23
27 71
7 50
97 96
133 1
105 90
5 37
42 47
57 78
113 3
78 135
123 95
75 120
96 33
108 10
135 10
32 123
80 38
135 3
133 94
3 65
10 105
101 13
16 119
53 90
121 130
52 70
51 126
55 11
120 27
117 81
133 13
69 39
12 30
41 107
85 6
36 94
110 98
68 87
81 120
42 28
114 93
98 126
45 114
99 127
102 80
72 99
55 102
99 66
131 101
37 42
106 72
135 42
34 30
91 76
14 132
66 90
51 28
80 95
103 43
86 69
85 23
129 4
86 92
69 44
19 68
85 125
4 85
128 135
76 83
37 89
41 102
43 91
91 85
13 58
89 98
126 38
82 81
3 130
37 34
38 56
101 122
7 66
33 96
65 108
6 64
62 46
30 66
99 121
15 111
5 66
35 93
65 79
38 68
73 37
101 110
54 66
58 60
131 91
117 23
63 84
130 77
17 55
24 128
30 29
20 26
121 85
104 120
17 3
21 79
112 74
9 35
95 101
87 77
85 14
25 132
62 116
74 78
35 59
32 26
49 14
52 131
98 117
116 76
120 1
19 58
75 124
92 34
51 43
72 1
19 59
132 80
1 32
119 133
53 112
23 101
125 36
97 87
18 39
124 2
39 7
59 75
92 113
71 8
117 104
105 135
124 101
41 125
95 121
122 12
98 9
112 87
45 35
1 24
73 86
25 74
93 45
110 11
22 45
18 4
111 122
100 99
50 6
88 9
88 74
117 50
45 55
99 51
90 61
74 124
11 98
24 65
104 134
76 126
5 93
129 115
42 55
41 91
22 90
61 110
29 42
24 35
96 84
47 12
9 120
98 20
44 121
84 12
119 24
2 86
79 92
27 120
109 67
37 130
22 59
104 12
62 90
8 22
38 54
131 9
38 93
28 43
40 73
54 24
59 18
71 2
71 97
83 44
29 81
1 12
4 66
23 65
117 30
48 20
83 5
125 82
97 114
124 99
51 4
84 71
118 19
34 54
115 116
59 105
23 21
116 26
87 100
52 68
91 100
49 135
104 38
81 28
113 31
126 29
132 74
61 114
54 95
129 33
37 15
100 60
35 42
85 83
7 99
113 59
63 26
59 128
26 101
117 3
94 107
128 90
7 54
30 22
13 24
55 49
135 116
108 131
22 20
79 28
118 56
87 7
43 107
96 30
72 78
33 30
11 122
119 115
40 111
1 14
134 17
63 95
90 19
113 130
8 57
50 56
25 55
27 121
84 61
63 116
90 35
65 36
14 104
108 15
118 68
31 7
27 28
100 116
8 40
111 15
96 122
33 83
41 21
68 125
81 92
67 133
126 131
130 5
62 102
19 6
34 11
12 60
135 73
2 7
112 74
119 35
61 113
117 63
133 49
14 79
5 81
38 92
38 32
96 99
95 76
66 128
87 77
14 48
55 88
51 135
122 73
112 103
135 109
113 14
14 79
56 51
36 93
44 131
19 100
34 84
92 82
123 67
129 61
44 10
13 56
9 97
128 82
26 89
18 101
102 128
44 119
6 79
39 11
37 19
111 32
64 67
113 51
96 106
111 101
78 86
21 48
9 110
130 34
63 109
134 127
101 5
110 68
83 110
79 81
128 54
112 57
82 51
69 42
22 7
104 99
54 124
108 62
60 102
57 123
37 56
76 100
60 12
32 104
122 110
12 76
28 85
132 72
1 66
75 119
34 44
44 87
129 16
13 54
80 69
3 116
86 78
80 107
89 112
38 37
48 49
113 38
95 109
109 57
1 48
40 34
91 45
82 85
61 56
100 102
125 102
82 37
44 124
9 94
62 46
131 109
56 108
11 112
43 119
34 6
129 73
1 46
80 83
92 102
3 56
68 89
22 111
126 27
99 96
121 25
103 78
134 120
12 106
96 16
90 129
21 45
29 22
90 108
66 9
36 68
64 103
119 48
78 71
36 42
31 118
28 95
60 26
79 71
132 1
49 48
130 69
92 120
52 8
54 117
16 89
12 42
56 130
89 95
27 124
98 57
107 126
113 128
16 56
26 109
56 74
21 12
104 74
93 21
44 11
99 59
61 110
62 78
66 112
38 92
63 135
110 131
125 87
123 103
104 110
76 25
48 59
133 17
94 91
134 2
63 97
23 124
72 84
28 99
61 27
18 85
124 127
80 75
79 67
42 47
4 80
33 51
100 31
29 58
83 124
60 10
86 44
95 119
89 85
82 14
111 99
98 99
53 4
1 93
71 42
101 74
83 134
86 47
126 77
67 35
65 88
6 112
131 63
95 84
12 4
60 84
64 119
10 116
123 10
73 20
13 39
55 96
134 102
104 86
43 35
120 70
122 87
46 79
14 6
28 122
106 49
71 34
32 80
15 116
89 49
135 63
49 16
23 9
118 89
56 122
85 2
56 72
89 102
112 102
69 101
51 39
14 121
34 8
27 10
123 77
59 85
4 69
100 124
78 44
77 133
31 26
135 86
59 50
14 36
113 44
1 28
82 112
13 78
81 39
87 68
77 107
114 81
69 80
84 107
39 114
132 135
27 18
49 2
53 27
46 15
54 89
88 29
31 33
29 118
63 106
89 41
51 91
43 81
35 127
52 74
67 10
35 55
27 84
57 41
110 64
18 125
17 67
18 48
100 9
127 124
114 42
29 126
95 34
71 129
122 84
29 53
93 64
70 82
109 88
122 83
16 4
34 32
71 14
41 132
22 129
120 135
133 110
87 92
8 22
47 129
105 38
9 24
101 40
105 36
127 54
118 7
19 113
38 51
126 41
47 109
34 128
108 31
103 21
84 72
42 131
28 108
33 133
94 95
37 63
130 28
116 74
131 135
51 130
12 4
35 59
112 31
51 47
23 115
67 107
14 71
102 3
43 96
97 98
55 133
123 49
122 65
122 79
26 134
73 38
2 70
96 114
100 108
50 53
93 25
123 21
27 128
116 123
90 35
82 39
45 30
104 31
70 129
127 7
31 128
76 88
68 40
61 54
124 72
107 43
96 56
26 84
48 6
33 100
3 76
3 9
67 106
2 1
62 128
7 92
120 45
45 15
46 67
68 131
3 1
39 60
19 64
105 66
31 2
127 130
39 92
4 105
62 102
105 123
94 73
42 40
117 86
54 125
114 84
120 116
46 23
2 64
48 106
92 41
107 83
132 10
39 97
76 63
63 7
12 118
79 15
100 38
12 78
83 93
20 129
78 21
19 87
88 110
89 21
20 86
127 58
9 67
82 34
73 56
16 114
70 135
1 132
38 109
36 120
28 56
75 105
38 94
57 126
30 10
108 49
57 100
69 66
31 15
99 66
32 114
44 102
114 44
98 113
114 95
59 6
15 134
73 15
54 129
102 83
100 74
132 22
38 65
87 31
41 12
96 73
87 4
1 65
9 60
4 84
19 63
89 131
23 26
10 76
116 73
120 81
108 116
102 11
7 15
41 48
123 98
82 74
101 82
4 109
6 7
57 121
31 107
116 53
95 87
128 75
24 75
117 132
55 45
104 62
21 106
71 8
68 17
82 130
60 47
103 27
15 121
12 46
54 128
98 110
41 53
12 65
127 128
23 8
135 88
31 20
58 101
28 87
79 109
81 3
117 10
29 131
92 41
41 10
130 101
82 35
115 93
61 68
85 45
75 84
132 106
66 16
33 93
64 112
28 9
76 9
115 67
4 71
107 7
43 63
69 124
59 48
81 120
77 127
126 16
38 85
83 103
62 78
22 126
16 49
96 91
19 76
22 119
108 90
125 112
114 20
62 38
29 7
119 105
96 71
83 133
20 30
62 44
69 83
34 84
131 91
2 14
128 120
94 63
75 46
39 15
65 101
52 94
69 132
25 29
68 107
123 87
99 49
92 32
131 125
116 88
43 79
63 35
63 22
97 2
67 1
114 93
63 30
51 131
27 38
122 56
9 109
104 107
120 61
4 115
12 81
30 54
24 54
89 86
75 12
50 103
109 28
61 36
19 73
129 7
110 115
62 119
88 128
52 72
53 17
14 64
59 5
118 82
58 33
130 95
62 115
130 84
112 13
119 105
117 93
84 5
38 134
132 52
32 49
68 7
113 127
11 57
35 69
51 29
125 56
131 13
132 125
97 109
100 80
40 43
134 86
47 37
84 44
88 115
54 117
84 128
108 94
11 105
124 61
95 113
117 91
126 113
42 49
48 103
90 88
10 88
38 19
86 83
24 135
24 77
117 107
32 51
66 42
20 16
103 115
129 46
70 81
23 73
91 33
41 45
120 12
132 119
30 83
66 53
44 89
92 25
61 123
76 88
29 57
103 131
36 58
41 67
100 26
102 55
20 7
99 4
115 96
84 10
5 14
24 48
64 115
35 86
64 72
38 93
128 103
50 126
122 53
19 87
40 120
6 59
88 105
24 68
27 107
39 128
82 24
2 10
4 36
96 29
107 95
121 62
24 133
52 11
12 32
97 51
17 64
109 104
130 94
133 118
65 36
110 11
60 112
20 25
109 77
15 81
134 1
104 119
95 117
129 106
13 52
118 29
116 53
95 110
11 92
55 75
90 29
85 111
102 66
97 76
105 111
118 65
73 86
48 32
67 4
99 41
55 81
70 132
95 29
69 105
82 123
44 133
16 90
108 118
118 31
20 49
7 2
113 79
49 122
73 77
125 133
117 45
41 51
41 135
41 109
105 85
96 110
82 74
27 17
18 106
47 37
19 53
135 93
94 48
79 128
124 31
87 105
75 127
118 77
127 23
13 58
69 70
32 16
8 20
32 122
125 78
23 8
93 119
62 13
31 103
102 116
133 53
86 72
45 30
110 133
52 122
17 83
57 10
98 26
30 91
110 19
33 132
124 87
78 50
61 108
17 27
89 111
80 1
47 86
30 119
45 43
67 61
125 85
70 49
111 99
4 85
80 134
43 68
85 82
79 108
55 58
134 105
33 40
105 42
125 96
25 131
100 91
56 90
41 126
3 113
51 7
24 130
102 28
24 51
110 65
120 126
122 119
95 116
120 26
119 72
83 105
67 47
23 123
1 63
75 101
2 87
69 122
44 35
111 67
47 85
131 32
37 79
112 131
22 96
118 5
129 65
110 61
74 132
10 74
21 46
1 119
132 31
105 40
27 80
69 74
127 26
67 28
105 5
121 126
62 103
92 56
130 66
78 68
62 87
103 44
94 66
27 90
96 131
92 123
38 25
23 126
12 51
18 116
17 100
68 78
30 122
95 121
52 37
53 76
85 117
119 43
47 108
95 105
65 13
54 102
134 38
54 10
88 34
88 104
133 117
8 124
109 117
101 26
57 51
105 2
55 113
71 111
44 1
123 97
64 83
96 118
93 48
16 45
113 110
123 83
99 91
50 72
72 112
60 90
27 126
53 44
103 124
116 12
86 104
70 111
13 31
93 105
40 70
111 115
7 99
62 105
16 73
3 49
49 24
100 38
14 114
81 117
64 61
90 14
126 24
125 101
54 44
70 56
76 8
35 82
68 96
13 45
33 112
93 81
1 57
118 111
132 25
54 61
48 8
74 135
129 25
100 9
69 132
64 106
4 98
14 71
20 123
77 52
99 34
95 61
52 77
37 48
64 90
108 111
60 9
110 53
130 37
61 25
33 87
130 36
11 8
68 31
130 9
82 56
4 3
116 17
42 114
64 105
31 134
42 90
104 113
104 98
14 126
123 46
77 117
43 88
87 72
80 43
42 123
98 45
126 41
61 32
116 87
1 11
47 42
100 15
116 30
74 130
21 61
40 59
5 45
11 53
116 90
57 23
78 20
29 30
22 90
61 2
3 23
13 11
26 74
122 6
66 60
135 86
83 2
9 49
46 117
101 123
33 119
107 72
100 1
101 121
52 123
85 54
10 59
64 132
94 50
3 24
71 99
71 18
100 80
66 107
23 128
57 17
112 28
89 76
28 16
24 79
101 108
94 72
31 119
69 86
130 71
110 66
34 45
83 96
86 111
29 108
65 85
87 3
113 2
41 5
114 64
46 79
133 4
16 125
85 84
75 79
19 11
9 14
56 54
109 6
126 3
76 17
49 124
20 26
125 22
128 103
47 135
47 44
100 62
130 49
107 31
128 87
42 1
100 97
16 36
64 6
135 101
23 48
89 4
36 78
25 28
46 71
124 54
76 88
77 32
2 48
62 129
134 103
91 60
26 69
95 90
74 56
17 58
104 106
23 101
10 9
90 17
41 78
70 78
30 108
109 31
20 133
24 115
100 77
40 88
10 134
4 45
55 20
65 120
87 49
85 97
58 1
113 98
78 10
3 107
117 111
3 99
108 123
78 35
64 117
84 35
78 87
80 94
40 58
19 86
19 76
86 93
1 28
102 3
134 46
75 1
9 10
6 14
30 89
11 107
40 90
65 107
22 104
29 40
54 9
78 101
64 40
128 30
42 126
37 78
89 45
87 39
93 54
52 122
7 62
55 46
113 81
18 134
11 8
1 26
17 78
126 80
117 118
71 120
108 70
24 61
76 73
99 33
126 113
116 133
1 35
5 76
77 119
36 87
127 36
112 105
75 102
11 18
84 43
99 19
112 123
79 53
60 5
47 50
79 125
9 41
121 14
116 63
132 17
14 123
14 126
54 51
92 64
68 3
69 32
21 45
19 61
59 78
65 68
89 105
57 98
11 42
111 126
104 69
104 118
19 80
108 72
130 26
98 24
28 31
55 48
37 35
71 96
74 135
28 125
67 46
87 77
87 24
29 56
92 95
135 110
39 107
9 130
94 68
18 84
98 35
93 134
31 28
56 105
125 45
94 56
90 7
132 42
30 122
59 83
81 58
20 81
126 125
75 84
57 55
32 19
51 125
114 81
114 132
12 103
41 67
23 93
73 116
134 64
103 57
109 48
76 128
129 66
117 30
14 135
84 8
18 134
94 93
42 72
89 53
40 92
120 24
49 19
5 9
45 107
27 18
116 102
107 71
32 50
101 7
49 11
14 28
107 69
120 13
6 36
27 45
127 108
30 40
127 34
10 36
102 36
53 83
2 24
115 130
73 42
1 83
15 112
110 121
45 94
95 50
129 83
56 82
56 86
83 47
81 92
44 48
127 58
92 90
43 71
84 77
75 47
24 89
23 133
36 67
53 130
117 9
77 134
90 132
84 135
5 30
53 10
39 45
67 130
96 71
27 7
12 101
53 132
16 75
129 51
6 9
45 84
17 84
83 68
42 128
67 9
22 120
18 22
126 47
16 48
79 5
54 91
67 106
87 83
7 43
133 13
51 5
58 29
88 5
96 91
133 125
99 116
109 79
3 61
125 18
108 30
119 124
120 51
94 34
133 63
76 130
75 88
134 132
116 48
99 76
4 96
65 102
38 135
7 40
60 93
20 130
123 3
118 107
53 38
102 50
100 4
7 1
91 102
95 33
15 58
109 115
115 135
43 17
97 50
57 118
7 38
74 129
40 56
63 93
56 29
104 117
33 110
118 85
118 53
58 53
32 134
14 74
15 110
85 33
93 92
70 31
85 72
49 12
126 104
41 94
47 35
31 29
119 69
29 101
83 86
18 76
84 32
111 61
103 61
55 60
17 87
53 63
23 63
75 13
128 77
68 39
73 60
30 56
128 58
22 37
106 1
112 16
129 88
38 97
110 93
118 126
6 132
53 28
59 89
2 13
127 31
52 64
91 43
120 45
100 103
82 32
65 58
48 59
107 47
20 81
4 99
33 9
96 86
133 19
1 96
32 128
89 45
56 44
87 2
88 13
66 131
7 131
54 122
62 35
30 66
133 62
36 55
109 131
36 110
53 29
64 6
73 81
49 121
83 99
133 110
56 101
105 71
116 120
20 43
19 49
108 114
72 105
130 8
100 30
79 18
58 7
120 92
49 131
77 131
56 37
106 111
2 37
47 118
22 28
122 2
76 94
77 109
25 72
116 87
101 59
66 121
27 50
39 76
45 116
33 100
114 100
76 77
2 84
21 120
111 7
121 13
62 63
83 49
96 64
135 23
84 65
8 111
76 47
51 121
124 83
47 64
10 84
102 11
32 123
130 104
91 77
78 115
101 26
28 61
51 27
84 134
109 128
61 121
75 49
31 122
74 40
70 41
12 64
125 6
129 42
82 72
21 48
59 48
70 109
36 115
107 88
33 43
43 93
125 117
104 117
65 4
21 97
44 32
122 130
134 115
37 43
13 57
52 71
67 121
6 102
101 75
17 95
117 59
14 68
2 117
50 67
83 32
125 126
64 111
83 24
52 119
66 65
2 117
97 68
65 103
132 127
4 13
48 120
33 61
14 34
5 63
62 87
95 51
39 120
123 121
8 40
66 36
66 30
114 27
59 43
91 55
131 94
29 43
40 23
104 16
19 70
78 80
21 134
93 21
80 42
7 88
81 34
123 11
63 101
135 84
106 90
3 63
11 129
106 12
16 36
27 131
105 67
38 87
65 92
107 10
133 75
59 79
71 8
51 95
70 50
43 2
102 8
65 112
98 35
85 113
32 112
71 98
43 108
49 69
64 117
40 61
19 98
101 89
105 17
48 2
66 53
3 32
60 67
105 22
101 55
96 94
128 31
56 132
100 66
65 28
48 105
89 66
29 54
19 134
32 28
135 98
80 2
91 101
31 23
122 93
77 45
52 31
37 107
27 2
38 91
29 47
22 79
112 51
95 92
11 126
119 107
50 64
70 6
29 100
28 113
58 66
119 109
96 20
42 84
21 79
39 50
125 23
90 63
73 49
19 45
40 3
16 51
28 85
56 18
50 45
92 107
110 75
42 32
95 83
124 116
126 113
100 81
41 37
129 21
81 130
23 58
46 12
7 63
30 18
108 121
86 44
61 127
38 117
75 114
96 63
94 87
2 58
32 4
56 122
25 98
79 47
20 86
21 124
13 50
6 82
132 92
88 19
45 125
135 119
103 96
46 24
9 10
43 2
13 61
123 37
120 28
46 5
113 66
90 88
77 57
34 73
110 121
54 20
72 53
3 2
110 11
122 118
20 126
81 32
51 31
31 36
58 38
2 36
65 53
123 6
109 118
40 84
66 93
103 2
108 67
100 82
77 48
27 58
39 107
52 51
2 44
48 22
81 11
57 10
63 6
15 134
123 16
82 53
109 11
17 81
39 78
124 78
126 15
135 126
84 13
3 47
56 51
30 1
61 86
10 86
53 121
84 41
2 127
55 72
99 33
17 2
111 102
79 63
79 41
15 27
53 17
35 109
29 65
109 52
112 81
2 30
66 47
32 67
38 48
3 1
81 116
99 18
83 43
42 26
83 56
14 135
34 10
108 63
36 44
114 13
124 77
4 54
123 132
83 122
44 47
84 124
28 47
103 72
89 9
59 133
26 34
133 60
43 67
84 79
110 62
53 98
100 18
17 49
14 61
35 57
107 118
8 96
29 110
32 80
119 52
77 106
85 74
30 90
6 113
33 77
1 47
40 100
64 18
13 77
78 9
95 49
126 102
10 117
77 41
61 22
55 99
127 4
38 119
93 5
96 87
81 59
95 82
120 23
99 133
61 41
103 118
90 56
84 61
134 122
63 59
105 117
119 59
121 118
42 40
122 99
127 30
22 86
73 7
71 37
101 93
77 68
75 128
85 121
53 83
107 116
103 39
97 87
97 44
69 100
84 18
63 37
9 47
122 81
53 19
117 115
74 21
9 13
110 94
95 28
41 67
105 106
67 28
57 28
72 87
89 20
104 16
56 74
62 4
20 76
120 98
55 58
80 64
32 55
119 127
44 121
20 13
91 86
40 109
75 111
61 28
92 126
5 109
65 67
75 84
104 21
8 121
78 88
11 109
104 129
62 12
114 81
24 32
128 25
5 67
98 65
56 16
18 61
87 82
127 26
30 57
46 134
42 85
86 52
20 54
45 82
27 121
124 50
17 117
37 118
10 134
10 66
111 27
126 62
108 79
87 99
135 94
59 42
43 10
55 25
25 100
68 52
47 56
63 25
134 61
104 9
59 113
74 35
101 64
58 35
104 10
133 103
65 19
106 70
125 26
94 14
87 26
27 133
43 52
119 42
112 87
50 133
65 85
129 30
13 51
65 78
22 24
45 87
42 113
21 31
3 76
7 89
101 130
48 8
46 31
11 120
117 60
117 8
9 72
135 118
122 26
60 9
49 67
57 53
44 77
45 8
17 13
96 79
8 105
48 15
135 59
96 78
80 77
86 51
13 85
33 97
110 55
67 120
83 123
134 126
26 6
133 42
18 55
82 122
121 91
99 82
14 59
24 56
98 71
106 72
117 3
33 91
19 99
38 101
48 133
53 73
3 12
76 118
66 22
66 13
113 29
94 88
50 118
8 12
15 75
83 132
40 78
87 58
3 86
121 51
84 38
123 86
50 64
30 77
47 96
90 121
124 48
36 38
127 5
11 104
80 56
100 119
95 13
3 97
99 123
109 9
26 59
94 37
84 86
113 130
46 29
78 34
39 113
34 127
79 6
95 23
61 59
103 20
72 106
79 132
55 52
5 42
110 60
78 58
10 18
15 55
46 92
51 46
31 46
38 109
51 132
94 112
18 61
93 89
128 36
85 10
88 51
51 24
110 91
44 82
70 58
98 77
111 13
123 6
58 25
76 109
118 34
47 135
57 4
88 11
2 134
20 51
11 33
74 83
123 117
29 57
1 126
133 111
101 82
78 23
106 19
93 89
14 4
50 32
105 100
43 106
60 24
21 71
18 5
38 8
23 135
95 118
111 60
64 53
45 35
33 2
85 47
103 96
40 72
60 82
4 120
106 121
55 123
41 34
128 40
3 15
40 97
132 15
119 23
29 125
19 62
126 103
70 55
25 109
88 85
18 53
69 85
38 85
72 79
118 26
80 120
3 81
43 96
57 26
118 86
15 1
109 103
65 5
119 90
113 72
39 92
124 69
41 124
115 113
29 59
3 108
43 5
54 47
101 110
35 83
22 11
46 130
75 110
134 59
64 74
92 64
30 42
94 71
30 73
10 58
131 109
128 135
76 8
47 3
117 43
47 101
53 92
95 128
67 56
13 92
91 104
21 82
107 76
17 2
14 123
21 9
97 110
106 37
117 17
1 61
21 47
26 73
4 82
27 70
99 39
123 54
7 105
98 76
46 114
77 59
64 59
29 122
131 134
120 74
112 120
134 132
31 121
32 34
30 58
65 90
97 53
106 65
119 68
5 29
8 43
49 71
64 40
57 59
135 41
132 112
25 93
70 56
40 101
51 69
24 116
121 82
130 91
108 113
23 113
104 30
117 114
63 45
18 119
65 18
122 62
91 108
116 25
28 20
126 41
51 111
118 36
19 112
51 110
65 116
4 47
95 66
53 112
12 118
129 133
6 84
105 121
71 95
5 23
97 17
95 79
52 113
17 4
65 67
113 130
10 117
3 104
9 55
80 117
37 36
76 4
81 8
124 113
64 129
135 25
10 94
103 24
33 81
27 98
12 5
54 21
83 18
86 53
34 128
35 33
28 110
36 70
117 25
48 45
115 9
69 86
103 133
109 97
78 98
21 52
102 36
34 49
53 120
101 87
112 97
119 101
72 19
132 53
5 44
60 119
53 90
32 117
88 5
78 127
102 99
5 30
134 39
40 14
120 103
62 58
64 45
23 97
25 19
112 127
25 36
110 39
87 103
20 39
108 59
128 36
119 132
28 118
132 67
93 116
131 19
38 22
25 22
118 11
3 94
2 124
91 74
27 43
41 46
43 110
104 35
108 50
129 135
32 125
28 86
68 121
104 67
7 90
51 124
100 15
45 64
3 135
99 29
36 47
76 101
43 48
15 36
9 8
123 133
93 17
118 23
45 86
74 95
37 39
109 81
64 73
42 27
101 46
127 1
54 67
102 96
76 78
94 46
86 43
44 5
21 123
28 65
74 101
122 110
101 57
17 126
130 58
17 57
65 9
58 80
37 121
41 75
63 96
120 110
100 28
115 120
16 104
11 51
69 132
25 132
16 41
122 10
60 101
66 87
71 85
31 69
32 33
8 57
31 92
20 10
38 132
113 49
47 9
45 33
102 60
73 88
31 95
15 59
46 85
105 38
19 2
71 26
58 63
115 50
117 135
60 19
93 134
67 5
7 74
37 108
95 72
23 126
128 134
11 38
84 115
37 64
78 107
51 135
35 31
50 113
127 71
131 84
69 63
88 38
98 87
107 57
120 91
47 112
90 19
111 135
96 12
25 38
119 75
38 115
67 49
92 58
81 49
104 14
73 18
13 35
104 82
92 88
37 100
26 88
119 1
49 79
110 73
116 93
110 115
34 3
125 87
61 70
135 126
46 73
8 58
69 74
101 25
123 100
125 14
52 70
111 101
110 85
135 52
42 71
32 37
74 118
123 96
53 85
86 98
22 93
117 90
31 83
77 19
47 28
129 98
97 104
25 71
54 122
84 57
57 115
94 130
98 43
90 112
127 2
74 110
95 55
27 87
2 65
67 48
92 60
108 53
29 94
85 44
42 33
62 99
110 117
55 34
25 107
10 113
108 83
50 67
99 76
19 63
5 47
72 96
107 44
110 97
100 21
5 6
53 66
66 124
10 121
22 34
92 31
108 64
75 22
93 1
59 73
119 134
120 90
5 56
13 104
76 114
71 91
7 2
79 16
122 101
49 78
93 21
103 130
5 60
130 63
132 19
126 116
17 72
32 118
90 45
86 30
23 22
120 29
120 26
44 106
88 54
10 7
37 112
1 41
37 92
103 33
110 55
110 89
127 7
71 81
13 119
72 35
102 19
26 86
44 31
18 93
85 27
99 121
3 100
26 1
18 90
131 90
10 67
5 98
73 37
43 85
20 76
82 83
94 69
33 99
99 12
56 48
38 20
130 3
81 117
3 60
72 95
111 81
27 115
43 61
17 47
108 133
122 54
81 43
122 75
103 85
87 24
95 86
5 89
88 47
71 53
68 7
12 44
49 135
23 91
61 1
2 33
134 85
48 41
127 131
77 95
42 28
80 1
114 46
52 28
92 84
80 121
90 54
29 100
53 14
55 113
14 18
107 109
102 19
111 56
14 53
112 18
42 56
18 117
101 31
10 19
114 89
4 30
104 130
129 22
8 48
96 118
27 68
54 129
48 29
49 24
43 25
41 85
42 20
66 104
51 37
122 29
126 87
21 56
81 14
77 88
24 135
33 50
29 86
43 76
114 53
99 22
39 101
68 42
121 133
10 36
35 93
26 122
45 46
4 87
22 43
2 45
42 34
94 70
119 99
107 59
113 33
42 114
133 109
20 118
69 127
115 65
84 6
13 90
13 16
42 34
20 5
40 61
38 96
92 118
21 64
41 95
96 45
73 93
115 55
38 10
46 17
36 91
119 48
8 132
26 11
127 45
15 32
68 52
89 24
34 109
49 36
68 9
80 103
64 22
22 101
31 29
117 67
81 101
76 88
59 63
98 50
70 112
43 2
28 131
122 23
66 36
21 134
6 100
63 31
83 84
131 114
74 75
45 19
2 82
107 60
10 31
71 79
8 76
42 132
71 28
117 99
25 2
59 128
101 121
120 49
31 116
124 104
17 130
84 115
76 17
39 85
48 71
28 55
11 31
13 44
21 129
7 45
130 65
134 58
50 119
68 42
61 56
10 39
50 93
18 125
110 18
75 119
88 64
135 61
57 12
104 77
6 110
83 97
1 82
19 12
27 86
53 49
103 62
87 17
116 104
7 52
121 43
68 34
95 124
8 63
27 110
134 110
71 134
18 52
107 6
2 24
54 105
85 5
83 28
70 51
41 17
93 38
51 123
33 11
73 40
35 100
111 131
36 47
129 15
98 101
20 61
86 73
127 133
39 75
25 108
87 27
86 7
64 1
129 97
108 28
1 8
89 112
3 124
120 93
3 44
20 119
66 106
56 58
103 56
94 89
125 45
115 75
51 44
38 6
102 10
131 102
114 84
40 78
35 121
133 134
29 17
118 57
84 135
114 13
56 34
63 45
40 5
82 53
48 119
20 14
128 15
77 69
61 79
11 95
64 8
122 37
111 32
134 51
45 54
46 69
60 85
73 6
99 120
86 119
95 41
95 134
109 20
39 119
76 102
89 131
118 75
129 93
68 127
105 112
45 15
8 67
62 80
34 122
27 120
67 83
25 27
81 95
8 119
40 84
48 128
41 30
29 34
85 97
26 16
35 32
31 42
60 54
122 94
40 13
40 107
95 26
133 3
120 5
83 24
50 130
114 90
122 7
86 33
65 73
48 100
66 78
6 126
93 89
46 133
101 47
104 23
34 63
25 115
67 107
3 79
64 78
130 12
85 42
44 14
114 91
75 7
131 81
94 88
131 101
85 97
12 15
81 45
77 67
24 106
135 123
49 63
66 5
74 112
47 79
87 122
132 124
128 127
31 86
41 26
51 88
122 62
64 29
68 6
95 53
111 95
3 121
119 30
125 20
103 133
98 54
120 94
4 112
47 34
63 50
60 75
99 8
99 27
37 31
32 131
46 104
52 48
51 36
77 41
55 44
135 114
59 119
73 63
58 81
96 82
130 117
21 55
125 119
82 26
112 75
118 22
44 35
31 94
70 69
96 86
74 58
64 132
41 98
21 60
44 79
6 135
60 27
55 49
107 1
36 83
37 19
104 80
53 134
1 84
67 58
34 5
115 97
99 118
60 81
42 65
121 48
64 8
36 80
18 7
80 54
90 79
34 20
23 86
116 120
34 9
43 29
14 119
87 74
101 11
116 105
75 102
114 101
71 14
45 88
117 87
6 71
30 1
53 14
86 33
134 81
41 3
71 16
83 23
89 49
33 32
115 70
95 93
132 30
106 3
117 87
89 85
120 80
85 37
94 133
69 54
78 71
18 111
87 100
133 2
110 127
33 89
23 127
46 19
118 113
22 100
65 72
49 11
17 95
9 110
92 39
125 132
109 7
107 22
106 104
24 81
95 18
34 118
107 42
98 89
19 119
15 45
56 63
55 34
120 25
8 76
63 94
34 37
100 5
58 70
70 43
112 30
23 108
109 129
14 71
44 129
17 59
39 34
83 55
42 36
8 104
129 41
102 93
8 25
124 77
29 101
68 51
35 41
6 10
74 50
100 90
108 100
123 55
20 16
122 23
51 91
126 44
1 100
79 86
42 69
13 71
120 47
112 125
18 12
39 118
101 108
82 50
28 63
65 111
85 115
28 76
130 120
85 35
32 88
103 45
120 87
91 96
39 71
107 39
53 34
12 134
83 1
62 109
73 11
50 100
48 34
84 4
115 130
38 12
44 6
56 29
54 108
86 92
43 20
93 95
53 66
56 98
66 79
33 100
89 83
64 99
78 109
64 58
66 102
31 109
69 48
99 84
117 12
3 25
31 95
81 45
25 98
7 52
41 2
16 92
84 41
55 123
14 80
7 79
8 37
15 76
46 75
25 28
86 124
14 78
83 94
123 69
57 91
120 59
92 97
15 2
2 31
125 112
111 131
18 118
130 32
21 40
68 7
67 19
130 80
96 77
1 45
107 19
1 91
77 92
14 54
94 15
84 45
126 59
40 8
4 131
1 24
36 69
30 64
49 121
62 68
16 130
48 16
47 124
69 60
4 27
74 88
33 26
108 35
131 111
30 131
134 65
26 125
91 36
110 61
7 133
90 119
127 2
134 38
125 67
97 91
56 132
43 50
120 15
84 115
126 114
72 86
5 60
38 95
95 12
117 63
107 71
46 60
72 6
60 24
35 118
114 52
115 118
101 61
132 50
40 84
125 73
132 129
132 34
51 54
7 129
78 113
65 86
135 98
91 59
83 87
41 23
3 117
5 66
4 99
115 43
47 104
78 43
59 36
38 109
89 45
103 32
119 129
79 80
53 34
3 1
121 6
120 85
84 87
15 88
50 91
92 58
21 34
63 80
70 100
15 120
106 79
113 52
72 56
131 87
52 134
49 134
101 33
83 11
119 60
98 130
15 17
53 133
50 77
77 81
41 53
28 109
132 5
25 30
23 20
116 74
115 29
72 80
24 116
53 7
40 15
99 17
31 113
14 43
54 52
85 56
104 112
29 62
79 53
92 101
73 72
39 14
63 72
56 86
52 108
122 17
32 115
129 45
119 47
58 30
103 123
104 131
50 47
11 6
109 45
39 109
58 101
45 113
51 58
85 105
111 34
121 104
110 77
13 55
123 32
84 52
20 52
10 69
98 20
74 71
64 112
6 83
40 50
61 90
70 107
21 7
102 7
111 38
83 123
92 32
117 41
84 1
92 93
69 17
74 104
49 2
42 55
84 81
66 106
133 135
40 18
7 103
121 117
6 30
66 97
62 47
2 107
9 56
26 77
34 99
7 44
62 49
98 107
91 126
40 50
125 79
68 93
46 53
36 51
83 64
110 106
72 111
39 81
128 64
119 123
27 126
32 88
1 91
21 53
81 60
103 33
3 132
87 11
49 123
23 93
51 132
25 84
70 63
29 24
126 13
12 114
100 43
28 62
95 49
114 41
108 43
35 73
39 121
83 50
70 67
104 82
64 129
31 95
18 59
118 106
33 129
84 94
133 74
20 93
122 96
95 56
3 129
90 4
76 134
53 11
66 118
54 129
73 84
88 91
105 32
61 99
26 106
58 23
44 77
115 127
134 36
10 2
29 99
102 105
98 19
77 28
1 130
118 74
41 32
126 10
63 13
70 88
118 127
73 124
31 14
115 29
50 124
127 40
88 93
106 12
73 47
39 36
4 21
71 44
14 61
15 76
35 46
126 17
38 25
5 30
38 82
20 49
32 12
89 81
66 59
92 101
68 130
1 33
112 33
38 125
55 14
28 89
59 115
105 58
4 72
87 3
115 107
52 108
80 102
54 107
122 107
72 16
64 72
48 40
66 85
127 120
98 116
73 119
95 43
41 98
76 128
100 17
61 113
124 5
79 42
111 28
111 10
43 39
43 53
40 109
99 128
93 62
108 31
7 67
35 47
126 72
39 53
88 99
30 76
65 71
80 3
60 55
12 102
55 54
116 94
27 80
87 120
103 21
112 109
50 11
20 40
44 21
92 131
81 84
33 11
116 112
110 40
128 121
103 47
1 84
103 28
28 54
109 130
36 47
65 85
19 84
87 62
104 5
57 50
88 51
22 30
28 131
69 117
78 134
29 78
82 93
67 71
11 2
27 8
48 91
93 66
39 44
89 105
10 107
116 60
23 99
89 50
56 120
128 133
37 64
75 66
96 47
29 122
55 77
39 12
104 39
17 58
8 26
29 85
47 51
48 1
62 103
120 55
100 102
37 99
127 74
126 87
120 19
35 39
95 73
12 26
111 125
45 81
113 35
30 24
86 40
24 109
7 8
125 69
71 124
129 62
62 119
110 46
2 9
47 59
43 58
84 116
48 128
23 25
27 52
48 74
53 72
10 60
41 134
128 112
122 121
135 10
104 110
18 67
80 64
125 123
121 73
65 33
27 87
19 54
100 67
89 18
100 98
77 5
97 31
78 45
113 40
17 81
14 34
12 55
97 99
42 82
36 68
77 63
19 95
78 119
26 31
1 87
91 39
54 14
69 131
20 46
35 36
88 10
69 61
65 30
24 68
74 22
1 15
46 19
109 123
99 97
115 61
48 32
99 101
45 129
59 65
1 55
100 50
65 131
73 91
122 58
23 60
79 23
36 86
4 10
73 64
68 15
125 115
46 50
43 91
6 101
117 6
117 43
18 46
38 90
98 25
109 121
46 15
105 82
100 70
91 135
134 120
14 85
61 59
134 103
111 4
30 92
107 12
135 124
19 134
40 117
23 110
64 31
124 33
112 89
65 29
88 63
13 63
12 73
83 107
3 59
111 129
112 44
102 73
129 121
72 130
64 56
104 89
86 93
121 24
8 50
52 57
74 64
119 47
99 28
19 101
48 91
94 25
134 23
59 89
105 92
83 33
110 51
121 22
105 68
46 112
80 97
130 115
123 75
27 86
103 7
13 15
97 68
1 57
90 60
107 59
16 54
53 125
104 38
109 36
68 19
77 104
88 64
43 114
111 10
82 123
122 43
56 122
61 107
46 32
31 24
47 83
110 113
13 15
101 121
85 43
89 37
68 94
113 44
65 59
31 51
64 48
38 86
20 45
118 50
30 126
94 5
103 41
87 115
17 15
19 16
3 86
109 77
91 39
135 122
89 25
131 88
111 15
95 55
26 124
45 120
128 13
122 42
127 4
18 54
66 36
70 68
83 43
106 39
81 106
122 132
130 117
46 67
94 5
121 119
129 31
103 83
43 90
86 131
55 103
50 120
100 119
15 10
26 120
10 69
52 93
27 9
74 34
75 129
39 61
113 129
91 42
38 95
93 124
90 109
91 4
94 18
84 108
27 72
54 133
5 68
90 128
76 125
26 15
119 26
37 58
19 89
99 57
48 19
7 100
127 59
65 47
76 14
19 64
85 35
61 51
102 15
43 4
5 30
18 85
56 17
7 36
105 67
92 115
85 60
79 39
119 105
85 21
118 66
85 29
62 107
79 28
122 83
31 88
75 10
134 130
123 5
30 93
33 84
72 80
8 112
118 88
81 29
109 26
94 58
16 20
126 57
9 74
4 1
123 78
108 121
34 95
125 64
52 23
109 85
102 116
23 46
31 66
74 4
91 130
23 68
14 13
124 120
87 128
120 74
32 54
60 28
14 11
91 27
130 26
74 58
103 96
103 133
26 4
1 78
133 23
11 108
133 134
92 84
88 39
119 82
92 5
109 67
16 26
94 107
51 32
30 18
89 94
16 77
97 113
19 94
98 126
67 95
87 120
5 39
23 85
82 115
90 55
46 67
42 101
38 92
94 29
72 48
123 87
124 46
26 104
5 123
57 33
82 8
17 48
8 40
133 90
116 87
106 123
115 13
89 114
66 47
8 2
56 92
50 6
2 76
110 103
25 31
135 107
135 114
116 104
115 113
58 95
26 126
44 5
100 94
119 30
6 88
32 23
44 81
29 7
118 100
110 8
92 71
76 91
11 56
59 125
131 79
84 21
31 90
26 130
48 106
24 15
58 55
38 63
98 28
69 42
127 5
49 45
38 86
135 48
7 20
38 99
60 83
119 90
37 106
84 85
38 108
99 95
124 98
119 48
125 15
90 78
19 100
122 56
51 83
104 19
65 103
117 124
50 100
79 87
33 124
133 70
127 47
21 110
94 107
124 10
12 105
110 133
43 90
43 107
57 24
95 107
85 135
20 117
124 114
14 8
36 5
54 18
114 110
125 65
119 98
34 93
95 20
79 2
110 121
70 128
106 30
61 18
126 42
96 76
20 109
84 56
113 99
73 54
73 24
118 19
121 113
73 43
132 17
6 68
99 76
23 32
67 83
49 19
125 9
95 106
118 43
26 57
6 61
110 41
46 54
21 129
31 93
36 125
71 3
57 35
40 79
28 68
124 76
87 113
83 125
50 71
47 17
93 118
19 3
37 39
93 29
94 90
18 29
93 75
25 94
115 52
27 103
89 113
42 135
120 87
124 131
119 132
109 76
77 128
40 75
128 133
103 86
87 83
115 6
119 4
100 98
56 126
28 9
65 31
105 49
79 56
44 62
14 114
99 90
106 4
126 99
98 56
49 11
3 125
17 121
91 78
45 108
68 72
116 94
103 48
7 46
103 12
70 116
125 33
33 58
133 23
21 57
78 31
68 42
118 46
27 73
85 72
45 17
105 122
72 34
34 78
42 98
51 111
41 40
105 35
59 65
19 41
121 97
34 15
100 16
22 127
50 106
25 94
84 129
42 20
28 76
59 69
135 109
6 40
111 110
36 34
39 55
75 122
113 108
98 77
85 82
68 134
52 54
54 98
48 95
79 37
132 3
67 132
73 72
133 48
8 34
44 9
88 80
130 65
14 54
103 60
135 133
58 14
51 111
111 60
70 54
96 67
18 124
25 91
60 22
100 30
17 105
38 66
49 129
92 24
47 60
83 9
57 5
22 69
77 94
129 109
12 51
40 127
40 26
82 61
47 8
90 26
113 89
91 123
82 48
12 91
107 56
99 125
23 82
58 99
40 51
72 13
64 73
4 103
98 47
125 107
55 80
94 32
130 49
116 39
96 127
129 29
48 54
18 70
97 76
130 1
88 67
13 16
101 114
80 26
25 70
94 41
111 52
72 105
62 53
8 120
6 98
13 15
16 31
84 112
68 41
74 117
69 49
133 34
27 77
21 13
11 76
54 121
127 87
53 16
4 22
135 107
120 12
121 97
4 32
74 33
72 109
15 102
22 12
135 10
50 118
23 61
58 76
8 12
27 22
27 128
44 26
99 28
134 46
124 3
39 24
35 72
133 11
38 116
22 135
126 72
117 13
94 1
88 63
12 76
85 135
68 128
25 128
117 24
1 67
123 1
91 119
73 50
130 110
30 113
109 20
11 52
129 104
53 43
129 26
119 78
26 13
32 12
103 110
132 65
41 81
65 131
65 2
7 21
74 37
133 9
18 9
61 109
112 75
16 67
100 96
9 87
71 2
61 135
73 57
64 114
100 90
71 29
54 78
49 127
76 46
135 93
16 60
66 128
96 44
59 61
4 30
109 36
128 34
35 66
53 60
44 114
15 76
7 68
18 17
59 93
24 20
51 40
42 78
129 2
83 14
24 49
5 133
84 133
128 119
25 7
5 30
120 19
105 88
48 123
66 68
80 90
88 92
132 84
92 79
97 116
127 64
75 38
61 29
21 47
133 122
76 117
103 45
32 15
129 97
83 36
51 132
127 6
87 85
51 43
126 110
120 117
38 21
19 98
50 1
106 9
85 46
125 52
52 118
66 46
80 110
81 92
68 34
98 19
119 110
24 109
84 105
52 121
126 33
45 2
130 15
10 79
60 96
130 112
79 23
119 120
132 64
76 65
97 135
45 42
110 30
112 58
97 126
44 87
23 50
50 114
65 21
58 124
78 14
62 118
36 45
102 33
70 43
59 129
4 65
35 75
57 109
133 18
99 3
66 83
52 115
61 116
97 118
67 39
94 90
119 129
97 85
123 31
89 8
24 93
73 21
32 129
91 126
108 54
90 38
98 104
114 23
46 75
103 74
75 61
29 58
54 125
105 4
117 58
11 103
112 83
85 106
38 40
58 10
55 110
9 17
78 122
1 123
23 65
62 60
125 52
79 6
3 48
9 119
68 116
48 6
26 132
111 63
133 131
35 52
105 43
30 47
127 31
131 14
57 19
35 47
70 114
14 34
26 119
18 55
99 65
61 124
24 36
14 21
128 10
35 97
14 64
105 5
56 63
116 113
81 15
121 113
128 96
11 116
41 125
35 4
17 95
90 40
93 65
22 85
74 56
9 87
82 113
54 2
2 34
76 83
10 23
22 100
118 129
80 23
119 76
124 97
133 40
98 90
104 119
1 4
2 9
52 83
84 105
84 85
100 122
129 72
9 15
36 127
9 77
111 89
17 99
12 14
100 109
65 30
54 66
33 55
36 47
2 119
113 48
31 78
34 24
14 42
39 11
130 9
87 68
59 103
31 70
79 93
5 8
122 58
35 20
113 71
28 114
54 5
123 84
44 21
108 19
25 108
29 19
78 115
86 1
45 79
32 85
133 36
92 119
55 127
100 32
62 127
108 77
132 95
123 40
78 57
21 102
29 49
82 68
126 130
30 35
35 61
81 32
58 37
15 74
125 77
68 13
68 2
90 26
58 39
28 135
95 48
63 85
96 10
17 48
101 46
44 135
68 124
128 87
123 104
25 112
45 54
125 75
55 41
100 113
41 127
112 135
1 2
84 97
108 62
106 73
107 15
34 1
3 26
49 125
91 73
102 1
127 53
75 8
55 39
120 57
128 59
56 128
60 101
51 32
27 22
104 95
36 99
57 135
124 105
125 79
4 53
41 92
67 115
100 83
116 84
4 70
7 21
24 66
121 37
59 109
20 27
68 55
87 124
16 37
93 102
78 96
19 118
53 47
60 17
91 2
62 94
33 69
114 56
96 61
92 20
34 111
8 101
127 95
51 105
131 105
71 73
28 52
56 80
98 77
58 16
78 81
109 110
14 50
127 72
72 46
91 106
21 60
33 110
19 84
79 112
15 111
49 42
27 66
83 87
7 102
102 46
48 37
117 23
48 109
94 120
116 11
90 1
71 84
72 51
129 112
27 9
88 76
50 76
103 95
27 72
61 90
79 108
127 61
131 39
131 51
120 111
62 74
73 94
120 107
9 113
83 36
121 132
73 133
35 2
92 61
73 17
113 114
87 66
39 82
66 131
94 51
106 20
86 5
113 70
111 84
10 21
81 130
114 115
89 13
116 7
36 16
24 13
129 72
40 129
115 105
124 73
20 56
93 106
22 32
2 133
77 11
115 22
103 55
1 18
68 79
25 65
94 48
39 87
81 78
80 60
9 30
132 29
85 51
96 106
45 59
65 121
70 6
105 134
61 67
16 90
10 40
116 103
49 19
16 129
58 57
53 66
86 12
56 132
62 16
65 68
37 91
54 106
59 120
66 81
51 81
35 61
83 112
125 131
92 103
87 14
24 101
41 72
112 97
30 39
74 94
106 110
12 121
42 70
105 107
15 118
15 11
5 97
122 91
54 78
58 5
53 82
106 93
115 82
16 9
82 90
65 15
26 76
97 68
10 67
1 121
11 112
131 15
73 79
105 89
118 125
93 35
71 25
89 12
69 105
20 15
21 84
126 8
24 88
75 130
116 38
115 126
14 72
102 49
15 33
2 132
22 56
128 54
81 44
65 14
110 85
125 130
130 116
2 19
68 39
13 48
38 90
135 13
26 101
61 3
133 24
134 117
80 89
35 122
132 100
97 106
11 86
62 5
28 25
23 95
25 133
104 62
49 103
75 74
30 97
38 125
121 37
106 27
87 5
110 83
66 71
15 76
118 38
43 11
62 65
67 49
24 36
110 34
100 11
70 92
70 107
81 17
105 13
43 56
100 45
49 76
82 31
113 124
41 40
16 70
50 1
67 121
35 31
132 104
84 28
75 29
44 7
41 48
62 20
26 124
26 74
64 107
66 42
96 69
43 111
3 92
111 69
77 107
61 35
75 10
62 112
135 67
118 3
76 6
119 101
129 9
1 58
115 29
61 37
97 103
109 99
21 47
32 59
18 54
94 55
63 117
31 63
11 110
27 86
115 10
14 71
18 111
90 94
4 15
131 62
79 104
25 99
15 18
22 33
72 77
87 96
59 79
120 69
53 11
116 32
20 129
102 134
67 56
93 70
32 88
132 72
18 118
132 33
98 116
27 34
57 75
91 77
18 76
107 70
48 88
63 30
43 127
28 109
9 120
6 3
34 99
74 52
81 71
46 43
51 72
38 107
11 91
11 125
128 117
21 40
31 45
31 74
36 59
9 7
5 14
9 39
112 44
52 20
114 97
24 29
130 24
98 5
114 108
91 106
51 111
107 82
20 3
117 18
23 125
24 27
101 129
27 39
37 78
58 113
1 44
103 130
67 27
96 45
96 51
112 12
26 83
55 46
47 36
63 69
122 48
96 87
3 84
126 1
124 10
113 124
53 43
69 41
125 127
54 63
3 79
108 19
86 19
16 110
88 2
22 10
51 121
93 3
122 81
12 61
32 27
103 112
107 134
17 59
125 70
83 89
111 55
107 23
74 84
133 123
85 116
132 97
102 89
99 88
132 73
13 28
99 78
4 32
76 117
52 27
14 135
115 86
16 48
108 51
131 105
38 42
48 34
4 14
85 102
63 43
1 37
70 99
114 35
93 16
16 106
42 29
67 118
76 83
127 49
133 84
115 36
126 27
31 91
2 77
19 64
119 20
63 15
80 3
49 134
19 65
105 22
55 36
102 131
80 93
6 78
42 120
75 129
109 67
46 110
106 64
1 89
83 63
104 125
65 114
123 45
43 54
67 60
52 130
17 131
87 22
35 90
103 71
45 76
3 90
51 70
19 51
23 63
75 88
14 4
67 99
11 71
17 77
130 68
71 108
64 119
129 60
36 97
131 80
134 95
132 49
29 112
61 13
1 97
63 15
63 129
113 73
26 129
14 118
24 46
90 87
126 46
108 26
104 103
68 102
24 64
113 52
40 38
27 40
135 89
54 62
44 128
134 31
84 109
13 107
116 65
20 106
110 127
132 40
57 64
6 80
127 118
94 128
118 120
32 79
35 48
102 40
40 62
70 123
35 45
94 112
109 113
82 45
67 40
84 123
65 51
67 18
34 122
10 113
68 42
56 102
51 119
103 90
45 38
40 41
82 133
73 60
61 101
100 106
88 29
21 116
47 16
65 56
90 132
59 10
61 109
90 28
26 134
27 65
39 108
24 17
86 58
77 11
23 41
78 110
31 99
53 39
76 117
95 31
113 115
2 135
51 92
28 76
52 16
5 91
86 125
107 36
48 10
9 70
12 86
7 43
11 59
81 49
41 76
79 42
76 129
95 65
69 12
80 35
64 30
24 132
28 33
7 36
103 18
121 109
22 94
129 103
7 130
66 47
32 9
50 107
99 10
36 129
118 78
28 46
69 14
42 96
46 10
131 110
125 79
45 11
134 38
75 5
129 6
13 26
111 24
132 37
33 130
30 112
34 20
22 102
33 26
63 40
132 20
15 121
60 59
132 58
59 33
62 52
38 36
39 111
60 133
12 54
89 3
31 122
22 14
50 16
1 74
18 133
94 129
118 18
52 76
76 72
109 99
86 108
97 124
45 118
83 18
21 28
119 4
42 34
117 4
107 134
1 27
127 81
7 5
118 44
77 91
104 27
26 65
112 70
47 60
50 45
57 32
72 41
35 75
74 16
79 7
14 79
131 5
121 2
107 104
45 48
21 110
36 8
40 12
40 48
33 89
92 90
120 126
130 19
65 30
132 8
133 107
49 128
74 131
91 45
99 97
92 82
72 127
89 73
3 128
120 36
43 39
87 27
29 81
8 55
72 101
25 69
72 73
24 10
68 114
54 129
76 10
37 12
98 87
84 63
42 30
60 84
30 11
73 20
91 42
75 124
7 99
57 40
133 80
50 27
21 65
117 96
75 18
69 134
105 114
61 11
8 120
56 38
92 128
57 47
131 93
132 2
18 54
42 15
95 53
42 115
117 23
37 18
3 67
17 107
45 39
79 15
121 134
52 77
127 70
86 84
28 82
86 7
97 89
22 57
103 25
133 84
9 132
64 11
63 80
79 70
80 22
84 65
21 97
104 109
31 54
57 20
135 104
27 59
19 10
77 121
34 74
70 42
32 133
15 57
39 93
126 80
77 74
10 59
35 113
129 27
128 50
47 89
116 35
12 134
44 88
82 39
124 16
42 20
110 56
76 110
111 28
54 52
101 25
110 135
99 103
27 91
114 35
7 56
69 18
17 74
68 98
112 56
113 18
37 49
36 75
23 11
102 38
62 30
63 133
29 123
62 17
41 2
13 47
58 43
64 74
116 131
133 92
13 72
72 50
120 107
86 104
117 52
103 5
81 127
99 72
115 25
50 20
123 25
66 7
67 91
42 48
49 39
101 61
110 37
72 56
105 22
24 86
36 89
52 78
80 15
111 59
1 123
40 124
12 105
92 78
23 134
87 71
37 53
93 12
51 30
67 21
13 53
68 10
6 120
88 47
96 25
68 97
12 107
47 120
39 3
25 61
1 111
131 135
125 50
108 3
79 39
23 54
53 52
63 20
36 112
29 94
99 96
55 72
67 63
57 105
27 81
127 125
18 84
124 8
134 96
107 77
96 129
92 111
45 20
92 43
93 120
1 56
80 17
128 12
41 11
78 67
91 70
56 70
18 6
39 16
101 10
55 24
3 11
134 10
127 90
14 85
75 111
102 116
127 94
89 129
104 32
60 21
63 78
91 80
83 129
58 11
4 112
34 103
84 32
74 38
83 49
122 119
24 88
100 112
9 53
105 112
46 127
133 108
69 50
53 113
43 72
123 8
10 118
111 93
111 11
130 59
60 78
4 83
128 103
22 1
118 126
74 28
79 33
98 12
82 112
48 36
94 57
19 31
111 129
4 106
14 63
10 18
107 99
82 128
99 26
81 135
16 24
32 113
133 76
89 84
27 1
119 82
19 2
75 129
93 78
61 68
5 71
85 111
131 129
66 95
19 11
94 34
34 87
11 31
27 61
76 15
23 60
97 41
23 36
35 77
75 95
10 79
127 56
16 123
49 43
44 30
53 99
63 49
12 36
41 39
96 117
15 119
3 73
24 122
70 20
64 9
77 35
87 30
52 65
114 101
107 22
92 122
82 116
35 94
16 37
94 74
115 108
57 79
46 42
66 115
24 91
124 100
125 37
129 41
63 108
103 35
91 21
118 135
2 114
93 17
15 13
52 92
120 108
35 127
112 100
107 135
17 57
61 6
55 16
9 118
85 73
114 41
56 96
2 57
36 94
35 50
106 87
103 52
21 3
44 132
64 112
93 81
33 18
48 87
34 56
69 80
91 9
82 11
66 83
29 101
3 63
16 108
14 118
122 35
82 30
128 11
6 86
91 135
65 3
86 98
21 117
43 73
87 86
83 18
34 111
118 36
135 95
106 14
40 92
10 121
83 2
131 88
87 48
49 17
51 96
76 33
77 80
105 126
31 14
8 64
86 87
99 85
47 31
98 86
122 107
33 69
71 126
118 22
38 31
135 50
127 76
82 30
117 13
20 109
26 124
134 111
76 60
61 122
90 120
34 77
54 66
107 124
18 90
10 56
82 107
67 73
9 111
65 125
123 46
61 14
35 59
86 72
118 11
20 73
131 53
111 11
80 82
134 98
36 105
115 118
76 46
17 84
118 81
74 106
89 96
81 85
19 31
21 2
42 40
74 134
54 49
9 95
130 104
19 128
73 95
72 14
103 88
97 85
131 132
55 84
92 135
33 111
31 15
74 34
16 109
129 31
119 99
87 75
67 106
67 4
65 3
114 32
91 76
117 48
34 133
131 126
133 125
63 125
101 98
120 78
71 113
108 54
38 59
128 104
126 22
69 18
24 48
49 76
123 127
123 118
125 80
70 84
31 132
35 93
94 19
35 126
93 104
44 130
125 37
60 115
20 128
132 43
40 8
81 124
96 30
107 47
110 41
130 102
135 126
60 55
106 56
46 63
122 89
19 111
87 78
52 106
71 11
111 110
115 56
99 75
85 32
122 21
72 78
123 71
69 9
88 1
26 133
64 12
86 82
84 135
25 1
105 95
108 80
31 87
97 91
123 47
122 71
29 21
14 113
53 44
83 5
44 109
2 69
82 50
16 31
49 2
128 115
58 62
22 88
110 118
6 97
126 89
33 20
109 8
132 27
51 80
128 56
15 92
125 58
6 102
88 16
65 42
130 122
65 113
36 39
96 3
1 48
92 130
29 65
2 123
53 52
29 46
69 43
2 20
100 104
121 15
119 12
18 75
133 83
53 131
121 110
133 83
22 89
77 51
116 78
135 33
91 28
40 122
70 3
6 131
106 89
107 51
100 125
126 60
34 43
17 19
114 14
64 135
65 5
12 7
45 11
1 97
135 41
83 69
5 89
27 73
42 133
85 103
84 75
27 117
79 43
98 57
19 26
19 45
51 133
100 51
95 99
53 42
130 20
92 21
54 95
115 3
63 64
78 51
7 118
56 104
2 36
91 20
80 83
108 92
80 72
104 1
133 119
5 127
3 96
109 56
18 88
20 42
113 97
92 82
42 109
50 43
9 103
24 88
12 131
6 91
30 110
54 27
93 58
18 57
115 88
74 132
40 93
38 115
17 92
61 58
65 72
62 74
1 85
123 12
80 129
65 71
65 118
97 22
40 76
40 19
28 75
113 30
32 15
106 10
68 128
67 133
64 90
71 65
39 20
38 81
13 102
16 77
84 75
60 85
15 61
66 43
135 43
72 129
19 42
3 87
34 32
84 59
121 116
85 25
135 123
67 110
89 82
13 135
21 73
84 133
133 111
40 133
115 73
126 134
76 90
47 71
121 92
91 69
72 41
55 33
125 121
104 40
29 117
39 50
54 85
9 13
60 48
107 40
82 59
135 22
14 46
54 96
2 9
126 35
49 45
29 135
30 133
40 59
76 40
70 91
124 78
103 11
87 75
12 33
95 108
16 108
115 69
31 78
77 21
112 88
66 102
87 57
61 126
77 1
128 11
91 78
50 21
88 1
57 61
130 16
130 107
86 109
40 78
51 79
98 124
31 125
91 117
9 16
70 85
114 62
58 31
4 107
51 54
70 69
76 26
85 71
133 132
44 37
74 95
115 133
45 107
85 135
89 93
113 120
42 53
46 61
83 11
33 96
26 64
29 102
89 113
37 48
71 42
47 9
98 123
104 8
95 53
104 10
10 81
129 13
133 1
74 43
11 68
3 37
93 31
100 8
106 1
56 41
4 102
12 102
51 115
71 10
32 39
19 41
120 109
15 79
109 88
121 82
117 123
118 74
19 82
82 86
44 2
126 9
65 99
110 115
78 7
87 109
46 67
111 30
41 126
70 14
40 56
95 22
5 39
57 23
82 3
70 87
101 23
96 127
121 32
69 64
39 20
134 84
86 110
75 126
62 9
102 101
26 23
84 31
24 6
15 105
105 85
57 71
107 114
62 92
10 130
117 48
111 116
93 62
90 32
14 113
3 77
40 28
62 124
20 85
91 35
54 60
81 72
92 52
12 116
105 22
110 87
69 48
67 124
71 118
20 46
95 22
123 134
12 49
122 31
133 39
65 13
99 10
47 55
23 58
35 90
41 107
41 72
116 69
60 51
51 79
96 10
63 45
8 74
55 92
66 14
130 93
27 55
64 35
72 87
54 68
41 95
39 43
31 116
111 90
31 26
130 89
35 57
133 4
92 15
95 120
28 52
77 16
106 5
50 42
91 104
110 93
25 110
97 55
53 72
106 83
97 100
133 93
119 93
97 37
107 18
21 134
69 97
15 2
102 26
5 19
91 114
74 115
51 35
131 103
107 101
12 30
28 10
85 108
64 8
106 35
25 127
130 56
50 106
57 113
132 61
132 87
2 32
29 14
66 24
78 134
87 89
126 76
60 75
48 85
82 115
81 68
106 76
123 118
46 6
95 4
29 53
91 127
84 119
102 112
104 44
72 55
94 62
92 116
1 101
65 44
81 11
112 51
86 61
33 93
67 90
97 57
7 14
10 53
94 111
29 62
19 100
79 112
27 35
92 124
1 22
33 81
129 106
93 41
31 88
133 59
42 56
77 10
69 86
62 27
61 90
51 79
17 129
56 5
125 109
128 125
92 122
32 85
92 125
125 85
77 123
8 80
5 85
89 36
35 16
24 96
67 74
1 83
29 18
49 19
127 42
105 83
125 99
33 44
88 22
128 126
106 97
70 73
8 120
108 5
135 131
62 29
70 62
73 60
80 122
40 33
125 10
115 114
108 109
119 22
93 111
12 25
35 43
97 42
124 69
46 86
65 107
114 96
131 51
20 75
134 60
69 123
31 48
64 100
119 47
121 38
120 94
62 19
98 121
22 86
54 68
133 80
1 111
40 131
124 22
32 122
43 100
72 73
110 97
134 93
105 119
130 89
39 18
69 1
3 91
48 19
120 46
98 120
118 100
78 106
83 109
55 125
36 88
24 10
49 22
64 18
102 20
69 5
37 2
102 2
54 111
20 135
21 79
82 101
43 24
71 87
94 87
76 129
1 61
100 49
44 28
29 107
9 97
73 46
60 39
9 76
112 28
75 132
68 21
97 111
44 130
62 100
43 100
55 44
122 20
54 31
9 82
99 18
5 37
25 65
37 33
5 13
22 79
107 89
62 68
26 67
24 50
31 29
14 86
72 97
67 125
89 75
34 53
92 38
89 78
64 125
110 30
3 93
47 132
100 34
63 124
83 56
114 58
103 50
20 34
1 108
70 131
25 124
34 75
66 59
65 3
89 29
95 24
99 6
117 63
40 6
13 84
61 126
7 28
2 123
23 100
95 55
95 82
43 90
21 70
14 47
72 64
37 32
49 97
134 30
122 135
35 96
84 58
49 52
47 50
39 32
14 95
86 71
3 90
25 121
121 38
129 58
63 31
51 111
89 11
102 75
11 2
133 56
21 46
69 67
95 69
98 71
125 48
6 128
99 127
75 85
30 68
104 54
60 19
30 111
126 93
12 98
56 9
115 76
54 48
8 111
116 67
8 68
77 110
22 40
101 96
86 92
125 54
11 50
34 2
122 25
94 133
122 112
104 102
52 22
111 21
94 54
88 63
121 29
37 7
68 100
102 19
56 53
34 28
102 68
29 50
54 85
48 2
61 16
103 74
134 41
95 55
94 47
75 116
47 104
42 110
84 97
27 118
125 91
12 115
5 65
26 52
66 48
29 131
122 125
36 81
44 91
127 122
131 28
64 42
131 105
16 80
29 42
24 115
132 35
94 99
61 82
112 88
129 6
83 115
92 80
60 97
132 13
45 127
40 109
33 36
40 10
77 30
52 100
9 10
134 65
108 21
11 85
108 4
52 18
119 8
97 5
104 94
18 13
47 57
83 80
92 85
51 33
114 64
132 85
74 92
14 8
74 24
54 47
124 67
64 107
74 122
112 4
42 91
114 89
12 23
130 66
69 45
98 10
109 57
94 9
110 69
113 49
92 32
57 42
60 120
14 96
68 87
99 72
42 39
25 15
24 116
80 54
122 5
63 57
61 118
27 132
51 5
7 104
133 63
11 57
9 121
17 77
34 78
110 37
78 96
51 63
76 131
117 24
135 44
81 22
124 69
115 39
35 122
8 32
11 115
51 117
100 29
20 95
106 129
131 11
89 46
73 29
3 16
14 99
60 56
120 48
125 62
48 24
10 17
18 20
131 68
1 57
96 20
16 29
110 11
1 63
19 35
53 21
51 67
120 72
122 66
81 73
127 128
59 1
107 76
118 102
105 80
121 27
62 98
17 36
109 17
61 127
14 113
109 64
44 93
97 128
24 42
27 15
131 85
113 102
122 57
31 91
98 16
118 121
113 96
119 48
113 44
1 88
21 110
16 27
67 112
116 52
115 104
29 110
54 6
39 2
24 69
93 83
84 37
69 23
132 52
33 71
57 33
23 77
104 135
65 36
73 45
87 52
14 115
124 29
82 27
30 67
57 84
15 102
120 45
124 79
58 118
111 114
16 134
17 119
95 82
116 33
88 30
46 63
9 131
22 83
81 40
128 95
6 75
101 130
18 23
112 90
98 89
88 115
35 10
23 15
42 110
44 49
135 15
45 52
29 28
96 109
68 89
31 73
28 131
29 7
116 103
58 78
18 11
19 52
117 41
29 120
113 72
33 112
48 39
28 76
29 86
50 96
39 42
130 28
37 121
131 114
50 53
19 67
25 37
81 6
40 109
125 17
7 120
90 55
23 117
92 51
67 6
108 67
47 65
56 46
12 51
121 61
66 4
127 52
3 34
58 4
7 9
117 14
90 71
30 75
14 121
87 43
89 22
109 97
86 127
104 97
4 90
22 69
55 110
121 57
106 5
22 112
110 3
87 65
73 78
4 87
64 52
91 114
73 26
75 23
17 44
81 21
133 64
89 52
39 36
71 9
40 92
82 112
95 131
41 129
73 6
42 1
19 132
114 92
23 16
76 1
59 22
21 18
85 72
69 85
107 101
55 109
20 2
85 76
132 87
54 73
32 72
69 107
125 53
122 66
54 45
87 36
62 133
107 93
83 41
58 2
111 39
100 22
114 58
70 48
127 85
21 15
91 108
30 78
38 45
122 86
80 11
83 14
103 127
16 122
129 88
26 55
109 4
113 5
13 104
89 94
88 71
71 5
43 100
82 42
106 69
127 50
41 75
25 8
66 2
91 21
89 78
76 24
44 53
125 18
118 78
112 32
14 47
36 18
108 118
60 78
13 51
89 53
87 76
22 115
77 74
97 128
17 37
113 22
51 103
39 33
45 15
26 20
23 62
135 92
6 59
34 18
71 123
32 120
63 53
61 101
126 22
55 104
59 33
125 71
135 126
66 6
102 91
123 125
114 122
7 77
60 39
64 91
23 88
105 45
15 58
67 70
26 125
102 113
22 63
103 87
68 69
43 55
58 118
3 101
64 9
42 123
10 67
79 129
116 10
39 130
67 105
64 93
56 30
32 77
92 134
126 122
67 33
41 87
112 6
14 40
111 17
125 120
83 30
114 63
39 114
19 106
25 100
74 18
41 128
16 31
114 44
25 116
92 99
121 105
100 97
83 89
43 30
118 21
54 119
96 73
51 43
117 37
7 55
54 10
9 31
2 122
74 124
65 31
87 50
97 51
108 45
102 16
36 46
133 52
29 94
86 41
98 67
77 67
83 92
38 92
122 39
40 61
27 104
53 75
116 111
126 88
20 54
65 18
99 25
69 128
80 19
33 4
47 72
70 129
28 107
47 15
108 87
37 96
17 51
36 132
26 123
47 8
41 73
25 4
59 55
93 3
73 88
104 81
24 135
74 13
69 83
27 41
34 25
1 12
75 36
9 101
120 55
70 25
89 94
126 13
110 45
15 47
132 80
89 117
80 124
130 13
71 21
53 66
46 15
78 120
13 86
47 132
102 116
119 55
36 71
67 10
115 44
18 112
123 106
93 29
95 87
41 30
70 55
96 115
70 135
61 82
47 70
40 13
50 120
29 48
55 58
57 35
101 75
11 50
7 65
79 101
17 81
93 86
1 15
27 70
14 49
113 60
118 114
34 130
99 24
42 18
81 60
52 8
134 24
20 103
89 98
68 67
43 122
114 5
1 5
36 111
15 13
132 133
89 127
89 52
16 92
31 96
16 83
66 112
68 85
79 118
9 108
49 13
95 27
18 57
128 53
33 8
28 126
5 116
118 55
129 133
11 24
55 26
68 120
2 1
69 42
118 77
15 32
90 71
20 69
127 13
20 110
112 121
90 56
40 45
53 50
37 1
54 1
98 84
42 81
123 18
74 39
50 55
107 4
67 54
124 86
29 62
33 80
79 72
125 131
83 20
27 82
20 80
82 118
125 85
25 112
65 60
15 114
114 83
117 46
99 68
93 89
91 126
33 35
24 119
127 69
3 18
15 120
97 58
64 49
7 88
25 33
109 2
12 87
46 128
94 9
22 14
97 113
101 92
12 124
37 3
57 2
21 33
121 79
90 49
127 59
98 114
91 71
115 64
119 122
19 78
131 40
91 54
17 56
107 125
6 9
128 25
10 110
19 92
15 71
5 7
129 64
82 46
134 61
72 117
47 90
21 4
91 73
20 70
90 126
59 58
134 13
82 105
84 100
61 99
35 27
67 125
90 13
133 50
35 69
129 43
120 111
9 37
49 28
106 3
18 127
22 114
101 103
83 50
30 9
110 26
132 3
16 87
15 110
98 11
5 91
53 124
67 61
25 77
50 93
41 68
46 63
46 11
30 90
22 21
60 93
47 57
95 24
105 71
133 67
81 99
23 96
87 51
118 73
89 33
127 129
62 37
56 69
23 31
68 83
124 76
4 45
99 108
116 58
39 23
21 23
118 69
35 63
104 123
57 95
117 118
94 134
51 6
46 73
133 76
20 121
16 120
31 77
92 108
134 93
130 117
77 75
50 112
99 18
61 20
75 4
2 33
3 14
135 10
86 132
85 68
80 63
14 72
4 68
44 99
25 38
80 63
74 92
39 37
71 62
56 107
65 19
4 67
32 100
39 80
97 123
109 3
50 122
74 15
54 117
76 40
116 117
103 55
73 103
53 106
29 109
77 56
89 43
84 121
7 122
27 65
72 135
67 83
83 5
98 99
121 38
3 64
116 105
118 54
35 132
121 25
105 62
80 21
66 29
103 73
112 129
2 48
90 31
131 134
35 93
97 118
92 100
8 72
31 87
87 27
83 34
52 15
58 131
35 123
121 2
22 98
92 121
10 46
16 5
44 12
59 103
91 15
29 98
49 59
49 97
86 132
131 2
108 53
94 7
2 80
8 24
4 61
9 13
106 121
115 111
132 38
40 88
15 68
12 63
127 23
121 39
116 78
2 88
130 57
94 132
98 63
117 101
123 125
76 55
110 55
127 68
54 32
117 68
99 129
92 52
113 40
52 93
117 53
45 112
72 100
70 34
27 13
97 111
99 37
127 35
53 118
102 106
14 84
1 75
39 54
88 113
93 5
70 75
19 76
13 90
40 82
86 28
56 47
100 19
45 91
53 59
73 19
126 49
64 126
85 64
7 37
41 99
41 72
38 22
12 50
111 13
93 23
2 13
69 63
31 75
18 83
133 53
64 124
63 127
76 12
18 82
10 20
8 13
92 45
34 65
57 9
40 14
32 41
124 62
66 19
2 83
64 96
97 127
46 121
80 84
94 97
127 104
117 134
116 35
44 111
99 62
81 100
75 74
6 25
1 33
6 99
77 69
21 39
22 67
121 63
15 80
25 103
10 103
102 87
99 107
62 24
33 7
124 69
81 91
94 43
123 99
103 64
129 123
64 15
54 50
77 30
129 63
133 100
127 61
51 90
32 112
76 64
80 64
132 25
19 52
29 103
15 131
31 8
119 95
119 134
106 61
126 99
25 39
10 75
128 41
13 30
66 92
93 24
79 73
76 107
40 52
65 33
22 48
89 5
8 59
27 133
119 74
44 8
112 53
82 66
55 56
96 82
12 15
106 52
88 8
121 89
21 50
121 42
59 74
9 66
94 132
64 77
70 107
84 8
122 127
74 3
9 34
85 21
48 17
34 97
121 19
51 6
68 133
10 126
34 115
19 127
111 44
31 8
112 76
15 98
68 88
63 76
83 12
58 93
125 54
54 110
72 66
77 102
26 86
54 21
65 72
12 3
77 42
10 54
80 24
113 12
74 40
49 118
51 69
75 2
122 91
111 20
118 53
83 8
100 2
28 30
35 2
32 74
5 41
127 84
26 104
57 61
9 68
44 21
1 118
23 84
73 95
103 18
12 51
25 112
14 15
103 10
16 134
83 117
1 74
28 123
43 84
49 13
16 92
33 16
36 17
99 71
112 29
88 123
79 74
61 54
88 28
63 65
123 108
47 123
46 36
111 50
119 121
24 135
39 57
112 74
73 38
9 11
28 58
134 68
132 21
121 84
11 10
14 133
117 22
83 125
57 58
1 2
5 25
98 43
43 37
116 77
36 87
88 63
9 48
130 5
68 115
89 78
124 64
38 68
47 120
57 65
4 57
28 8
43 126
50 85
27 127
27 62
78 114
86 49
123 80
53 55
59 103
95 9
128 94
76 1
78 94
65 81
113 55
50 20
45 99
105 33
52 93
56 92
71 6
5 20
85 19
74 105
122 130
75 76
88 16
77 127
71 103
72 48
22 121
30 28
46 134
53 77
16 123
82 117
7 31
135 42
97 83
134 37
24 48
14 62
40 84
29 73
94 13
21 123
40 28
83 62
87 135
3 64
84 85
45 52
77 7
55 39
89 15
37 74
63 50
135 64
95 126
1 15
3 21
99 4
11 46
65 97
7 30
26 52
114 32
65 17
38 82
17 89
96 53
27 120
64 124
48 24
114 11
38 78
128 2
43 3
9 70
100 113
99 87
126 39
80 56
55 118
2 34
71 59
86 59
44 112
47 91
135 122
63 134
26 56
97 69
58 68
3 119
7 101
70 132
4 112
14 20
94 112
53 126
36 101
11 41
77 20
93 38
6 21
36 32
76 95
62 95
27 64
79 33
126 110
126 129
86 5
110 6
116 28
93 113
128 104
18 31
123 111
68 90
93 103
83 33
62 9
127 50
34 32
82 24
7 35
114 92
39 89
98 116
78 55
94 32
120 73
62 69
10 129
24 102
96 68
96 120
39 88
131 72
119 78
58 87
74 36
44 112
86 103
92 28
119 12
59 104
85 120
134 56
113 22
23 36
52 118
117 90
32 112
26 113
16 83
64 89
81 69
65 31
133 119
59 117
130 79
47 41
64 45
59 3
29 81
38 80
25 19
34 19
131 21
93 11
66 21
100 11
52 126
41 49
109 61
127 66
5 135
68 30
7 88
129 35
33 32
76 20
12 71
38 104
91 130
77 21
112 3
128 125
128 34
1 64
56 127
91 22
127 120
13 95
73 7
129 67
38 31
48 11
101 85
115 18
41 18
1 115
20 128
104 109
123 104
134 6
58 89
27 11
36 2
105 70
8 60
1 7
52 49
95 93
131 98
110 93
39 91
48 7
65 132
73 63
2 92
114 126
64 111
127 33
45 96
54 7
102 105
55 80
83 112
38 40
36 109
133 74
65 45
42 91
3 76
115 102
32 93
92 95
30 45
89 74
102 104
81 68
73 97
12 117
73 11
22 108
120 19
8 11
25 50
63 27
125 42
90 22
97 8
78 126
52 129
27 18
97 107
47 132
68 59
113 103
69 134
37 15
17 45
25 3
56 87
127 45
91 81
28 14
89 106
4 102
61 30
82 22
98 128
18 128
13 93
57 82
91 55
96 70
99 83
72 116
131 25
26 86
106 53
99 21
120 65
122 7
56 68
29 19
23 8
108 35
62 29
116 18
83 39
87 9
83 120
124 78
10 14
126 77
29 51
97 110
115 45
117 36
113 107
16 97
76 123
131 3
16 74
20 60
112 68
68 21
52 57
98 23
32 88
99 60
4 22
35 80
67 113
77 44
84 92
5 24
41 97
26 18
35 45
78 108
74 10
128 126
28 91
13 60
5 74
81 105
95 115
50 26
92 126
31 2
45 132
26 85
56 51
103 90
58 45
25 131
16 17
83 44
69 58
103 74
93 48
43 52
125 54
40 43
45 32
45 89
126 70
135 46
82 102
97 101
108 121
59 124
100 6
32 33
25 96
68 117
8 73
131 94
126 132
99 132
125 8
47 77
39 47
122 82
110 46
48 83
128 68
71 92
35 64
125 60
24 57
3 128
91 133
49 82
91 12
40 81
19 87
22 19
95 106
100 69
113 109
16 105
41 48
62 38
111 13
97 96
31 61
89 122
59 99
30 111
110 69
18 90
117 40
108 76
107 34
10 84
105 25
15 107
35 38
9 10
50 67
68 43
128 21
29 13
81 20
123 55
88 6
9 32
7 78
107 75
73 116
120 42
103 134
14 2
37 119
108 48
51 40
90 43
22 80
55 102
61 4
118 111
9 126
7 112
30 113
51 103
94 35
106 23
131 81
24 129
65 93
41 115
133 93
119 116
134 135
83 60
3 65
132 109
18 3
85 9
115 1
73 35
132 44
57 127
124 42
120 15
97 123
91 56
42 74
36 40
73 80
61 76
107 57
49 86
21 95
94 1
57 32
132 16
75 16
7 25
19 89
2 115
38 92
35 79
31 33
80 65
112 103
102 45
121 112
130 7
72 89
104 90
82 100
105 118
115 74
104 96
124 105
75 26
62 72
66 54
104 107
118 80
74 47
87 60
23 81
66 56
131 34
11 77
95 77
21 37
15 125
132 3
94 71
125 117
104 55
35 72
27 115
114 100
26 65
121 10
10 13
66 103
8 38
44 103
114 27
4 129
16 135
93 71
32 83
53 1
2 49
34 125
28 12
52 15
76 37
122 48
12 52
15 19
51 20
121 29
46 86
119 23
47 39
94 41
121 108
41 84
21 36
74 11
48 125
122 85
123 108
132 134
121 108
18 36
90 100
27 97
13 107
120 59
10 40
99 130
109 101
79 91
2 114
63 11
65 50
95 52
22 54
13 105
26 127
5 77
91 128
39 65
100 120
124 109
121 49
104 56
112 9
11 75
122 74
85 51
85 44
64 68
59 76
37 47
67 4
123 120
131 123
49 95
107 134
69 54
48 134
109 121
104 82
60 52
20 9
102 104
14 127
36 73
30 35
119 58
38 68
4 33
56 53
128 124
13 23
43 22
118 113
7 86
59 66
2 40
74 65
8 50
56 6
122 47
40 67
105 77
134 108
71 54
122 25
43 135
21 29
24 28
114 83
93 77
122 129
6 92
43 24
59 126
70 60
57 39
98 55
109 33
109 95
58 113
94 66
24 77
95 47
104 35
91 23
112 40
113 117
131 20
5 16
10 37
75 66
75 37
83 10
31 56
105 88
33 25
19 56
101 75
64 31
109 117
16 47
21 128
126 113
110 130
128 119
128 29
12 30
27 94
39 57
111 8
107 105
130 87
122 57
123 50
88 58
31 103
105 13
57 95
125 31
51 79
112 44
107 123
73 133
43 73
17 115
43 85
84 37
36 70
93 23
81 7
80 74
71 11
86 128
105 76
23 118
19 134
123 88
83 22
47 87
94 63
66 1
12 111
134 9
7 54
31 88
60 73
123 131
45 73
85 112
110 107
94 91
68 81
43 15
64 89
64 22
114 91
120 125
67 80
134 73
133 126
122 58
25 109
15 70
9 99
46 118
32 4
73 99
46 77
76 109
128 101
92 106
56 38
57 122
118 55
22 115
134 32
79 110
101 87
35 11
31 67
111 104
127 118
7 29
53 96
129 10
66 50
9 85
133 126
4 19
68 11
124 66
5 67
3 105
115 37
116 10
65 53
75 57
36 44
47 88
4 41
59 32
90 68
116 87
58 81
68 125
54 18
18 58
46 20
27 25
18 104
131 83
22 71
101 19
114 12
106 117
52 30
110 103
97 90
17 116
36 84
68 89
63 47
11 108
28 134
132 45
65 127
89 48
24 54
66 2
28 36
81 41
27 17
9 123
107 25
66 7
70 133
57 132
44 29
66 71
124 62
77 53
15 31
62 1
46 127
99 73
125 44
114 16
61 84
101 129
70 128
97 101
125 18
59 130
8 124
27 131
12 103
11 123
95 34
123 6
26 87
40 112
92 18
89 114
63 16
107 132
8 68
97 94
47 20
88 16
8 114
109 116
44 81
104 3
114 91
8 101
42 48
77 134
27 31
112 90
8 46
48 16
75 107
109 84
126 24
99 96
2 72
38 7
17 6
10 93
97 17
58 100
26 135
98 15
127 37
66 96
82 113
111 118
84 47
66 37
70 30
94 33
63 131
40 42
2 11
134 60
27 56
24 15
17 84
29 105
120 94
66 28
71 41
10 117
49 38
115 80
67 73
75 91
30 114
132 128
124 92
52 112
13 76
121 116
96 105
74 26
94 107
28 65
88 39
102 67
118 130
101 57
86 92
132 44
85 82
21 13
38 108
100 23
89 60
89 27
133 37
74 47
75 40
75 19
132 40
38 82
132 34
125 43
78 125
5 98
99 5
70 64
27 120
85 78
12 132
86 106
130 24
115 31
26 54
49 22
56 86
65 14
82 54
56 121
6 60
83 104
64 114
129 53
99 79
92 72
37 42
4 31
28 118
61 53
37 71
36 54
22 100
67 65
18 84
50 120
8 94
89 34
34 44
48 132
122 4
30 23
45 131
15 34
113 37
86 111
108 121
29 91
47 57
20 27
5 31
11 13
124 61
8 22
105 55
116 91
20 107
76 26
102 52
60 42
89 10
17 61
93 8
16 101
64 132
127 69
124 3
43 112
63 50
95 32
66 37
9 122
38 131
113 126
103 130
13 22
2 125
122 65
121 114
133 109
78 40
47 5
51 104
134 78
5 45
124 110
128 61
47 30
56 24
118 120
18 92
6 116
82 90
46 67
68 5
3 10
7 11
111 19
114 71
97 119
115 47
93 69
107 4
99 125
28 43
109 7
134 77
123 80
31 130
109 60
96 73
69 102
83 6
83 24
77 44
7 18
90 61
87 24
27 12
110 16
54 83
22 14
121 106
56 16
62 126
75 23
63 105
86 107
111 33
130 14
38 98
31 90
24 79
75 12
90 49
27 105
93 10
81 79
78 1
56 4
88 93
123 15
62 36
83 134
30 40
109 30
2 5
119 122
45 20
133 135
68 121
66 25
131 11
65 35
108 83
135 60
40 123
36 63
120 119
24 14
120 132
43 121
98 123
70 8
7 67
104 36
53 34
23 10
7 87
44 114
131 43
39 35
127 36
60 111
116 83
87 100
41 91
48 4
41 117
108 47
48 76
83 62
71 67
33 77
18 38
56 14
81 56
10 34
91 31
107 34
113 58
133 19
110 45
119 15
123 91
24 133
128 106
59 63
37 54
5 16
91 22
126 133
77 98
32 129
128 100
124 68
119 122
48 93
128 31
108 116
83 131
113 75
63 133
2 61
13 103
38 104
124 126
63 27
88 94
118 42
58 68
109 41
54 21
96 9
51 30
86 95
34 49
119 133
71 132
62 70
62 13
60 124
1 109
45 118
16 102
51 124
105 66
10 27
36 22
56 83
117 42
69 112
90 53
71 122
49 133
56 72
10 116
60 10
89 104
90 104
33 102
55 99
129 64
125 127
47 45
74 125
86 8
102 2
22 37
85 32
34 5
103 5
82 27
112 133
131 66
101 125
129 117
88 84
7 77
75 54
83 111
43 130
80 106
131 101
8 80
132 3
46 61
8 128
87 119
125 44
11 52
130 101
34 82
49 2
120 124
55 67
61 60
61 5
30 18
67 134
59 63
2 105
85 106
97 133
51 48
42 23
99 36
123 94
80 133
96 64
83 112
131 8
36 18
12 28
36 78
26 56
102 124
25 51
94 83
49 106
130 52
128 56
49 115
111 90
113 71
19 22
48 111
30 45
90 3
34 87
81 22
8 9
10 129
22 66
77 32
36 33
45 126
50 55
105 26
10 44
96 125
66 105
100 57
112 16
59 107
103 101
128 110
110 100
65 93
30 6
124 27
1 33
17 50
49 84
37 58
89 95
47 116
64 108
37 2
86 96
109 53
61 63
124 132
27 53
89 18
21 39
45 118
33 23
32 82
106 69
101 60
125 110
2 53
44 39
17 129
96 87
46 118
14 131
77 41
11 30
58 31
31 64
13 63
87 6
9 19
36 110
40 25
84 42
40 127
42 56
83 2
7 128
81 117
86 22
22 96
52 42
88 82
67 100
106 18
67 115
37 103
51 76
89 96
79 128
49 120
10 131
121 113
86 67
95 36
50 78
93 101
119 45
9 51
106 77
30 37
56 28
4 68
66 93
125 9
47 38
129 57
131 76
34 81
104 128
78 19
71 132
81 16
41 52
28 11
128 58
47 10
47 13
39 112
67 28
121 113
65 76
131 22
113 127
102 82
81 6
62 113
2 7
129 42
20 118
14 12
40 23
118 49
35 21
25 63
48 107
2 75
47 133
96 25
124 25
68 69
30 129
47 129
135 2
132 20
119 11
128 121
33 111
34 29
131 58
91 6
127 92
80 38
51 40
24 1
26 91
70 56
46 78
11 8
41 7
124 24
17 116
106 11
53 4
39 49
24 91
54 15
48 95
14 60
96 38
61 122
90 130
42 1
34 52
8 36
20 131
59 134
73 127
9 126
130 10
1 115
100 16
129 109
110 8
34 70
7 94
56 58
50 59
58 45
72 27
80 92
119 100
90 57
91 60
9 86
69 9
65 131
121 21
104 95
125 99
126 131
57 9
53 68
29 73
112 101
99 56
19 45
21 70
101 111
129 71
23 25
79 88
20 64
70 85
120 59
49 72
54 105
80 68
38 109
5 111
36 66
32 16
72 14
47 37
124 40
69 12
26 109
61 7
134 130
92 118
15 5
16 68
71 96
97 70
31 64
8 28
91 39
5 27
52 51
25 2
52 93
110 78
66 35
84 64
126 2
8 5
103 23
34 1
80 93
32 110
21 39
99 111
39 103
2 90
18 26
54 32
118 28
109 10
25 19
73 112
118 80
79 85
102 112
47 9
69 79
118 51
117 44
26 21
108 27
72 88
14 87
119 131
115 54
102 101
34 39
77 16
80 20
63 9
94 109
17 124
52 134
2 131
4 27
113 112
16 11
64 29
98 47
122 39
100 88
4 133
89 42
111 33
24 38
41 79
108 57
29 25
18 30
117 21
57 94
132 34
66 22
62 28
68 10
28 129
60 31
89 13
35 26
45 20
63 48
98 35
104 126
21 121
21 99
104 39
57 62
72 85
84 95
112 113
67 102
69 126
94 119
100 128
9 106
12 33
18 109
29 84
62 12
31 44
110 134
82 129
23 115
78 68
36 16
7 102
117 75
54 76
20 115
30 125
86 42
22 65
112 13
13 135
24 44
43 133
4 86
88 123
27 30
55 63
8 62
126 124
98 7
26 80
121 56
69 71
97 91
98 35
103 110
35 88
115 39
85 81
125 135
68 16
29 123
40 133
11 31
122 108
134 12
52 119
29 121
17 87
38 114
122 102
50 118
54 30
21 100
110 10
99 42
123 90
126 27
87 1
19 35
71 17
9 84
1 37
31 114
124 68
92 72
131 103
54 49
132 74
14 68
46 74
72 33
28 24
21 115
25 40
111 57
56 119
5 18
21 36
131 9
65 49
80 61
114 133
109 110
33 84
5 78
120 38
72 12
61 93
88 85
94 64
103 111
47 108
91 29
105 48
37 34
97 78
56 75
37 30
11 70
75 112
109 59
14 8
33 75
100 82
121 20
107 51
130 116
23 85
9 89
133 8
122 56
85 43
92 122
34 64
18 70
41 88
91 16
95 85
52 21
128 135
40 100
50 35
80 72
81 50
25 40
57 108
57 104
112 13
52 107
39 69
4 41
118 56
56 78
102 70
98 94
69 3
58 118
134 99
54 41
111 40
43 32
109 99
135 48
74 51
116 112
17 64
1 34
103 102
103 65
61 36
29 80
18 124
6 33
127 116
109 105
132 71
17 70
83 94
8 29
40 121
54 40
20 21
104 84
47 126
82 38
70 99
26 37
94 114
17 127
12 88
58 106
23 36
2 105
130 10
95 34
130 13
35 111
130 3
60 42
90 6
79 122
23 121
45 2
75 18
89 132
123 111
33 125
42 27
134 2
22 90
14 56
66 106
21 87
12 110
54 52
96 119
117 81
105 123
82 44
6 35
2 128
107 34
79 13
60 39
111 81
129 87
99 21
57 81
107 68
55 25
81 113
105 62
58 36
12 101
79 17
135 81
106 68
76 50
42 98
88 18
5 81
66 103
101 122
48 34
16 65
20 96
4 125
119 23
25 130
123 66
11 84
108 117
16 48
31 19
10 80
133 15
26 63
79 88
49 89
84 26
115 103
121 118
92 105
5 117
99 127
9 72
75 116
53 52
28 45
32 135
124 30
26 65
7 109
90 121
65 130
7 69
73 105
22 81
41 58
61 55
71 50
61 103
11 12
94 121
122 12
2 109
38 105
82 90
91 120
127 117
76 133
51 13
64 34
93 67
92 115
121 27
126 9
91 99
20 49
84 6
23 47
77 22
17 120
111 69
66 102
50 6
61 62
18 125
96 72
56 14
13 3
2 101
11 93
64 127
103 109
133 87
118 36
109 134
20 46
67 86
13 116
91 73
43 71
24 100
104 79
75 79
44 76
44 16
130 69
8 60
4 102
108 121
2 81
119 118
89 12
68 101
128 121
135 132
56 24
58 121
64 132
64 69
34 69
85 126
2 54
50 103
117 22
88 118
65 34
100 18
45 130
80 134
115 79
92 132
64 111
79 128
107 8
23 103
76 107
93 40
122 7
7 103
125 56
47 54
89 12
33 96
103 112
94 44
18 13
2 81
123 80
35 57
87 58
24 125
126 78
126 113
46 132
80 35
52 127
51 103
100 45
63 29
22 118
72 1
130 73
81 80
114 78
98 28
135 83
17 125
25 7
64 70
100 9
66 113
97 116
80 23
123 7
51 9
87 122
106 43
21 51
122 134
128 46
26 89
128 4
41 114
107 104
48 71
74 76
11 35
18 90
57 5
59 69
110 10
55 80
14 37
131 98
36 85
8 23
1 98
27 41
76 95
9 86
128 83
26 3
79 43
54 98
48 112
31 22
83 48
64 97
84 59
21 81
105 28
104 67
125 92
107 28
51 78
113 5
122 3
7 27
7 61
124 54
134 20
38 44
29 101
102 112
121 122
58 52
14 123
119 101
79 52
128 91
91 67
96 77
69 64
104 75
124 54
91 85
35 90
128 63
17 94
40 2
80 59
15 55
46 95
117 124
12 109
41 102
2 1
6 32
65 71
69 15
124 24
99 24
75 91
48 91
11 49
54 90
107 68
10 17
28 126
102 1
62 8
102 63
105 69
95 34
4 28
49 90
13 109
75 49
65 122
4 37
36 57
127 104
124 98
83 113
50 49
113 111
18 42
1 123
110 57
118 76
46 128
127 20
102 66
68 128
14 71
29 11
89 20
115 39
79 24
17 129
72 129
104 52
132 66
1 69
122 118
106 129
111 97
13 77
124 80
69 2
112 59
13 65
41 89
104 119
112 82
112 10
37 81
23 34
108 23
64 57
6 34
50 116
130 25
19 118
66 49
81 43
107 55
69 12
105 134
131 81
42 69
53 79
111 75
74 84
98 2
5 65
35 16
7 126
40 25
70 106
73 15
110 6
32 5
115 1
101 72
44 7
5 96
85 116
132 23
64 56
24 30
120 20
7 126
107 47
112 41
114 11
18 50
17 49
54 93
49 116
29 92
123 33
14 34
110 11
57 38
28 42
29 110
62 36
62 33
44 39
36 22
49 53
33 27
101 48
119 111
29 12
68 16
7 43
49 116
15 67
116 43
109 106
17 132
6 78
126 11
116 123
129 127
40 26
115 102
74 99
40 102
72 69
79 40
111 89
21 126
118 98
33 53
68 11
11 74
88 98
46 31
86 40
119 87
65 98
16 100
23 55
28 57
123 106
96 60
22 78
50 4
40 44
56 108
54 66
8 7
28 53
134 75
92 117
27 119
79 42
83 102
58 111
23 45
43 80
104 64
23 116
29 62
24 46
131 78
73 3
46 63
56 44
2 109
25 125
92 65
128 2
31 50
112 15
94 19
57 25
45 79
102 35
102 125
43 98
29 115
100 36
42 117
41 6
53 27
92 9
92 85
10 84
134 83
61 55
64 117
41 70
60 7
104 26
93 11
123 84
88 50
81 91
31 122
96 83
13 53
54 66
2 25
15 97
70 75
16 133
67 77
24 132
102 117
8 52
27 57
101 107
12 93
93 108
3 68
122 18
133 85
42 109
46 73
10 24
70 65
41 98
103 65
