18 24 14300
12665 13716 11735 2057 1100 6484 5763 11649 5515 10983 5212 908 4913 7606 1109 2266 9408 350 2516 1556 6129 11844 2848 11120
12121 2026 7026 7804 12399 13559 3379 506 11318 14072 12021 7002 8385 8736 11206 12365 10630 9982 13122 9326 5258 12645 8107 12381
10524 5772 12268 5038 2172 3365 2987 3347 4088 3331 7292 292 4525 13373 1596 2284 8645 13070 3087 948 13651 3611 12292 14002
1685 4899 669 2285 14050 5207 1133 11147 7014 9724 1904 1429 4593 9978 5144 12358 4261 2582 11347 5438 10374 3223 13889 11328
581 13876 398 4532 9092 11882 6034 6480 11062 9212 7981 1385 5593 6409 7283 13722 10769 10429 8185 9909 11295 11799 2694 12853
1024 12907 2697 14243 9927 990 2184 9951 10729 11032 11310 12251 1747 3431 1006 13555 646 8183 746 1270 14131 6304 4951 11661
11628 4539 1423 10926 3167 2728 1786 5280 5005 115 5653 9541 1927 10296 11126 7848 1452 7685 6771 6738 7857 3949 7392 3478
4169 2310 7131 12491 9017 12624 14277 9592 9647 8493 1977 3829 4899 10766 9623 9689 2983 5342 6921 8995 4323 4135 4729 4468
6203 13287 9794 7835 778 3020 7100 2385 13198 4905 9257 7459 8087 5556 2934 4407 12989 8129 10711 2719 12628 13904 4977 12123
6547 11087 8123 5702 6316 3691 12437 6008 5370 13467 6253 1778 11483 12456 859 2242 2794 10833 2538 3394 698 4332 3013 12256
1139 5225 6791 4760 1454 1336 13385 2934 3973 10510 4414 7171 1227 12554 8266 6728 8041 8183 9917 898 12254 1296 10694 9469
12826 9706 4540 12431 10574 1593 8369 6636 7202 13690 13990 6267 6198 11086 721 13880 12625 2092 1540 5320 994 2599 11077 10789
1914 13091 844 10106 4707 7064 9831 4672 4291 2861 6884 9968 5648 3410 1438 5750 1511 6088 4697 7612 713 2979 12255 5244
1452 4817 7522 1690 14203 7504 6438 1892 11067 12481 5910 11330 1685 4722 3050 9729 11324 2963 12295 13563 7484 1614 13565 7409
429 4780 8155 8111 13686 5354 7045 10781 12000 14038 5332 2312 7783 5565 11588 7700 12271 9422 9768 3732 997 3748 1872 1695
12803 6924 12680 9513 4353 8583 7745 9560 1719 3817 13446 5558 5807 13524 12901 4725 4438 3841 416 717 13098 6920 13976 8032
1887 3006 10354 1825 10137 796 8122 13002 8961 5856 11194 5923 9736 9740 3450 2695 6839 1449 7953 13434 9172 12641 10646 7341
2296 10742 3865 5084 7400 2030 9122 1918 9372 2168 9009 10078 5026 11701 10315 2394 5847 4877 17 12451 6193 7189 13109 8332