30 36 70000
49692 52064 28163 22864 43979 61235 64055 17284 58122 48384 44880 69091 31211 24174 41958 26466 67104 48138 65014 2181 39503 1432 41062 57919 60340 42866 57889 8468 36811 33099 29882 27846 34583 28472 8237 13000
13893 16696 47680 42851 14045 44716 66748 14261 46999 48591 16178 14428 23517 36134 23899 18372 46162 41656 37301 5203 27004 10000 31006 9842 53839 65130 69619 39689 37373 23789 44347 17937 64223 36790 16305 18241
8158 691 7271 16983 33310 10241 28939 16621 67512 19407 25550 42140 37292 28196 9045 34992 40676 23669 33722 37351 6445 19433 69436 11708 49101 20961 59385 7289 43622 17001 38846 53862 48012 14233 15003 20823
19823 20205 14547 42468 40653 50145 10351 41022 6306 14678 23310 33607 32440 37962 63054 35995 14243 6148 13002 1509 12611 33679 39157 10199 33096 65925 12484 44897 43986 10734 60529 61436 27312 20095 10567 43305
50458 23063 45592 3025 27174 55801 32319 8421 22695 26739 46175 53149 32701 18802 24980 51653 25498 48491 54964 27043 62641 57393 53518 46103 5550 44936 25107 22847 39808 56482 18644 14005 32591 23230 35806 3932
32355 27208 62850 8079 19451 2767 25459 10449 54754 25349 63768 59784 19326 66896 8071 9326 51595 10698 52113 49243 43542 12532 3063 8463 10592 48201 28992 28727 63309 19348 48878 6185 8036 50669 2707 8364
19255 63675 7978 6092 63216 48108 51502 7943 7986 2614 52020 9233 54661 10356 10499 8271 48785 19358 28899 62757 2970 25366 66803 28634 12439 49150 25256 2674 10605 59691 27115 43449 8370 19233 50576 32262
531 65020 18840 21962 67372 35103 63978 41236 59319 26369 24141 64655 18484 35228 41126 23856 66446 28309 42985 9086 9545 35125 18544 23848 44769 67890 23813 25103 5561 24240 26226 44504 48132 8627 12673 26475
3338 55060 41507 55309 53074 53937 38379 47318 63937 23854 34395 3603 22812 1819 64062 52690 52647 55203 70 52975 23489 29365 52682 63959 57143 47378 50796 25280 26724 47674 37461 37920 6966 69960 18153 26206
37068 41529 10592 21847 48448 32060 7198 22765 39695 8240 2539 31704 56205 37460 22306 37076 9666 35182 25893 31764 57989 11110 48323 48345 38323 7875 13751 18781 39446 57724 39589 61352 37033 37361 54456 54346
59184 52117 17308 34223 10911 19768 52714 28667 23024 51954 65474 45644 4316 63048 31622 55429 13724 35284 55270 41201 17248 38611 65600 25518 13019 62106 40341 10262 65521 46603 60396 40591 11553 8629 5465 29561
67159 32958 37414 35632 42861 45786 17994 56533 61919 49969 27130 52606 23927 48355 15242 3485 52234 22832 28716 33228 13701 33784 47881 22791 743 28945 33878 44375 18443 24683 11371 14719 63197 53108 44021 22195
29371 30024 55010 45799 31848 17672 13668 62906 313 34935 15912 25549 20256 58335 64999 21363 69370 59529 12743 69776 35111 44874 50449 69605 36945 60504 60441 30119 40214 57854 48868 52814 21209 59283 43034 63615
64595 36084 54962 53746 12945 7515 67295 17473 28972 33156 60906 25745 49303 29754 59609 8867 21048 2310 65666 12769 20962 33417 35686 11493 41088 45145 6997 60427 18612 1112 14252 13950 34260 1564 10998 47906
58542 67192 26045 37628 10199 6571 56307 5052 6836 67295 55923 60376 54029 40694 3303 41153 28513 27087 67170 50907 44740 50551 55915 32598 3193 50611 41612 58436 29439 58293 26722 56208 55880 21386 29957 57170
22659 37966 66708 9560 69801 67507 36730 62696 10950 31193 15037 39466 8896 11146 60043 49960 1166 52747 15289 7610 59227 55904 17128 27422 16736 53977 37010 20915 56231 8583 59351 5669 24356 10177 6521 39568
12417 53889 22691 66587 49375 57775 38464 53301 9890 51111 55626 36237 38108 28474 62918 57247 46169 18944 34033 44610 25652 55269 34398 2552 13273 47194 24371 18665 3545 36941 10294 43228 38090 58170 57971 16634
19916 18592 15813 57392 5361 14923 21499 8964 22114 27878 55971 56295 50888 54036 58082 20742 47044 44519 28884 18306 2514 9494 61155 15786 11732 66107 10275 43531 29119 61554 68558 9237 47746 58623 61835 42304
39269 58603 46758 31930 60099 30013 29797 39651 33993 9975 60468 69591 32057 29645 15371 30180 20955 25594 52542 57408 51886 63432 34124 10882 64343 42756 39541 62751 32448 53053 53125 61914 33689 55441 25752 12500
28556 8704 29725 51665 66385 32727 48074 63380 65418 7117 55641 3562 7098 43213 21535 52729 41096 27705 19805 67027 8459 50260 64132 21481 53600 59413 56009 21222 52566 13316 45940 36488 22992 47793 55131 27752
22231 20074 13482 68743 49372 17485 54880 44030 51225 38410 14436 69479 60034 9100 63187 3512 40044 63119 18799 23163 50472 31599 25024 1032 41328 22300 43605 6831 56413 44095 64114 23533 35385 8861 56916 44531
51843 43603 10348 47061 62309 36890 52338 2345 50791 40006 61500 50069 35243 49983 62471 22387 69835 46273 39251 4350 26671 28561 30803 60857 4007 5220 69411 40838 64628 11877 51091 52324 257 23521 6390 65459
24525 53200 69383 31136 11634 57034 26708 28980 30129 52188 37978 42475 41014 55210 19131 61649 64163 36207 52224 51574 20218 57540 5377 1057 31289 9861 38749 56022 21917 46281 25039 43882 9601 11255 20191 13440
10644 24516 50189 15515 12950 37482 3597 13984 16393 13113 19797 27411 26769 23764 58940 51919 1480 33946 51606 8458 25802 43700 53376 6324 58089 58136 60109 12049 51865 38843 66872 16025 39088 8177 63111 37501
56321 16439 64409 8826 8134 15499 35629 65185 16287 20247 41801 53085 1702 46184 61351 5863 36732 47143 25996 15592 12491 59348 59288 30264 31960 49348 29543 62966 69960 30068 39171 51249 14776 66714 55887 60518
2529 50156 10206 68023 53371 40795 4958 63740 42672 66056 62501 69218 3366 4047 40260 20590 36367 42545 31570 23115 49884 44304 44739 43063 57373 40628 714 44608 63668 21497 50266 36209 1083 25986 40412 63157
13213 23631 9826 16931 8398 16991 66341 57061 40077 13259 20460 45750 15642 16433 18486 16974 54742 47188 35110 29072 46253 25855 56557 10512 6930 46212 29084 53601 22953 30867 12096 19410 2134 36940 43343 43377
41323 57521 29825 68717 29679 29492 6568 41608 64502 676 33564 27237 19579 39542 8536 36158 11076 42882 56878 14042 66073 64636 26846 53431 12908 22746 20711 2137 61641 47244 4695 37691 17133 68535 24079 16968
47323 17224 54175 60340 30555 32411 66792 58713 57247 23458 1806 18676 31382 17488 64674 47218 8444 43091 69760 38767 11636 28510 61356 8201 68394 19131 6895 18266 62138 3032 61033 63998 40568 22407 54257 32314
28375 33676 33775 5981 4555 28019 44660 50771 33348 34638 57667 22208 44763 35904 3513 19080 4190 33391 35761 6907 44638 54039 31497 50661 36010 15096 37844 7425 18162 10066 52520 18621 68854 33383 54304 28079