50 57 340000
280860 226351 273318 312458 103178 73288 315504 44470 217487 329409 57572 324425 249025 187275 208458 59380 30476 311897 57587 231656 334305 32467 326466 99873 201505 29288 36548 268673 328796 113940 252711 19052 23820 204699 59962 133564 323903 338273 68898 265996 103294 137446 180925 23121 168253 86241 335010 171435 240577 106089 112579 210984 145350 95188 191917 210901 175712
281211 58267 309504 156457 105566 276344 26021 59337 149180 169817 142620 170873 267202 23215 86962 63677 162770 63411 34322 322403 101712 278795 177405 130473 173320 290894 277926 3012 172584 226948 3571 183160 249952 318087 255737 308804 166042 283295 122006 29831 134131 75643 137410 208413 168490 285381 206334 257415 157215 250951 95125 212789 259436 167746 67518 28104 77131
115352 217574 292039 327466 325637 119902 66302 140307 281153 123473 336502 159187 240767 97437 43095 8939 121302 184701 156785 59226 230359 242805 251422 120557 220856 197514 271287 98679 214454 254021 54090 113670 56209 201229 75369 117486 122651 293693 33266 90216 248639 88673 222181 165841 282893 50085 682 183589 47785 251253 21139 264607 45512 312871 58027 112572 219400
206061 265478 41505 181721 22216 62885 113517 65876 317766 9909 251918 182641 165127 270836 208670 291422 190325 209292 175185 307659 155255 272795 84092 167005 44571 21742 287976 301261 321712 26482 219570 259949 79425 169428 286035 233744 54495 82786 79686 83839 43869 230978 23910 98861 14812 20484 140139 294298 167094 233951 19011 23452 24557 130230 333118 223786 257172
294334 49817 28483 107361 302583 172035 84990 301278 30849 56560 17392 80167 323940 40116 315194 317144 243172 333855 119887 164625 250675 109363 238490 141367 164871 39944 133063 35504 211073 339378 275357 25046 19855 65053 268018 258980 130477 44774 318191 67794 246592 185265 137735 130887 45476 270395 139801 187326 82914 152404 236204 213585 162727 314279 110642 339917 122320
212985 93529 213959 139787 323202 144196 217803 183740 31633 263873 338178 255659 176490 168117 268854 287802 102367 172035 25812 261538 204129 202982 207471 252064 123513 130069 285421 261613 176488 80641 331089 301418 56523 61519 294771 217453 334783 49289 264207 93218 183487 265302 36752 225046 324797 162591 163779 52775 119032 178236 131296 239163 39065 337027 86345 310721 334900
133841 228064 89496 26011 148625 153594 18228 182966 209559 155193 128364 96073 225477 76795 160621 265257 164450 254586 58868 14042 246801 191553 118653 250173 113020 305717 63412 221926 213873 321769 284354 241987 283977 283409 298867 33256 233183 260586 11938 58130 111419 148130 38704 52530 204145 246770 332725 88423 269677 13094 114474 32971 249121 134586 300039 288826 161678
32390 157175 44304 260223 30046 153356 197572 87295 221313 13629 59923 137608 283152 220055 242572 294181 1526 198230 335033 278365 16922 267190 309390 117787 244635 131112 87671 253398 52836 94463 335775 15252 319443 154984 309365 174782 186004 32945 237366 12726 301786 242270 282284 167066 114405 27091 97944 211680 63888 36098 98250 324276 25147 205137 188665 106873 301817
272305 120112 280485 22472 98418 339251 149871 125784 295625 159795 149169 25249 66561 245439 59598 30778 189139 270427 314592 36136 87012 83066 272394 324870 311361 235530 171176 127042 17218 184986 218817 129210 204161 131782 339044 129857 53276 274728 127516 313970 72959 188086 184725 128752 115209 51335 336278 124311 168185 329086 146805 38095 189392 287021 287941 260555 56722
336606 47197 313229 177665 887 150053 140974 329969 265887 224869 297318 145454 196233 227367 107088 232816 75306 45442 267623 235964 312768 5615 22093 161515 34220 159136 154309 144153 233895 86147 171936 304379 194868 327998 61022 72480 159650 213451 197971 107368 190450 230485 275213 47237 57040 229848 335831 291761 330064 40632 325962 292781 269363 27632 211140 80560 303130
94752 226116 12000 310335 298585 167240 97628 76125 312758 273560 333655 110989 256847 308457 318515 37281 310424 206215 158142 169812 184835 104591 197825 125042 227422 68808 34308 187901 55248 163814 153239 74166 12622 121096 222755 27116 37074 223016 209206 91306 165072 325051 165546 325971 63279 22900 166782 162341 167887 9391 242191 89365 227169 283469 60502 136448 187199
179635 118627 291784 73493 110169 307689 322534 62093 32862 262364 13406 24918 79367 334664 46463 115166 39674 276682 22186 256446 196781 52892 110153 150492 226973 263030 327127 177643 164284 21115 80791 91737 216643 220344 306018 318786 232093 63432 250121 237626 125167 320519 219222 206087 114002 77671 292222 141663 68144 275509 222748 305946 329276 160109 310178 95775 205625
6204 14329 151475 194423 109559 40398 216612 95143 116091 95901 224067 198122 229580 196101 107176 301901 248190 189637 76096 215030 219897 165634 72817 281698 81306 336953 104728 147099 261089 101456 2097 308517 25648 313008 217481 145020 282257 112006 221981 188638 205888 33811 338023 44252 106432 256773 15817 121846 247490 2363 108503 304707 111270 306790 69159 60692 87866
285323 105994 87174 13832 303550 155494 299717 281285 257692 270339 155566 304714 170067 141332 210663 46329 252980 202954 236011 27191 40 76521 72296 157237 55635 178824 29183 125057 229222 299701 99669 168334 111912 126230 308175 159726 141770 81641 69892 176675 331211 184212 172082 9657 268915 314715 267219 222410 68770 112578 214466 242440 263041 66191 55173 211734 251641
317561 249771 138877 44354 181862 192776 260993 312355 105035 102080 18141 17273 127825 70022 100136 173239 44379 280126 319624 87715 228345 242055 162284 272561 107934 70764 54432 2179 273219 263654 134912 13354 88618 111087 29170 206101 90241 232164 172933 295044 189394 335212 317259 286669 59265 162660 212597 229973 76515 119293 36806 91911 107379 328387 36775 296302 169452
201534 64258 9809 247921 103518 95060 207639 98893 303677 7077 241337 216984 247255 164526 62562 17753 319555 110058 314167 276675 65682 204113 95044 190978 222517 205235 162534 46984 277113 338297 261573 190516 145000 290909 260400 290837 292580 31354 6006 48323 181672 307425 126554 211864 80666 149175 100057 135383 76628 37783 235012 53035 312018 295069 24565 58384 305410
280911 313259 95927 206099 70276 37692 317903 20826 289859 223123 326741 141994 336964 59007 120559 23373 173221 265921 170385 116194 93483 42455 216213 155554 335928 194973 145798 160937 85827 87954 302545 250480 275751 145908 57964 256245 197732 44713 1448 261696 245066 36878 602 103368 193035 329286 162728 235653 119905 174043 161955 90905 217894 307949 165933 234236 246193
229983 204875 24501 62817 50490 212275 50620 103380 44836 281400 34368 211557 290587 161276 256506 148796 28001 268422 99089 330100 112782 87486 281639 118260 181319 214659 310513 94994 228639 276457 196470 29897 125500 318503 43105 283364 120885 269235 131638 197216 301431 104972 308856 336657 56027 265994 291748 184483 23739 117580 206532 59101 157725 277986 239309 213503 65595
225295 111318 308204 240315 44600 30854 267992 258784 27286 316657 42872 44450 211976 164327 289763 54057 48552 11569 162783 132945 304168 248308 37788 200722 285914 278231 121624 22325 196821 242780 12799 217973 59550 251801 31076 288880 118831 314194 53692 34001 75551 56653 323586 325805 30327 212832 129762 15518 244048 98630 308430 25864 154844 22725 218533 230468 139349
292646 145013 322086 109694 8167 86429 232555 278026 59867 239290 165892 14106 218370 8705 309876 231883 106795 68993 78173 7052 240614 246085 240627 10050 91581 338576 335757 109248 51207 215723 229578 89810 188412 154461 66956 12107 213172 115458 177338 61464 203996 207919 37807 64453 283959 275698 197666 210564 210905 280489 80444 122185 65702 339130 292559 252284 241248
170016 92092 146821 70514 155277 237750 102365 288636 235503 35836 51555 304689 132542 136829 337806 119182 224336 269238 141088 80515 56947 42046 277265 315867 44566 279617 197332 311966 162001 197740 141649 8569 210216 30210 46027 327734 275202 153218 77747 151228 226595 284687 105751 311909 57474 47193 122041 185128 124602 239632 137060 104108 276499 245986 137875 39638 274789
323553 274384 306322 126215 11711 77108 13407 281904 43902 263198 203603 155503 168270 93200 299723 183115 98789 176965 88984 266147 204218 102570 25960 338484 190085 45809 300887 245955 171859 13033 324276 236665 239044 107418 82489 219310 2423 297965 59534 73705 195917 207958 161537 304061 71751 68470 271088 125194 62658 23260 155236 199765 315097 91795 217094 259243 228091
327456 254099 104843 306752 10334 324809 178079 322258 274978 189530 198896 15171 78962 117253 195515 187259 91172 47112 286424 160293 224544 49575 44784 146893 218780 173539 168953 117791 108216 218334 8376 21370 969 61732 317005 231271 1641 338664 263547 121193 200667 9700 319991 123192 116138 215881 319650 107662 119136 53045 174788 170550 313082 176042 297498 9713 61645
296555 79865 124739 147822 112513 101291 169081 186732 204874 220690 319345 250785 40914 146564 299454 235874 93575 228326 310813 115174 330397 261542 302607 279235 283431 193699 20972 298899 293600 44296 33382 291656 171144 83684 208793 64117 281761 209661 14180 13804 179907 262284 57621 24453 24759 326432 280138 245952 228295 163875 131646 235899 124081 138189 268035 168779 81493
273964 219238 13359 213384 317405 339649 170569 181326 165736 128577 51430 155658 187819 148110 34958 246216 250181 280756 90928 304080 182068 140474 203215 230597 284237 155683 67606 88865 222391 300698 3468 124658 216339 323901 293166 106516 201545 199019 218683 211440 21075 44523 239129 83659 43865 1277 66348 273588 113483 284543 129445 99691 199922 57973 148079 32297 88563
51594 218835 7395 209763 94461 3061 250724 265765 84465 169765 81942 231473 241784 129233 53713 215476 48098 218729 98004 317202 136886 248846 272386 43337 94879 39235 154323 62612 164900 39715 43387 297931 214676 247931 42145 258690 331354 317959 223816 306268 178771 251495 218784 41224 265902 139654 139315 310670 313442 23960 328838 79900 180370 60596 505 168825 29687
53839 154038 113554 146608 275839 36221 141802 187052 104511 288062 223595 268346 313087 29570 231534 138562 141907 306637 322641 132431 326331 278388 144825 271319 294883 46348 129002 46955 93330 283978 234681 78011 335532 65993 212660 283871 44769 173230 14163 285683 220041 20432 156863 169636 43743 327431 85609 233214 44667 140092 227341 319687 89587 254039 156382 30418 162183
247221 153032 143725 329079 213571 110426 302986 227628 220057 226515 79926 261275 102886 51944 286409 180545 5813 273668 1121 313478 64835 290586 96434 46801 68131 157760 308219 114862 38816 202155 148646 237734 329012 209496 263417 206122 230721 3598 48411 22170 161568 217827 118024 325036 308190 220098 114240 15462 243268 324907 215991 188741 323114 16649 65364 34499 301862
98629 64270 44030 15139 327213 146028 121285 66849 113945 60536 111290 261528 303000 231987 117317 238506 61000 54368 234644 187946 225619 193625 312928 201625 198511 247347 66294 49360 128562 280320 103544 147694 94249 196965 113726 328030 333359 280547 246563 80938 13119 293003 228240 215232 33505 12369 311376 191540 47435 267406 204929 233417 2813 23903 8968 119999 35160
264570 143739 237120 250546 48808 18281 260408 14687 323213 91454 285580 258754 155458 149083 177149 176982 175452 203611 41690 291883 136026 12044 325608 315922 30334 280038 220719 283439 103141 286711 134625 257344 115848 139481 313102 260973 310777 325453 331167 285573 339349 177988 257637 306305 100017 116913 190060 177294 53936 315100 330335 89502 92983 141419 199576 23765 131050
172471 89863 191487 48551 303787 295607 153159 212694 268741 61397 150344 194478 74637 12388 22346 54080 8172 121720 227463 138511 149086 334663 22553 96261 80024 318927 19580 110314 152054 59438 211388 293729 106368 310323 143414 208288 295696 311243 258832 173173 150818 212441 155084 40520 170107 208027 76578 82900 242119 147613 45774 283857 298030 337894 183097 337272 152512
168932 50200 337447 202988 327469 262372 41271 193906 260476 275580 122458 13360 331564 170461 291576 104750 76958 173875 121114 99007 266843 105978 277311 17975 73794 335855 256976 210978 24113 282965 5257 97350 104032 131784 89691 148981 295292 319961 222575 175839 184223 10055 298070 10735 160897 201331 88945 283095 161710 174114 53751 256214 288502 183062 229132 158469 107134
37346 281431 264021 329678 50050 178311 19163 290102 66929 73905 246189 257686 82370 101021 289378 174977 23940 274515 100495 24949 124133 161273 21253 66344 326472 296278 253753 303596 163207 134543 299972 183620 200430 152316 41872 109976 60194 51341 260662 6620 13650 39396 54113 130238 104870 244320 161688 271885 274861 182412 212870 338824 30571 82355 326351 39166 226463
313882 213287 168153 60678 291441 311303 219827 64838 254769 62349 175451 89324 209826 31342 60606 258944 119578 75179 190435 321633 108066 46882 73446 116846 186397 332286 127522 83936 204829 141123 147552 156753 245152 272303 300747 300285 208662 174027 326753 46444 30169 236323 172331 11106 81787 204813 158092 17024 115775 77194 17690 134334 315004 162804 317408 274295 4781
327936 139750 192739 59979 70934 79557 90471 87089 274501 60355 2730 239874 5074 232907 308459 274470 127668 217319 158688 325410 129859 5629 226082 170914 210050 103796 67147 282049 32607 337831 329606 110292 170256 282074 177821 292127 161349 255836 296960 339775 266865 314210 8782 16988 193997 251049 184364 254968 70628 214954 326313 25520 307717 147466 215256 36572 126040
60581 277522 193609 265356 68779 232876 258215 160520 321216 331095 118016 123003 197777 47638 84883 212917 237071 223827 181671 153327 311120 246032 337507 129735 197245 323854 162176 262171 268069 151079 336801 192648 141017 136938 39931 228469 118884 323481 310309 132698 230981 81730 277747 235420 281225 337133 48995 29308 97974 100598 101605 210863 66987 144615 192904 306660 196070
164725 200165 236121 64508 269757 279831 212363 298820 46766 256781 154797 215857 102406 19013 304490 28666 121692 117229 224567 22903 69658 193535 203273 264400 117944 57317 120361 1412 158512 105495 236093 97015 98187 156836 95584 21342 8587 303699 42160 46076 209679 100704 1056 84774 80721 36738 196988 272713 236691 222256 223071 25861 288332 293142 314583 58151 240404
152708 334003 125594 81138 269052 55400 158192 117640 250275 311721 51771 120035 105204 74465 54835 338038 110349 124762 164761 31547 146471 52064 188363 278166 324487 312415 80007 309879 80000 109527 53181 227410 251340 265477 237568 15146 119880 225881 270453 77866 107529 311409 223929 44973 273908 100732 289885 176117 311576 234444 133776 275846 283510 86310 183235 149114 58997
206973 160007 195921 112475 144611 241335 14765 86237 156714 249958 230380 298069 56483 331750 138118 104871 260872 230756 8222 329089 104902 296441 81450 237548 47720 155811 127361 187389 23140 300260 70275 45355 280693 112450 40451 85369 179183 203008 97266 173131 158337 317867 168232 24398 122528 274197 1315 176030 310151 63308 257490 241029 138860 657 175475 170176 45657
181516 117985 86542 305397 190576 238393 297803 318530 223588 25779 165569 279971 272806 190504 228157 216389 157483 148486 115446 153288 82256 124793 57060 110884 138956 222999 320215 31734 337249 28894 29150 159371 122743 171239 139874 333893 206618 232100 135409 71043 109404 39616 66017 140372 296883 8735 115165 221827 244616 109148 42895 174852 195493 8192 81883 257195 267553
327004 286607 130958 72584 165530 56622 304214 327662 124465 217103 282788 223895 108875 236305 162377 34067 267040 189355 98822 243837 146354 182268 227376 32004 318097 67797 296498 49655 31702 42830 26798 143061 83613 156523 173736 91249 91218 334569 161822 1112 193320 216727 284416 144684 227682 10745 154579 142158 98797 113708 315436 9487 159478 247219 71716 125207 260544
279700 50928 190581 266937 3899 203927 17745 94831 304574 119368 251132 1619 113670 104699 217954 253905 195046 186632 285013 91841 121740 22966 307203 114386 59892 206362 19698 132374 280898 328288 121473 259651 163776 256263 333835 186765 49647 136664 173068 305853 285743 333531 260895 63515 231916 225129 46898 212588 179129 274409 109538 201353 165960 27888 138009 269622 317049
187155 112849 213229 249246 103058 270729 209938 266341 5645 134270 109784 275668 310792 184792 237598 317828 60310 128410 63726 313711 260613 211568 12231 29799 251301 29770 97063 281764 185876 175046 129302 99450 106506 135972 12339 132182 327271 274947 202601 239761 12799 104569 207303 151415 223146 216370 71984 320372 71428 54365 261551 85754 234183 323125 312690 321533 241319
259488 99459 211004 132726 17094 251168 46820 159501 99477 292488 309579 256041 298483 280070 211121 315909 245753 336377 309108 24243 288320 226911 132065 321675 300018 170935 74669 50681 59852 275966 243687 127691 204002 193276 307597 167138 314256 42161 149663 175671 30444 333214 336572 106708 169323 7933 90035 303401 287351 141714 35112 188908 17123 305494 273709 17505 76437
35790 269826 336839 23808 128181 90377 267810 61917 230278 199800 92608 211959 148247 45752 334524 217847 205351 109510 141050 172547 183393 87234 207397 150373 229296 236480 184711 70481 38800 295218 62200 253223 300450 223895 248393 27059 278470 136699 127758 208483 69064 199748 93790 70635 117465 163342 151084 28767 311577 182178 295222 8084 284474 211653 305792 42802 112936
54688 306452 339948 335788 207413 24434 107441 8556 97914 16897 12304 50885 139923 82662 121507 235857 171433 321554 261863 109137 10289 51956 62632 19046 125545 248992 235395 250114 335716 154937 292134 91863 267396 110561 252518 256743 103263 279891 286216 139939 226551 76233 93202 194054 305279 189879 69444 180262 144936 321992 209405 43176 148397 337459 246413 143772 292800
21227 38939 69977 201202 224701 113596 168148 57424 136358 228835 131955 131250 65295 152257 287613 48767 114547 188720 68016 191496 322975 117894 230591 35230 306898 59195 311149 298066 319509 105380 89377 97541 253144 20341 296660 197686 121293 72696 7626 211685 127741 148767 255462 120231 120403 145609 213473 144579 173669 119385 129856 190360 66945 165506 252760 283284 177113
56233 67217 209313 249727 243895 270904 145605 290475 179004 142794 14697 273120 97712 335714 116468 253575 261768 113344 292854 257413 127515 299765 258028 13533 130918 236925 225669 161228 313053 11775 65521 77070 147010 38086 152599 20132 52294 79770 66843 209046 222080 180025 122280 328194 324898 156380 28907 281901 37363 230775 215347 99619 317008 319957 17871 136299 125561
229803 210768 20304 321405 20934 223857 318388 50167 63132 39602 26502 112871 116229 243169 171331 268098 12483 177442 28928 321808 148042 258920 306886 313549 70365 258096 249585 283659 125134 275076 61277 318347 61514 4420 23107 161202 177938 289037 266163 64059 304932 233486 215363 76542 106301 46209 101339 311693 140053 79401 60679 291837 337034 214027 110656 203653 95007
329545 85017 121823 82556 226454 42274 157016 199256 226080 112774 268878 134979 51123 225748 147162 200067 81851 195607 210163 220042 166694 99810 124367 170172 295934 117416 33562 49467 21645 289528 258255 81595 6963 126018 154303 330552 277942 70618 25885 119928 326921 86724 101864 310677 40026 276585 86192 297726 212801 11950 166469 313830 151118 212428 18682 29964 7831