500 500 5 435 3
141 265 307 461 471 
119 161 385 415 465 
18 399 1 29
315 333 23 8
298 393 3 18
84 234 3 1
7 47 25 4
145 191 1 17
1 77 17 3
71 81 3 9
262 380 1 20
83 124 10 14
75 109 4 24
183 259 16 0
42 68 1 19
343 415 10 16
184 212 22 20
280 443 26 8
48 374 27 9
8 36 21 20
126 222 7 15
180 308 26 14
99 398 31 22
108 141 23 0
153 217 24 4
295 486 32 27
9 23 17 6
196 340 20 24
378 424 27 12
1 277 13 8
165 449 12 20
56 314 20 6
64 316 17 0
78 434 14 13
351 453 17 24
292 391 29 10
178 287 26 18
268 346 17 24
22 173 29 16
150 240 18 17
188 406 22 28
236 248 29 21
135 219 22 29
22 206 5 26
107 145 1 29
221 291 23 27
43 52 17 4
36 116 23 8
63 134 9 30
153 445 25 26
67 426 31 12
45 452 1 20
90 140 15 18
251 496 17 0
11 123 27 22
283 359 29 6
163 183 20 26
39 82 21 22
231 279 9 9
9 45 31 24
194 440 5 16
24 119 32 17
1 35 17 20
251 455 17 22
46 112 5 22
183 199 2 23
1 92 22 24
11 18 7 21
318 405 1 17
35 371 13 3
9 458 17 8
92 126 1 15
121 127 9 28
193 264 1 16
91 169 16 16
99 467 1 5
65 290 17 3
43 94 17 16
163 457 25 11
164 320 9 8
307 429 3 24
1 2 29 16
85 106 1 24
40 460 13 24
100 132 30 20
59 78 1 16
79 284 19 1
181 205 17 4
398 414 29 4
31 275 31 8
65 197 1 30
5 137 9 0
58 286 7 4
417 435 2 23
29 33 24 16
138 289 5 19
21 179 8 17
56 221 21 26
427 480 13 20
25 153 17 28
56 93 23 14
151 235 5 26
3 120 9 20
136 347 30 10
178 213 32 26
57 107 5 6
145 365 29 25
29 89 12 24
19 261 14 12
113 294 12 31
15 379 7 2
291 327 29 21
300 394 13 16
253 413 23 16
240 468 24 20
28 100 8 4
47 64 10 19
196 236 12 26
45 358 26 24
31 410 31 23
204 319 5 16
3 11 1 31
378 407 25 6
71 87 9 31
204 254 28 18
25 79 11 20
4 255 17 9
157 464 14 26
63 113 17 25
68 303 1 20
104 114 19 28
159 260 17 16
58 404 20 26
2 8 30 0
225 231 5 9
1 149 21 22
175 436 5 17
1 59 6 20
48 192 13 0
301 334 23 0
73 157 32 8
232 400 1 18
113 299 23 11
11 16 28 27
1 336 17 23
41 83 29 17
269 497 30 26
81 97 21 13
33 75 12 8
127 189 2 22
169 170 7 6
391 392 12 2
125 373 26 14
271 427 5 0
70 80 27 10
56 416 6 24
61 200 23 30
45 252 9 16
82 98 20 31
341 397 3 31
126 251 28 2
181 487 1 22
48 182 25 22
385 418 32 24
6 158 5 30
49 76 21 13
90 317 15 20
3 17 26 0
224 227 3 27
187 360 15 24
154 339 19 5
85 262 3 2
10 322 29 21
10 42 17 10
15 288 19 6
38 328 1 28
12 144 25 9
301 421 29 12
61 125 18 20
178 352 29 11
17 285 23 20
391 403 1 17
89 462 27 26
13 180 3 0
346 370 29 8
41 146 1 6
170 194 18 30
257 386 29 11
2 7 28 8
273 345 17 14
19 63 17 4
218 423 13 12
382 472 9 0
85 105 9 28
10 274 12 9
36 366 9 20
39 172 10 12
91 193 2 16
21 471 16 8
193 195 29 21
405 446 9 3
3 67 1 11
7 28 18 0
89 293 21 20
34 40 29 31
3 10 14 24
58 156 19 30
52 85 11 26
200 272 12 10
293 315 17 22
38 363 24 2
122 428 23 15
223 451 9 13
101 135 21 27
19 30 32 11
11 122 9 25
253 389 25 14
76 103 5 30
385 177 21 4
3 4 24 0
139 237 5 10
309 390 29 18
142 211 16 8
181 431 17 8
35 147 7 23
364 381 32 26
37 115 9 20
157 208 23 29
23 177 21 26
105 273 17 2
254 297 8 19
235 439 29 10
113 129 10 13
185 269 3 2
197 267 1 0
95 139 29 26
57 476 1 0
145 313 3 18
169 409 29 14
5 15 31 22
4 6 3 30
145 187 17 23
415 454 27 12
35 44 1 30
74 489 20 8
40 51 24 6
169 204 29 7
19 348 1 26
13 133 17 22
406 495 1 0
11 14 31 8
316 350 29 23
341 376 4 18
25 61 7 8
142 300 17 9
91 419 21 25
246 478 17 24
10 111 3 7
9 46 9 22
100 442 3 6
131 483 31 28
64 292 6 9
89 441 11 26
6 364 1 19
349 396 17 16
31 95 17 6
19 62 15 7
43 53 31 6
65 329 23 0
37 55 28 2
176 309 5 28
4 9 1 14
65 341 17 20
64 73 1 27
8 29 23 15
211 276 24 20
20 151 17 27
43 117 18 24
92 143 25 5
188 243 29 4
78 216 1 5
30 88 9 0
49 165 13 9
167 375 13 6
114 190 25 10
144 154 5 16
120 162 28 19
52 283 29 0
346 494 15 15
4 499 21 20
37 196 25 26
196 385 13 0
48 492 25 19
363 438 9 20
31 43 25 28
49 214 17 0
163 256 7 10
149 152 9 20
4 164 5 30
28 70 1 24
195 342 13 21
96 224 21 6
64 161 13 12
6 12 31 28
59 72 19 23
57 239 21 16
33 69 7 13
3 49 22 24
391 475 22 16
55 280 23 30
89 425 21 20
235 354 29 16
2 24 2 18
317 357 6 0
137 321 29 31
52 90 17 19
7 13 3 16
28 66 11 24
171 450 17 31
169 225 27 29
238 422 22 30
79 430 1 18
50 160 5 26
13 91 18 0
302 332 7 17
91 148 10 18
50 168 25 16
87 201 17 18
187 463 17 14
1 3 1 4
49 265 17 19
330 456 13 30
329 461 31 3
17 233 5 16
135 232 5 30
15 490 5 0
5 32 25 8
9 210 29 16
57 368 18 21
199 311 1 1
10 34 25 8
192 220 5 0
161 437 1 2
205 388 15 18
50 96 9 12
119 258 28 7
199 324 20 4
161 263 18 16
6 166 17 14
275 465 18 28
44 362 8 1
274 331 16 0
63 266 14 28
179 351 7 10
329 417 13 15
56 278 30 18
17 257 14 16
54 58 17 31
263 447 1 22
13 163 9 22
1 335 1 7
5 356 6 28
213 325 2 23
131 223 5 16
354 384 23 28
205 249 1 22
81 271 11 4
252 344 5 3
125 230 1 13
157 209 31 29
317 353 1 28
4 25 11 20
76 245 19 7
198 402 23 28
5 26 10 13
5 41 15 14
15 39 11 19
257 444 7 4
10 54 32 0
88 178 17 15
73 372 17 2
385 485 29 6
169 408 17 0
217 270 21 8
217 448 26 12
1 5 12 10
200 343 17 5
39 130 27 6
116 131 1 24
11 21 14 14
67 302 11 16
95 150 25 1
66 159 25 0
174 268 3 30
165 470 15 31
183 281 26 19
139 171 10 0
392 459 1 25
151 228 11 8
62 102 25 4
168 330 5 16
345 349 13 24
337 382 21 16
71 383 9 16
106 226 13 8
99 207 13 1
369 377 21 12
6 86 21 20
105 202 28 15
110 181 27 12
220 326 1 28
89 242 12 14
117 401 22 6
25 244 21 14
224 307 4 0
27 38 13 4
13 482 26 20
117 247 25 26
277 296 4 24
27 50 10 3
170 184 17 24
14 20 1 21
13 27 13 10
139 387 1 16
67 301 11 16
17 121 18 12
196 411 9 23
7 19 11 1
377 477 1 29
270 310 3 18
49 56 31 12
28 60 30 4
265 306 32 0
45 420 27 16
14 57 13 15
280 474 27 12
172 367 13 6
19 37 21 30
26 282 9 15
213 229 1 28
319 493 19 7
119 395 17 31
107 138 27 28
90 136 7 20
175 466 11 8
439 484 31 26
212 481 17 19
176 218 26 16
115 203 25 6
136 338 7 15
83 101 1 27
205 412 31 31
1 104 16 0
23 246 18 28
9 48 12 5
150 298 25 23
129 250 17 24
20 71 5 18
25 142 19 22
27 65 19 0
157 241 1 15
49 174 6 5
5 118 15 14
58 99 1 23
63 378 26 20
45 84 1 0
82 304 17 8
490 498 31 0
43 167 17 16
65 175 11 15
231 369 28 24
90 128 2 10
90 110 11 26
13 22 11 0
161 323 9 8
104 108 21 0
313 337 2 2
277 318 1 30
441 491 32 25
215 305 19 8
14 74 11 2
186 295 2 28
211 433 7 2
126 238 21 28
298 432 4 16
1 361 17 0
9 488 20 2
391 479 31 20
37 185 5 20
23 31 27 23
197 253 5 30
49 355 24 4
265 312 12 0
284 473 30 10
189 215 17 18
104 198 24 16
78 186 9 18
79 176 28 22
33 155 23 12
108 188 1 12
136 469 25 16
355 500 25 28
