500 1000 5 20 3
19 72 138 201 479 
12 193 228 346 420 
157 387 3 4
297 431 6 16
363 206 9 6
364 381 1 0
387 181 1 10
42 68 17 8
101 72 1 10
204 254 9 12
364 401 16 17
45 252 13 10
78 186 13 12
65 341 9 9
161 21 19 18
241 403 1 3
33 75 9 0
218 423 6 15
126 251 13 13
9 48 13 9
114 45 15 13
254 297 9 10
374 131 9 16
446 103 7 5
212 481 12 4
11 14 10 0
345 363 20 15
421 279 1 3
65 329 1 2
37 69 1 16
79 430 17 8
319 493 1 10
171 201 13 0
378 424 19 10
82 98 1 14
452 6 20 11
462 235 17 10
11 73 9 4
89 242 11 6
185 487 19 12
236 248 1 12
300 394 12 0
251 495 11 4
101 135 13 8
157 6 13 18
159 67 13 12
351 209 11 0
261 207 1 10
76 103 15 0
278 214 1 16
163 183 15 14
4 164 13 9
213 229 5 12
391 392 9 0
278 379 6 17
183 281 16 14
31 275 1 0
33 69 1 15
36 116 7 1
392 459 16 10
226 394 6 5
397 1 9 18
295 289 1 0
1 77 13 12
357 301 11 12
196 411 7 8
239 129 3 12
90 317 17 10
92 126 1 4
246 478 1 6
4 6 11 0
188 406 1 11
139 101 1 5
489 183 19 12
41 337 11 5
461 181 3 16
477 125 1 8
201 353 1 0
341 95 5 16
397 253 11 8
161 437 8 11
337 382 6 6
135 232 13 19
259 268 14 10
353 257 5 10
56 93 15 0
193 195 12 7
357 465 9 9
23 177 1 8
13 185 1 5
81 97 3 8
143 385 18 19
35 44 3 13
28 100 12 14
391 475 6 18
276 251 11 18
247 273 20 0
295 69 15 8
5 32 16 5
195 109 18 8
261 262 1 1
2 24 2 4
1 92 3 10
93 94 15 5
497 481 1 7
325 374 5 8
25 333 11 18
37 196 5 2
439 484 3 15
121 417 13 15
88 178 11 14
461 45 17 13
153 217 1 0
31 95 5 10
48 182 1 17
44 341 5 8
165 25 1 14
11 18 3 18
5 137 5 16
235 297 6 10
276 245 10 4
10 34 5 0
105 202 7 0
78 434 11 16
205 412 1 2
257 386 13 4
63 266 9 0
465 185 17 12
256 313 11 4
85 262 3 8
415 454 12 12
427 297 17 19
161 277 18 3
64 161 5 10
145 365 9 2
5 356 16 12
41 83 17 8
90 128 1 2
13 133 5 12
65 175 9 18
257 275 13 4
49 355 1 10
407 363 16 8
67 301 13 16
55 280 14 18
217 270 10 1
369 377 11 0
57 107 1 2
41 175 9 0
478 128 2 8
27 65 13 12
108 141 11 12
56 142 8 8
57 463 5 18
68 303 7 6
449 21 19 12
62 102 5 8
330 456 15 1
9 46 20 15
313 108 8 16
1 104 1 12
331 191 17 16
151 235 5 5
354 384 3 12
170 194 1 0
75 126 16 16
491 175 5 14
404 16 2 16
1 335 17 8
485 497 9 15
168 330 1 15
465 81 5 0
113 299 19 9
126 222 5 16
287 39 16 19
241 26 13 10
200 272 1 12
23 246 9 0
485 157 11 0
135 219 1 8
36 366 9 4
10 42 1 6
477 281 5 5
346 494 13 10
27 460 9 8
199 398 11 4
297 7 9 11
489 77 7 1
3 10 4 14
218 363 19 0
131 483 5 0
458 444 1 12
405 211 1 0
49 56 17 18
392 29 1 16
6 364 5 10
100 132 19 8
84 234 11 10
181 170 1 4
471 161 19 15
127 189 17 5
145 313 4 15
61 5 1 12
37 55 20 0
104 96 1 6
166 294 9 2
52 90 11 4
113 294 11 5
253 413 1 6
20 151 10 3
192 220 1 9
280 437 13 3
221 91 5 8
355 321 1 10
2 7 5 7
293 251 16 14
91 169 13 6
43 94 1 0
25 244 13 10
401 177 5 18
126 117 6 14
226 327 3 10
104 108 11 0
85 421 17 18
6 12 5 15
9 23 17 0
378 329 10 10
371 288 9 18
31 410 5 9
341 397 17 15
120 162 13 19
48 374 19 9
316 141 1 0
110 181 17 7
5 265 9 0
447 185 1 14
45 84 8 10
169 170 11 8
154 339 13 8
157 208 16 0
331 105 6 19
99 207 13 12
92 311 1 11
191 81 9 0
299 73 6 0
10 111 16 12
421 322 17 0
235 354 17 10
386 197 2 5
10 54 2 1
363 468 20 16
13 381 1 8
171 421 7 8
4 25 4 0
91 93 12 11
277 318 18 5
35 371 5 10
301 334 1 7
117 159 11 15
376 197 9 4
11 17 1 0
17 21 1 10
17 257 1 10
188 243 9 12
204 319 1 19
302 332 1 0
145 103 1 0
253 351 7 8
121 499 17 12
381 421 5 12
181 343 3 0
122 428 17 8
353 401 1 10
28 60 1 10
377 477 8 16
163 457 9 8
481 116 16 14
194 440 19 10
59 78 1 8
201 461 1 12
230 41 16 8
89 52 13 19
159 260 6 4
159 127 2 0
269 497 16 10
11 191 1 12
393 124 15 12
471 251 16 3
106 226 13 5
17 233 1 18
231 369 1 18
457 47 1 4
55 245 20 6
37 115 18 11
27 50 1 3
185 209 1 12
56 221 1 17
101 266 3 10
138 225 11 12
476 221 10 5
467 349 16 12
161 117 8 12
57 368 1 4
385 418 8 16
49 174 5 14
220 326 13 0
185 71 17 1
27 38 3 6
85 106 15 10
71 87 11 15
296 189 7 1
75 175 1 10
49 76 9 13
335 32 16 0
239 396 13 0
156 475 9 10
351 477 1 6
225 310 7 0
131 263 2 13
463 481 5 16
471 257 14 0
85 105 3 0
33 265 9 2
223 471 18 8
331 329 16 4
329 448 13 10
58 404 11 0
1 336 11 3
265 81 5 0
17 285 11 14
271 427 3 4
187 463 6 16
495 155 15 18
108 188 1 5
145 236 7 0
1 277 11 16
285 5 11 4
471 331 1 5
283 359 11 0
13 482 7 4
165 449 1 10
259 177 1 4
7 19 7 15
497 99 17 10
147 77 9 10
95 139 13 0
83 251 11 15
196 236 7 17
40 51 11 11
144 154 17 12
89 293 16 0
59 72 1 8
30 88 12 0
49 481 1 1
8 29 1 0
136 347 1 3
111 101 11 12
142 211 12 15
223 451 9 11
224 227 8 5
99 398 13 12
264 366 8 0
351 169 16 4
81 328 1 0
15 288 1 12
11 21 17 14
90 141 1 12
81 345 16 13
45 420 9 18
220 149 19 4
3 17 17 12
370 381 14 0
329 461 13 1
17 121 1 4
83 101 17 12
131 223 15 12
3 49 2 17
391 496 15 12
5 15 17 0
298 393 13 0
28 66 1 1
261 243 1 0
13 22 13 8
499 439 18 12
116 131 1 10
243 81 7 10
58 99 6 1
271 437 19 9
238 422 5 14
197 71 5 12
167 375 13 2
43 117 3 0
44 362 5 19
293 51 6 1
129 181 1 11
137 185 17 2
460 13 6 0
303 113 13 10
252 344 17 10
78 216 13 10
266 201 6 19
463 391 1 11
479 156 9 18
71 81 5 12
411 147 2 14
114 190 11 0
361 481 9 12
481 80 6 0
236 330 20 4
117 401 16 4
76 245 5 14
127 307 5 10
301 321 6 5
9 458 20 13
307 429 17 10
14 57 16 8
92 143 19 14
445 473 3 8
94 472 17 12
245 391 2 16
65 38 14 14
215 76 9 15
87 201 5 15
1 35 2 12
17 117 5 6
315 283 2 6
421 11 20 8
6 86 12 2
433 457 5 4
365 217 3 11
277 296 13 3
151 228 12 16
427 111 11 8
439 66 16 4
343 415 7 16
284 473 14 18
12 144 7 5
28 306 1 8
47 64 20 5
70 80 6 0
105 97 5 10
171 137 11 16
265 312 9 4
198 196 15 15
257 447 1 10
381 193 2 11
376 3 11 8
164 320 13 6
82 304 13 15
9 437 1 0
407 160 1 14
347 216 17 15
209 317 1 10
125 230 5 4
268 193 7 15
7 47 1 18
61 369 3 10
174 268 19 0
318 405 17 10
383 393 1 8
89 462 5 16
63 134 18 0
132 234 16 10
169 221 16 16
63 211 15 18
221 291 1 10
29 89 16 4
33 155 15 4
176 309 7 0
3 4 9 6
313 337 6 19
480 461 16 14
317 357 9 10
330 221 6 0
19 63 11 9
405 446 2 15
301 391 5 8
64 73 13 14
163 181 1 10
90 136 17 12
197 253 9 13
223 494 11 6
41 483 20 0
100 442 7 0
178 213 18 16
11 16 10 10
103 456 1 7
3 11 7 2
241 175 13 10
473 427 9 10
439 1 5 12
3 67 1 13
7 13 13 8
345 349 14 17
51 153 12 5
457 273 16 16
25 153 2 13
374 251 20 10
57 476 13 12
450 273 1 3
458 113 1 14
293 315 1 18
482 483 1 8
208 21 7 4
2 8 11 18
391 479 19 12
217 5 3 4
41 146 1 10
264 21 5 19
398 414 13 17
393 447 6 7
378 407 6 0
38 328 11 12
66 159 1 14
465 495 12 16
153 445 11 16
201 41 19 0
382 472 9 16
241 41 5 15
283 96 7 10
251 455 1 0
113 337 5 6
478 366 11 18
65 367 1 7
271 111 1 12
115 203 17 0
81 271 19 10
203 68 20 18
408 4 5 17
82 45 16 13
371 181 19 5
35 147 8 0
456 379 17 18
25 79 6 10
96 224 13 12
214 220 17 12
13 180 13 19
37 185 13 4
58 156 9 4
301 421 5 4
224 307 1 8
79 451 7 16
449 363 1 0
261 191 16 11
186 295 7 4
225 246 10 0
205 471 19 4
477 233 13 10
352 175 13 17
46 349 16 12
58 286 1 7
61 445 13 7
43 167 1 16
201 225 17 4
433 103 1 9
149 152 11 16
357 331 1 8
431 236 13 16
73 157 5 4
221 424 4 15
201 1 19 11
6 158 20 0
9 337 9 4
15 39 4 0
385 343 2 0
21 179 3 18
119 395 1 17
414 393 1 16
49 265 7 6
85 93 1 5
240 468 11 5
231 279 7 5
457 349 5 12
21 471 9 0
25 283 1 9
4 499 5 8
3 120 10 13
105 273 16 8
292 391 5 2
1 59 13 10
9 488 17 15
13 163 3 8
129 250 11 19
171 187 8 16
139 171 19 12
9 441 9 18
1 149 6 9
5 26 9 16
21 61 1 18
298 432 17 10
90 110 19 14
43 53 9 3
443 485 1 10
476 439 16 3
366 269 5 3
273 437 5 10
19 348 15 7
39 130 11 15
47 325 9 7
417 435 5 15
150 240 13 19
95 286 11 15
105 98 17 4
139 237 11 12
401 7 9 0
393 131 1 5
372 305 3 18
179 351 1 10
53 244 7 8
385 177 5 18
103 461 18 9
447 321 1 0
169 29 11 4
395 193 17 2
7 28 9 15
165 490 1 16
333 38 9 0
208 116 3 12
64 292 2 8
65 290 19 14
229 179 1 12
280 474 11 12
75 73 1 10
185 269 16 18
371 381 9 0
199 311 4 8
432 91 5 16
4 255 11 10
316 219 7 10
1 101 8 5
426 201 18 0
34 40 1 0
376 369 13 8
41 13 5 8
495 200 13 10
419 176 13 0
257 444 1 2
119 258 9 12
49 305 17 0
198 402 2 14
67 302 11 3
490 498 1 3
211 433 5 2
175 191 18 16
135 301 15 0
269 161 13 13
163 391 1 3
128 461 17 5
303 221 13 1
301 31 1 12
138 221 14 16
435 63 4 0
177 56 1 16
83 124 4 9
46 389 7 12
157 209 7 12
427 480 10 4
181 487 16 0
183 256 8 10
189 215 7 13
41 137 11 15
15 490 13 8
165 335 16 12
1 3 19 11
9 210 11 19
45 358 1 8
390 47 5 0
291 327 15 12
157 464 1 15
301 459 6 0
36 125 13 8
461 417 1 0
1 361 9 6
481 96 10 4
172 367 13 10
197 281 1 19
40 460 11 5
52 85 18 0
15 141 5 7
315 341 3 15
295 486 1 3
54 58 19 18
421 211 6 11
449 97 1 1
425 126 1 0
435 89 3 11
281 209 7 11
274 331 16 0
169 408 1 12
495 141 11 12
460 341 15 10
79 176 5 1
137 321 16 19
315 333 13 16
28 70 1 5
5 41 6 8
75 109 9 0
18 399 6 2
241 16 4 16
96 108 5 0
175 436 12 0
14 20 1 8
407 441 11 8
351 453 19 13
369 416 5 10
451 240 16 18
52 283 5 2
466 181 13 9
169 204 18 16
1 156 1 5
216 215 4 7
295 9 1 12
22 173 19 8
262 380 10 8
22 206 3 18
201 181 11 15
329 417 15 0
156 405 12 15
405 366 9 16
216 381 5 0
25 61 5 10
43 52 20 4
49 165 3 17
91 193 14 12
104 198 1 0
391 403 1 15
8 36 5 15
67 426 9 12
48 192 3 4
169 225 1 0
165 470 6 0
117 247 9 8
126 238 1 10
261 459 20 0
161 263 18 0
140 391 13 18
469 421 17 0
495 126 1 5
485 407 11 4
6 166 6 16
64 316 9 8
385 433 12 14
126 55 1 3
49 214 1 16
14 74 17 12
163 256 13 5
316 350 5 19
196 340 14 16
151 448 16 4
70 112 17 10
4 9 3 4
13 231 19 18
333 301 6 0
142 300 9 12
133 187 15 11
38 363 3 10
213 325 7 15
476 301 11 1
361 121 6 4
117 25 13 0
346 451 3 4
178 352 12 0
9 45 13 6
176 218 1 10
77 381 18 17
169 409 10 0
73 291 19 15
157 241 1 16
428 329 17 10
309 390 5 0
228 301 2 15
77 221 11 19
441 44 19 0
61 335 5 5
409 309 20 19
363 237 17 5
265 306 1 5
235 254 5 0
476 355 17 10
481 26 10 10
343 196 11 5
305 106 3 8
138 289 20 0
11 123 11 13
21 377 1 10
165 334 11 0
443 131 17 0
187 360 11 12
63 228 8 4
56 314 13 0
89 425 11 0
147 148 16 10
184 212 5 6
175 466 17 0
195 342 1 10
290 156 19 5
481 159 7 5
19 261 13 0
99 467 16 5
181 439 9 10
46 112 17 0
63 113 3 10
251 137 11 8
201 324 19 4
463 308 8 10
235 439 1 17
181 227 19 15
10 274 9 11
211 276 1 4
89 441 1 10
41 481 17 4
133 211 11 19
202 381 11 0
50 160 13 12
100 71 16 4
150 298 15 12
196 385 16 9
13 361 19 8
79 133 2 17
164 68 15 0
113 129 1 16
50 168 1 4
225 231 1 17
125 373 17 10
217 448 3 0
489 373 1 3
61 125 9 12
199 324 11 0
23 31 11 0
280 443 1 0
363 107 1 13
289 241 16 4
40 167 14 2
201 413 9 0
39 172 3 8
79 284 17 18
15 379 8 12
369 485 1 9
371 453 20 7
121 127 4 8
41 403 11 3
42 121 11 14
455 500 12 4
393 339 13 10
281 295 18 14
65 482 5 10
171 450 3 4
273 345 1 2
497 119 11 5
251 173 17 8
5 143 16 4
293 77 13 7
326 183 11 8
91 419 7 15
16 341 11 15
406 495 15 0
385 485 13 16
253 389 12 18
25 64 11 15
181 205 19 12
7 174 5 8
5 118 3 16
19 30 1 8
183 199 6 8
237 281 5 2
186 49 1 12
389 237 20 0
355 500 16 18
279 477 1 0
45 452 14 13
497 344 3 11
91 148 19 18
266 256 17 5
65 197 17 2
201 251 13 6
215 305 8 8
281 37 14 4
457 458 13 12
389 469 17 0
29 33 3 0
139 387 1 0
104 114 1 10
39 82 1 6
327 457 9 10
74 489 3 8
136 338 7 10
124 315 7 0
145 187 4 10
57 239 9 4
450 236 10 16
19 37 1 9
429 431 11 19
1 5 4 11
111 330 7 15
111 217 20 0
379 14 1 10
50 96 11 16
275 437 11 8
81 21 15 16
1 2 1 0
71 383 12 10
349 452 13 5
25 142 11 19
56 416 15 0
241 344 5 8
232 400 19 15
22 151 4 14
251 496 5 15
349 396 1 10
305 62 3 17
191 114 2 18
155 311 19 8
24 119 1 12
270 310 13 0
335 471 14 8
107 138 3 6
145 191 5 5
74 21 6 4
141 293 17 16
425 242 5 14
443 361 11 10
137 11 10 3
10 322 5 0
95 150 13 7
341 376 10 10
321 255 17 16
481 131 5 16
118 151 1 14
326 35 7 2
417 101 9 4
433 210 13 4
205 365 9 4
13 27 1 6
381 341 8 5
63 378 11 11
360 176 9 14
180 308 17 0
332 65 16 15
193 264 13 4
11 122 9 12
486 293 5 8
83 201 11 16
323 26 13 11
363 438 11 1
346 370 1 11
90 140 18 4
263 447 17 3
20 71 1 0
317 353 1 4
330 313 9 4
91 496 7 9
31 43 7 18
337 352 1 12
106 70 1 8
361 149 11 6
301 21 12 6
74 43 1 0
335 365 13 13
123 273 18 4
164 207 4 0
51 251 9 16
136 469 15 9
205 249 17 16
351 157 14 0
465 301 9 4
85 269 7 10
178 287 9 15
401 444 5 14
48 492 14 15
107 145 17 0
461 428 1 15
268 346 5 16
183 259 11 5
469 65 3 10
410 249 3 10
276 441 13 8
197 267 19 0
61 200 17 8
181 431 1 0
26 282 1 16
201 123 1 1
161 323 1 16
275 465 5 15
56 278 19 0
289 387 3 8
465 14 15 4
205 388 3 18
405 12 7 8
200 343 4 10
27 84 10 6
227 481 12 10
441 491 14 3
43 201 19 16
45 388 15 4
73 372 5 14
170 184 17 7
440 51 10 10
19 62 13 5
96 171 2 7
482 91 5 16
13 91 10 10
201 239 15 11
