500 800 4 448 2
70 79 331 439 
89 103 141 400 
46 349 15 10
169 221 4 10
4 255 13 5
319 493 1 4
386 197 7 0
254 297 5 3
199 324 4 0
200 343 3 9
129 250 7 0
35 147 13 2
51 251 11 14
4 164 15 5
201 461 1 9
343 415 4 5
29 89 11 0
55 280 7 0
251 496 12 3
90 128 15 0
155 311 10 0
89 462 1 10
65 329 1 0
117 401 10 0
11 17 11 12
105 273 8 14
14 57 2 13
163 256 11 0
385 418 4 3
447 185 1 9
201 413 14 0
9 488 4 3
481 116 3 0
264 366 8 4
1 361 12 12
145 236 10 9
316 350 7 0
71 81 5 6
107 138 7 0
1 92 1 3
157 387 1 12
293 315 6 0
217 270 1 0
397 1 1 12
281 209 1 5
450 273 1 12
90 110 1 7
301 31 7 9
263 447 3 0
385 433 10 6
126 251 2 10
22 206 9 14
35 44 15 10
17 257 12 8
392 29 9 14
371 288 1 6
165 335 10 6
44 362 2 0
371 453 1 10
13 163 13 12
377 477 1 6
11 191 11 10
24 119 4 5
317 353 11 0
64 292 7 9
226 327 5 12
62 102 2 9
317 357 1 10
96 171 1 0
150 240 10 11
11 122 7 0
38 328 13 0
274 331 13 10
157 464 11 6
11 18 1 9
301 459 8 0
43 53 15 6
273 437 8 9
5 15 5 0
57 476 14 0
185 487 4 7
25 142 12 2
46 112 7 2
476 301 4 10
181 439 10 7
235 439 9 2
163 391 10 2
193 195 3 6
325 374 13 6
108 188 13 8
489 373 1 10
346 494 7 6
45 252 11 6
11 14 13 11
164 68 5 12
231 369 15 0
181 487 10 3
445 473 4 11
183 199 15 1
477 125 13 12
110 181 7 3
119 258 4 0
65 197 11 6
48 192 2 0
268 346 13 11
57 239 10 0
465 81 5 12
45 420 1 12
291 327 14 0
163 183 5 3
55 245 2 11
56 221 15 6
61 200 5 0
341 376 2 0
10 54 9 5
477 233 9 5
6 166 1 10
271 427 14 0
126 117 15 9
252 344 4 0
292 391 10 12
81 21 1 0
217 448 6 13
409 309 14 9
165 470 4 12
74 489 13 5
371 181 1 2
23 31 7 6
462 235 1 13
354 384 10 9
30 88 10 2
387 181 2 6
183 256 4 7
83 124 7 0
226 394 13 9
341 397 2 0
41 137 7 6
11 16 1 1
77 221 1 10
43 117 11 0
241 41 1 3
179 351 11 5
104 114 1 6
439 484 1 7
171 201 4 5
239 129 9 3
345 363 7 0
104 96 4 14
111 330 6 13
176 218 2 7
85 262 14 0
71 383 7 9
56 416 4 4
351 169 10 0
120 162 1 0
50 160 14 10
35 371 10 12
463 308 1 9
385 485 7 13
3 67 6 3
171 187 8 6
455 500 12 0
327 457 10 5
193 264 1 11
43 94 1 7
1 77 4 5
449 97 11 5
201 41 12 9
57 107 8 5
489 77 6 11
231 279 7 9
185 71 15 10
398 414 11 3
17 233 10 12
27 38 10 9
318 405 1 0
432 91 9 10
41 481 3 9
1 59 5 2
51 153 11 10
41 13 10 5
178 287 4 9
429 431 6 0
39 82 7 0
326 35 11 9
461 45 6 9
100 442 2 7
2 24 4 0
257 386 8 12
53 244 6 12
195 109 7 0
108 141 1 7
20 151 3 3
185 269 1 13
201 123 1 9
154 339 4 14
74 21 10 12
61 125 7 5
196 385 6 4
50 168 8 13
278 379 6 7
485 407 9 2
241 16 1 3
28 60 13 7
6 12 7 9
481 26 9 6
391 475 8 8
457 273 2 10
251 173 10 0
34 40 9 1
118 151 4 10
76 245 3 6
236 330 13 6
81 345 7 6
297 7 3 14
15 39 11 6
66 159 5 1
352 175 1 10
74 43 14 0
224 227 4 3
189 215 4 6
378 407 10 1
63 378 1 11
284 473 4 0
9 23 10 6
376 369 1 4
1 104 6 1
25 153 1 8
5 137 1 6
184 212 8 12
280 443 5 0
439 1 13 5
431 236 1 14
482 91 9 12
353 257 6 11
99 207 11 5
181 431 7 10
482 483 1 1
405 211 6 0
79 176 6 10
151 448 7 0
159 260 13 10
376 197 11 9
458 113 14 7
421 322 1 0
99 398 10 2
253 413 1 12
330 313 6 6
361 121 4 0
57 463 12 0
21 471 13 1
123 273 6 2
27 50 4 10
145 191 4 4
393 339 10 12
270 310 3 9
392 459 1 6
96 224 4 11
159 127 1 5
36 366 1 0
216 381 12 8
293 51 1 0
351 209 4 12
169 225 1 12
9 458 13 0
3 10 8 2
469 421 4 9
410 249 4 8
364 381 1 8
450 236 14 0
205 249 1 10
122 428 3 13
65 290 13 14
150 298 5 3
489 183 4 0
366 269 4 11
56 142 12 0
273 345 7 9
142 300 15 5
9 337 10 0
64 161 1 3
101 135 1 7
301 421 1 1
236 248 2 13
142 211 6 5
495 155 13 5
461 428 14 5
36 125 1 9
131 223 10 11
346 451 7 10
73 372 4 14
90 141 6 1
225 246 4 2
45 84 11 2
298 393 7 0
485 497 1 9
415 454 13 8
7 28 13 3
295 69 3 12
52 90 1 0
37 115 11 0
301 334 10 0
251 455 6 11
19 63 10 14
329 461 13 9
391 479 15 12
149 152 4 5
15 141 6 12
261 459 11 9
117 247 1 0
38 363 1 0
264 21 7 1
113 337 1 0
37 196 6 10
82 304 9 8
104 198 11 0
407 160 8 12
323 26 1 2
78 434 12 8
289 387 13 7
225 231 7 0
290 156 1 4
3 4 6 6
463 481 1 0
187 360 11 1
89 441 1 0
28 70 4 2
145 365 6 0
251 137 3 6
223 451 6 8
363 237 1 0
197 253 10 6
204 319 1 3
329 448 13 11
353 401 1 6
460 341 8 9
232 400 4 10
3 120 15 5
476 439 5 5
175 436 7 7
21 61 4 14
96 108 6 8
177 56 11 5
13 22 13 3
88 178 3 4
83 201 8 3
58 156 12 9
223 471 1 3
59 78 1 3
167 375 15 5
203 68 10 8
45 358 1 5
13 361 13 3
138 289 1 1
9 441 12 14
355 500 3 10
355 321 10 0
28 100 11 2
73 157 10 3
33 75 11 3
188 243 10 12
49 174 8 0
87 201 3 10
92 311 1 9
5 32 7 3
106 226 1 0
31 43 15 5
161 437 1 12
9 437 15 3
251 495 6 4
198 196 13 3
293 251 5 6
212 481 11 0
200 272 5 9
187 463 10 0
28 66 7 10
404 16 1 6
279 477 1 7
337 382 13 9
6 364 9 0
121 417 2 2
65 38 6 14
136 347 13 3
201 181 12 12
13 133 2 4
389 237 8 3
145 313 10 10
170 194 14 2
136 469 11 12
262 380 7 8
307 429 1 12
47 64 15 12
33 69 4 3
165 449 8 4
17 285 6 5
15 490 11 3
85 105 13 1
313 337 14 3
49 165 10 6
21 179 1 0
204 254 11 7
91 148 14 5
29 33 2 3
443 485 13 7
84 234 1 12
23 246 13 13
40 460 10 3
497 481 7 6
6 158 4 12
156 405 10 3
217 5 10 6
49 265 10 5
393 131 3 11
276 251 6 12
347 216 2 1
36 116 5 10
253 389 13 12
341 95 6 5
73 291 11 11
139 171 15 4
48 374 7 6
357 331 2 3
105 202 4 10
211 433 1 0
216 215 10 10
315 341 14 4
116 131 5 6
33 155 11 4
330 456 13 5
106 70 6 12
211 276 4 5
281 37 1 5
91 496 6 3
257 444 4 14
407 363 11 6
205 471 10 0
133 211 3 5
305 106 4 8
126 238 1 14
261 243 4 6
477 281 7 6
169 409 4 4
7 19 4 10
19 30 10 0
54 58 1 12
161 323 11 5
58 404 7 3
78 216 11 1
115 203 15 5
205 365 4 13
25 79 1 0
103 461 11 9
157 209 14 0
196 340 7 0
139 387 4 10
201 251 1 12
457 458 5 0
119 395 1 6
215 305 4 12
45 452 11 9
57 368 1 5
85 421 6 11
58 286 10 8
26 282 6 9
391 392 13 3
41 83 10 3
335 365 1 0
79 133 10 2
433 103 1 9
371 381 13 6
91 169 6 10
145 103 3 0
48 492 5 3
241 344 11 9
309 390 8 0
9 46 6 10
8 29 12 3
65 175 10 10
186 295 7 5
345 349 10 0
45 388 9 13
471 251 10 14
471 331 7 5
19 348 13 9
171 450 14 9
44 341 1 5
369 485 7 2
19 261 4 5
201 324 1 9
208 116 13 10
196 411 1 8
452 6 3 3
220 326 1 0
151 228 11 4
83 101 13 12
302 332 1 6
25 333 14 0
7 13 11 10
465 185 1 12
316 219 12 10
104 108 12 0
82 45 7 0
15 288 12 6
133 187 15 1
238 422 1 8
225 310 2 13
456 379 4 0
349 396 7 6
91 419 3 0
230 41 10 0
446 103 6 12
125 230 11 5
131 483 4 9
405 446 1 0
136 338 1 5
196 236 1 0
139 237 4 12
1 5 11 9
67 301 6 5
266 201 1 10
451 240 7 13
49 214 7 7
265 306 5 12
83 251 13 5
417 435 12 3
277 296 1 5
240 468 6 5
213 229 13 6
121 127 4 13
476 355 1 9
89 425 4 0
43 52 1 8
25 61 11 2
478 128 1 3
137 11 3 9
183 259 1 4
480 461 2 0
23 177 6 0
144 154 1 7
395 193 10 12
91 193 6 3
7 47 8 10
95 150 1 3
37 69 1 3
5 118 6 9
349 452 10 11
100 132 13 1
4 9 11 3
295 486 1 12
90 136 11 2
176 309 3 0
301 321 6 12
382 472 10 5
378 329 6 12
241 26 13 2
283 359 6 9
63 113 8 6
313 108 10 9
181 205 13 5
77 381 7 6
25 283 13 1
169 408 15 0
363 438 1 0
52 283 7 6
175 466 1 5
92 126 4 3
2 7 1 0
27 65 13 0
449 21 4 10
5 26 1 1
4 499 2 10
170 184 7 13
113 129 10 1
1 35 9 0
172 367 13 5
440 51 14 2
58 99 3 8
31 95 11 9
257 447 13 10
174 268 11 0
363 468 6 3
361 481 5 0
19 37 1 9
421 211 8 4
89 293 1 1
491 175 15 13
20 71 1 0
11 21 7 0
275 465 11 1
113 294 1 4
145 187 6 0
42 68 1 10
125 373 7 14
303 221 1 0
63 211 11 9
10 111 12 0
329 417 2 0
465 14 4 0
81 97 13 10
381 193 1 10
164 320 7 12
435 63 1 1
441 491 12 2
65 482 1 10
2 8 6 13
6 86 7 5
67 426 1 1
99 467 6 0
9 45 11 13
406 495 1 12
1 3 7 0
221 424 9 6
137 321 13 10
289 241 8 7
10 322 3 5
5 143 1 9
10 274 6 5
199 311 6 7
421 11 12 4
163 181 6 7
224 307 6 3
457 47 9 3
235 354 9 9
75 109 7 12
31 275 4 0
41 146 13 6
199 398 6 14
70 80 2 12
64 73 10 12
13 381 2 12
151 235 10 2
269 497 2 0
17 117 13 0
3 49 11 6
213 325 11 0
85 93 3 13
5 41 8 12
37 185 1 0
205 388 7 5
81 271 1 6
369 416 4 9
43 167 5 9
92 143 10 2
277 318 8 12
153 445 8 5
178 213 15 9
191 114 6 1
126 55 1 6
63 134 7 2
49 355 1 0
161 263 3 5
64 316 12 5
157 241 3 0
169 204 11 4
185 209 11 6
52 85 14 3
9 210 5 7
235 254 7 9
180 308 6 10
49 76 4 12
393 447 11 10
163 457 5 4
13 180 1 4
10 34 15 4
68 303 15 0
221 291 1 0
1 336 10 3
135 232 2 5
315 333 1 13
300 394 4 9
39 172 3 3
241 403 7 12
245 391 7 6
157 6 14 4
197 267 9 0
41 403 15 0
79 284 2 2
481 96 10 6
188 406 7 6
85 106 10 3
378 424 12 7
13 27 10 9
63 266 13 1
19 62 3 3
389 469 7 6
192 220 1 3
426 201 1 9
8 36 7 6
79 430 4 3
129 181 12 10
105 97 1 8
303 113 10 10
229 179 6 0
205 412 10 0
11 123 6 1
178 352 9 9
127 189 10 0
78 186 11 0
166 294 12 6
12 144 11 3
411 147 13 6
137 185 8 10
385 177 1 0
381 421 6 9
25 244 2 0
111 101 6 10
261 207 10 14
428 329 12 5
50 96 1 8
346 370 8 5
471 161 4 0
117 159 2 0
369 377 1 8
82 98 15 6
65 341 13 5
391 403 1 5
495 141 11 6
59 72 15 3
40 51 6 10
391 496 6 9
401 177 15 4
56 314 7 0
405 366 14 6
4 25 1 9
256 313 1 9
5 356 9 5
266 256 11 0
259 177 11 9
67 302 7 10
181 227 15 8
135 219 13 14
447 321 1 0
280 474 7 7
157 208 14 13
495 126 1 6
126 222 10 10
326 183 12 10
427 480 13 6
147 148 5 0
246 478 1 7
90 140 7 2
56 278 13 5
14 74 4 0
153 217 10 12
298 432 1 3
90 317 13 3
1 149 9 12
169 170 12 5
4 6 6 1
197 281 7 3
490 498 10 10
107 145 13 7
3 11 1 3
360 176 1 9
1 277 1 3
63 228 1 13
89 242 2 14
351 453 1 13
113 299 4 12
476 221 13 14
13 482 1 0
237 281 10 9
198 402 13 12
265 312 1 2
13 91 6 0
9 48 1 12
194 440 1 9
183 281 2 6
37 55 1 6
3 17 4 0
381 341 9 6
39 130 15 0
17 121 2 0
48 182 6 10
56 93 10 6
22 173 11 3
7 174 1 7
114 190 1 12
1 335 2 10
469 65 4 0
15 379 5 3
383 393 15 7
195 342 1 8
276 441 4 10
18 399 13 10
49 56 7 3
393 124 1 10
71 87 13 2
76 103 12 12
441 44 3 9
17 21 8 4
14 20 9 9
31 410 15 9
10 42 11 8
497 99 7 11
275 437 1 0
218 423 1 6
315 283 12 9
95 139 5 5
168 330 4 9
1 2 13 0
223 494 13 12
