50
40 34 99 22
3 14 -30 -34
63 65 38 -28
34 10 9 7
2 8 -24 14
0 11 -1 -7
1 33 83 -11
12 11 -32 -39
20 22 -54 13
35 43 69 47
31 22 -3 -12
31 15 18 57
6 1 4 9
48 28 -22 -76
4 14 -28 -80
55 8 -43 26
15 13 5 -19
19 17 -17 29
20 6 39 -75
5 2 5 8
47 22 61 -89
40 5 46 75
9 17 13 14
3 10 13 -11
46 24 -47 28
29 5 26 11
24 12 -50 6
45 37 -15 87
17 32 35 -60
37 31 29 9
31 17 -41 29
62 61 10 89
43 25 -37 -62
30 6 -60 -29
9 4 -53 -7
7 67 -93 50
34 20 33 68
3 3 -3 -3
45 25 39 41
16 0 12 12
42 31 13 -8
18 29 -5 39
2 1 -2 -3
1 2 -3 -4
1 12 -15 -26
57 56 27 -47
50 34 83 43
72 46 25 -48
48 4 -13 -1
58 44 -24 -86
