1000
17033 925 -14416 -941
24183 12508 -5057 27629
0 42574 -42574 0
3392 1754 5413 -4712
3620 205 10651 3013
30571 0 30568 0
22932 19656 -6558 9828
6222 3655 -674 -12323
15225 10766 19283 -4424
12152 0 -24304 0
10913 29392 46212 2358
1 24253 -15863 16242
19755 11830 3008 -3567
5428 2714 2714 -2714
7042 14084 -7042 -7042
900 2285 -3771 5770
1 6371 10700 -2302
7293 41327 -14586 -9724
2129 0 6387 4258
0 10610 10610 10610
2191 6641 2127 -1071
25269 17626 -24978 44894
26214 17476 8738 -17476
7698 12830 2566 -5132
21357 22374 9155 -24409
45235 0 -45235 0
14929 10198 -6903 -33238
0 18409 -18410 0
17666 17666 -17666 17666
23964 23964 23964 23964
37206 9 14319 34119
27797 36575 29268 2926
20377 16449 -48055 15560
0 1509 33198 -22635
0 4761 23805 0
13408 28492 1676 38548
36 0 -36 -36
11537 10816 12162 33980
0 1312 -3936 2624
34069 43803 38936 4867
31915 29626 31823 3324
39252 13629 51060 3802
32907 0 -32909 0
20373 0 20372 0
2218 0 2218 0
2053 0 -2055 0
12293 46701 4409 -64419
11346 34541 33004 -39817
6492 8199 9329 -23963
8467 3705 -1213 -23501
2999 9167 -6638 -4065
6781 7152 -5736 10640
13295 24155 -39325 -6981
461 9602 3442 16159
0 13507 -13507 0
28772 35965 21579 -7193
2 20554 38268 -24392
21765 13683 -16122 14248
13008 29268 6504 -3252
18622 11293 28574 -34081
0 30289 30289 0
8040 8040 8046 8042
1644 1644 1644 1644
30 0 1020 1230
10394 0 -20788 0
23896 0 23896 0
1968 9143 15556 5675
316 316 -316 632
16371 34561 30923 7276
20227 0 20227 0
0 3978 -11934 0
0 227 23154 -5221
31387 31760 -38014 2829
0 29099 29098 0
461 5532 -9681 -461
0 16892 -16892 0
2321 16247 2321 9284
23844 43714 7948 31792
0 4253 -4253 0
19798 6168 16965 -9703
5732 0 -5732 5732
0 3833 -22999 11499
0 1394 18119 6970
112 3844 -187 -260
10923 17163 -20631 -19980
0 14622 14622 0
16606 8907 -10362 -34380
560 43606 -28773 -31994
22490 0 22490 0
3013 22897 30484 -12764
549 1341 260 -467
29749 0 -29749 0
3562 0 -3565 3562
0 38293 38293 0
25704 2142 14994 -6426
9717 5655 56310 35125
606 1212 -606 -606
4342 8684 -8684 -4342
3615 97 -2775 6943
13228 1 1989 -21738
32584 42344 -39749 -8920
0 1104 -1104 0
30265 30265 30271 -30265
16515 5505 22020 -22020
0 1945 25285 9725
9852 9852 9852 9852
16733 5690 -7824 -6818
10570 6040 -4530 1510
4300 25468 43525 16720
3468 10050 6354 -1638
23648 23613 23730 23429
7194 14780 36984 9487
0 10044 -10045 0
0 37156 37156 0
27079 32281 5558 22421
4480 8411 11775 -6409
11559 32117 45392 27436
12783 7475 9763 18773
12652 9489 12652 -12652
0 1146 -18336 32088
46380 12460 -14560 4360
26782 0 26782 0
7068 23560 18848 -21204
19057 0 -19060 0
40512 13504 13504 -13504
3692 3407 2547 6224
10203 30703 64762 23277
12265 7805 5575 -3345
6222 37332 -31110 -12444
1280 4791 -2880 149
0 14881 -14881 0
21595 0 21595 0
27665 0 -27665 0
26511 0 26511 0
29940 2994 2994 23952
0 34422 34422 0
20305 8945 23657 -59260
16956 28260 11304 -22608
2781 0 2781 0
12921 6057 15869 -5386
32502 21668 21668 -10834
20557 31144 39690 -19414
13650 10920 -10920 -30030
6728 0 6728 0
25930 11470 -6420 28475
42466 27478 -27478 -27478
5139 17114 20738 957
15277 5540 -5194 -21435
25602 1282 -41065 43370
1263 0 1263 0
10314 33569 -54212 14741
117 2534 -1944 -2805
1412 0 -1415 5648
18001 18001 18005 -18003
20808 16100 -4449 -12891
6426 9180 -1836 -6426
1015 2863 7572 -2159
19375 2729 -20725 -13404
5193 1814 5459 10353
8433 8433 16866 -16866
40987 11346 -69485 -42698
2477 20536 17944 -19988
0 6862 -6862 0
3016 0 -6034 0
9814 0 9814 0
9673 36802 -30914 -38627
0 20315 20315 0
341 384 113 -269
0 8010 -8013 0
22160 27700 -5540 5540
12584 25168 25173 12585
11134 1608 -8144 -28017
7425 14850 -14850 -7425
3387 4891 17977 1170
26308 0 26307 0
3201 8459 -1351 -11808
230 1380 232 -692
30023 16766 -3903 15382
0 5206 10412 -26030
15752 31504 15752 15752
0 2402 2399 0
2716 2471 -3579 3208
175 35 42 -247
7915 18514 -10899 12413
28290 27060 -12300 -7380
810 508 863 -1420
0 1620 32398 -34020
31622 0 -31622 0
7982 0 7982 0
0 7429 14858 7429
25814 25814 -25814 -25814
8865 44325 26595 26595
42114 45395 -59710 4137
0 14883 14883 0
31806 0 31806 0
1808 7035 6837 -21520
6554 3611 4229 -342
12919 0 -12919 0
37874 6288 25289 -24167
5669 7890 -27399 -3664
5100 3570 2040 4590
12504 3197 6962 10108
11492 0 11492 0
26697 6587 7520 -34240
38979 38979 -38979 -38979
1262 1262 1262 3786
7282 7282 -7282 -7282
10089 3363 10089 6726
20178 26550 -30798 -2124
928 638 1566 1276
7731 4376 4283 4176
9795 30063 -31106 25603
126 63 63 63
557 557 -1677 -558
12690 24560 -41279 -26416
23881 7649 -24812 41192
805 0 -8855 2415
189 162 189 189
7503 0 -15006 7503
0 7943 31772 0
31503 15375 -47813 9787
54 0 -378 -270
9997 15826 38306 -6189
0 24686 24686 0
44603 39590 52580 23830
3460 3460 -3460 -3460
14814 14814 14814 -14814
3926 18494 -10761 3379
6159 0 -6159 -6159
30711 0 -30711 0
35503 35503 35503 35503
0 4670 4667 0
17287 17746 -53566 17830
9300 2325 -2325 -4650
636 2625 -529 -25
15489 0 15489 0
28135 18596 8986 5455
12929 7388 -1847 -5541
27732 15302 -26123 21255
12597 12597 12597 -12597
2520 3024 -1013 -506
10359 20718 -10359 -10359
413 67 -208 504
21780 0 21780 0
4360 0 4360 0
35044 18734 -36426 -4665
12657 12657 12657 -12657
32418 23739 12121 -45074
7514 15028 -7519 -7515
910 665 420 175
0 488 -15619 -8296
35815 0 -35815 0
791 9151 -10860 20732
34842 34842 34842 -34842
6927 1847 -24649 15247
1350 1350 1352 -1351
10227 0 10227 0
0 4210 -4210 0
0 24733 -24734 0
23166 24948 1782 -3564
0 336 -26544 26544
3030 3019 -6214 -1189
2895 7720 965 -1930
744 36906 -4550 -7174
8201 14908 -12899 8586
2742 5083 84 -20516
38269 0 -38272 0
15656 7828 7828 -7828
13472 15444 -9138 23783
1010 0 -2020 0
16913 13206 -9292 -37184
10210 10210 -10210 -10210
7751 6740 6403 1348
27784 19328 -18120 -25368
5127 10254 5127 -5127
26500 20000 18500 16500
3109 0 -3109 0
26836 26836 -26836 26836
0 1066 -2132 -1066
0 9489 9489 0
8115 19476 -27591 -8115
0 17185 -17185 0
5756 0 5755 17268
6340 10 -1280 -3840
19821 13214 -13214 13214
17654 22799 -7550 -30702
1249 3135 -3477 -2846
5884 5884 5884 -5884
9256 13884 -4628 -4629
3476 0 13904 24332
0 4715 -4716 -4715
4050 2700 1350 -4050
321 1000 -164 2306
15217 18634 -19856 18207
19851 33085 -6617 -6617
2509 11916 -31703 -29434
18785 22203 13012 -1600
0 34958 34955 0
15164 9105 7330 -21555
19349 15884 -15477 -3087
15409 19902 9861 8094
3806 346 5536 -4844
1560 1848 1133 -1009
3000 7007 16174 -7939
6205 4025 1969 -41
0 32370 -32372 0
1891 26582 -12309 -78471
3252 3 -4845 3252
5111 0 -10223 0
0 1018 8144 -11198
4042 14147 4042 -6063
0 3984 -3984 -3984
135 10 -5 -5
7304 3652 3652 3652
41224 0 -41224 0
5067 6756 -3378 -1689
18765 36653 -16642 5220
3693 0 3693 0
17893 0 17893 0
0 13320 13319 0
2437 33694 -23382 -14799
23067 4194 20970 2097
9736 20168 12173 7345
2115 0 -2118 -19035
3420 1 1495 2730
16962 2349 -11207 -10028
7165 7285 169 5419
163 0 12714 -163
6190 6430 -5646 5802
15840 17959 116 23654
1570 1570 1570 -1570
13165 21449 2332 -14383
31218 12342 36300 7986
26444 33055 -6619 13222
342 8069 -2580 -8490
0 3152 -3153 0
21576 25528 -11668 2765
4453 0 -4453 -4453
9167 0 -36668 0
13430 24436 1056 7152
5640 29827 28075 -60369
21438 28584 -21438 -7146
17797 21499 9952 -35233
0 897 -10764 -37674
22656 0 -22656 0
16722 16722 -16722 -16722
9335 3734 5601 7468
622 1626 -509 -1312
1898 15360 -8486 -2266
603 2305 -6224 1468
16244 20305 12183 -12183
2294 2439 7934 -3099
13236 26472 13236 -13236
0 6527 -19581 0
17297 6740 10474 -6089
4680 936 5623 11234
17295 23060 5765 -17295
7077 13884 27654 -20481
0 6569 -6569 19707
13649 9187 -10374 -14313
11360 11928 -13064 -10792
6600 5340 11700 -6240
1557 5611 -11371 -11225
2363 0 -2364 2363
0 3007 3005 0
35510 0 35508 0
3 5544 -14103 2265
45241 0 -45241 0
10530 2106 2106 -8424
0 1405 30909 2810
0 7077 -7079 0
0 43513 43510 0
3288 0 3288 0
0 15667 15667 0
14826 34594 4946 9885
0 20227 20224 0
5 8495 21085 -1560
7338 0 -7338 0
4500 2250 2250 2250
30532 15266 -15266 -15266
1682 24389 25230 17661
8567 0 -8568 -17134
594 117 322 -245
3690 5048 -11088 -1684
21838 26810 -17200 14978
4710 21637 -37207 27755
13266 13188 35739 3535
5552 6246 4164 1388
17365 22107 -26265 -49523
3015 1713 -8045 -189
0 8551 8551 0
4532 12189 -1708 34470
1467 0 -1467 0
0 4766 4766 0
33036 0 33036 0
4467 11174 -13972 12786
5576 5576 -5576 -5576
19633 19645 42398 -1429
0 3709 -3709 0
8421 25263 -8421 -8421
9544 13589 5870 -11134
7422 9607 -9774 -17683
3308 18679 -296 7478
22140 25092 28044 -11808
8 49064 -16936 -19216
0 21814 21814 0
33253 6177 2838 25766
6829 0 6829 -6829
0 39044 -39046 0
5384 2692 -2698 -5385
19054 19054 -19054 19054
29576 22182 14790 -14788
26696 0 26696 0
20559 0 -20559 -20559
2104 3009 19161 -8291
0 12687 12687 0
8766 13149 -13149 4383
2986 0 -2986 0
6 4644 -8388 -9558
24544 5369 32223 -27613
9361 34714 57665 3828
2133 0 -4268 0
1516 24005 40408 -45408
13092 17456 -8728 -4364
569 6892 -3427 -862
3956 6923 -3962 -991
28105 0 -28105 0
0 42879 42877 0
3976 2252 4217 -3629
6334 0 6334 0
15175 15175 15181 -15176
748 565 3777 1065
32293 1637 33443 3598
12245 7110 14220 -8295
0 23520 -23520 0
8044 12861 -2769 -11501
1102 0 3306 -5510
4114 12342 4114 8228
3148 3148 -3148 -3148
5181 20724 -10369 20726
8 3768 -5168 -2832
17539 13911 28824 -14940
3962 3962 -7924 3962
17910 23682 43410 3547
27192 9064 -9064 18128
33329 0 -33329 0
0 21762 21762 0
18071 35529 9236 6590
862 8732 25165 14438
0 24800 24797 0
0 11029 -11029 0
3546 24822 -17730 -10638
4460 5575 4460 -4460
12758 25516 12758 12758
12817 25634 -12824 -25636
1463 617 986 -538
7915 0 7915 0
29610 9870 -29618 9872
8014 0 -8014 -8014
0 1878 -41319 13146
30164 7541 7541 -22623
20756 11407 75 10530
1537 0 1537 -7685
18858 13190 17857 -30322
12984 16230 -6492 -9738
26880 4320 -20640 27360
97 1455 -1455 1067
4050 2025 -2025 2025
0 20705 20705 0
2480 25792 -37200 31744
5870 34568 -38944 77487
843 2682 -3388 3508
9671 12494 -50835 -58180
4830 24150 24150 -9660
38835 34388 -45066 25874
9936 13248 6624 3312
6323 0 -6323 6323
1675 8175 -3385 8071
2022 18173 7128 -7950
0 22 7 32
7364 15780 2104 -3156
0 6339 12678 12678
13663 8715 -487 7627
11139 0 11139 -11139
1123 292 -1058 -2136
0 15852 -15852 0
1908 0 -41976 1908
0 18541 18539 0
4286 1697 -10474 -12396
10034 0 -10036 -10034
11051 27929 34132 31075
12924 3612 -7654 -19666
0 8445 -8445 0
26 3845 -2299 5737
8128 12192 -8128 -4064
0 15861 -15861 0
26123 0 -26125 0
12784 14750 25717 -7996
41340 44785 -20670 -10335
6176 2584 630 -2056
10683 14244 3561 -10683
28332 2361 21249 -16527
4651 325 -8137 -1885
27 0 -27 0
8068 4034 -4034 -4034
30396 30396 -30396 -30396
2452 7356 14712 -14712
30927 30927 -30927 -30927
14637 14637 -14642 -14637
25767 2196 -26846 -16466
30786 13367 -8187 15007
0 17472 17472 0
2 25620 5869 -21220
13331 18095 -7629 11068
8252 8252 -8252 8252
3411 5271 -9705 -6933
27357 27357 -27357 27357
13774 0 -13774 0
7646 5241 -18686 10395
7389 4910 2909 7421
20942 1132 -33394 -24904
863 0 863 863
1669 2641 3672 -3051
0 787 3148 -2361
1956 2445 3912 -4401
18295 10977 -25613 -18295
7044 4696 2348 2348
0 3225 3225 3225
14212 20900 -12540 -19228
2023 4599 28235 34240
1916 7920 8191 3747
30041 32969 -41593 41461
10 41230 22520 -24290
16830 13770 4590 6120
17958 12321 -844 1601
24678 32904 -8226 8226
2582 2183 -4565 -5548
0 14025 -14025 0
7 2401 -5320 -1197
5473 0 -5473 -5473
7000 1000 5000 6000
15645 15645 15648 15645
28536 14268 -14268 14268
42023 19129 7812 -17543
43920 29280 14640 -29280
26136 13068 -13068 13068
0 2406 -2408 7218
18198 0 18198 0
26244 8748 17496 -17496
0 4399 -4402 -4399
6240 0 -6240 -6240
36121 46332 14325 -53927
1113 0 -33390 -27825
9487 0 -18974 18974
4815 0 -14445 4815
6507 6507 6507 6507
845 0 -28730 12675
21672 21672 21672 21672
44407 46802 -26642 51483
3780 0 3780 0
6143 6143 6143 6143
0 9170 9170 -27510
5534 5534 5534 -5534
9431 0 9431 -9431
0 2661 -2661 0
1402 4206 -8415 14022
23095 43946 22660 -33184
3369 10719 -32256 15671
20736 10368 10368 10368
0 3017 3016 0
3707 18707 13435 16873
6828 6007 -4801 7400
16391 20282 14937 59874
3626 6039 5776 11443
9216 24524 -3788 -20266
4508 0 4508 4508
772 386 386 772
23980 37828 -16139 18658
3020 3278 -7455 10888
4902 6536 4902 -4902
18142 0 18140 0
23598 6 -30174 2388
0 16117 16116 0
10367 0 -10367 0
0 35994 35994 0
0 11915 11915 11915
11824 23648 23649 23650
21523 7004 -25397 11278
686 0 684 0
9565 24869 26782 -15304
10333 0 -10334 0
5100 0 25498 30600
8662 0 -8662 0
0 13027 -13027 0
798 10412 -18168 -12943
16494 0 -16494 0
18439 18439 -18443 -18441
2522 19747 23510 19145
5104 8 -9968 14560
35308 25220 -5044 5044
0 1977 1975 5931
2438 0 -14628 -7314
42050 11241 31368 -19352
11398 22796 -11398 11398
0 4054 4053 -4054
6570 0 -6570 0
7374 15176 -7127 -11370
13658 1255 -12361 14890
0 337 -337 -674
2458 3089 -8514 1668
2121 0 2121 4242
39908 39908 -39908 39908
44603 0 -44605 0
4054 12162 -8108 4054
31633 10029 -10305 -36776
0 11195 -11195 0
23758 25969 -14893 -14210
19519 19860 22044 8581
5 39870 18195 29390
24948 8316 8316 -16632
15870 10 14060 11630
9840 30096 -30921 -25150
10 14860 32150 -33890
6187 8970 -10695 4624
0 3130 3130 0
18406 5462 13337 18295
8 4504 3632 2704
13733 360 7794 8704
11047 22731 51766 -31663
15553 11823 9071 -197
9480 9363 19361 -9396
2483 2865 764 -1719
2387 33418 38200 7161
9992 11180 11293 -8245
0 10613 10613 0
17812 26718 8906 -8906
11522 0 -11523 0
998 1446 -3306 -3282
4513 9881 -30717 -33132
9537 0 -9537 0
33351 0 -33351 0
4525 0 4525 -9050
980 770 -490 350
4583 0 4581 4583
0 1451 -1451 0
13644 3241 35228 19725
0 905 25340 -6335
13521 7506 -26456 23164
0 21797 21797 0
12622 0 -12623 0
2 6558 -7034 -12144
9906 0 9906 0
2809 7459 -13994 13204
10295 2059 -2059 2059
31430 40410 -4490 -4490
1550 635 -325 1001
9083 18166 -18166 -9083
2669 0 -2669 8007
5676 0 34056 28380
6 6 -12 6
199 0 796 199
6443 9980 -610 -23881
29 203 -11503 289
4344 8688 -4344 4344
2960 5920 -2965 -2961
0 29051 -29052 0
0 40035 -40035 0
4051 0 -4054 0
4810 22775 -22326 456
13679 6200 21300 -12181
1534 767 -767 767
1854 824 618 -1442
20055 0 20055 0
8 2664 2792 -7360
6101 18314 -14896 55011
8175 8175 8175 8175
1019 17731 -2055 10557
9480 7584 -3792 5690
6724 0 -13451 -6724
35982 35982 -35982 35982
1960 1960 -13720 -9800
2610 6090 11310 16530
247 0 -247 0
0 10705 -10705 21410
4255 7560 -23676 -4050
14400 25920 -20160 34560
8 23872 -38632 -41008
3733 940 -4061 -5443
19567 33638 55065 39431
36844 36844 -36844 36844
27575 28507 -11136 -43714
0 9078 9078 0
6833 139 3243 8700
36264 1 -32989 31891
30147 17954 -36457 747
26600 30400 34200 11400
1117 18701 -15061 -26280
3260 2533 5419 -1938
1074 1074 -1077 -1074
3859 0 -15436 30872
10396 2599 10396 5198
0 12660 -12660 0
22644 11160 -14148 25308
33146 31303 -3739 11960
24510 37582 13072 32680
924 7 -595 -1862
0 4096 -20480 -16384
18683 10676 2674 5340
26677 22866 -7622 26677
21235 0 21235 0
0 7836 7836 23508
0 16851 -16851 0
39357 26238 26238 -26238
34350 17175 17175 -17175
5880 0 -11760 17640
13826 18473 23926 -19667
306 0 -306 0
0 1452 1452 0
0 2915 -2918 -5830
30267 32509 -32509 -15694
31480 15740 15744 15742
39690 19845 19845 -19845
7069 0 21205 35345
8425 18554 -15369 21611
11540 24033 33334 71762
0 17 17 0
18702 18702 -18702 18702
0 9562 9562 0
36143 0 -36144 0
0 3608 -3608 0
0 22415 -22418 0
190 0 -191 760
0 8866 8866 0
10708 32124 10708 -10708
13940 7825 2738 -15890
25537 24762 20936 458
12928 16180 1114 -35488
2179 2273 11 5081
0 27476 27476 0
9976 22446 14964 9976
9195 0 -9197 0
6560 0 6560 0
0 9284 9284 0
7455 2151 484 -2734
0 15227 -15227 -15227
26136 1188 -35640 -1188
5295 19415 -14120 19415
27171 28099 54048 -53156
31045 22565 31093 -41160
3887 872 15314 -13921
10586 15879 -15883 -5294
0 6348 -6351 12696
13913 13432 -35662 3434
37893 0 37893 0
1720 8538 -4261 -10063
40566 35479 -34829 6622
16848 26208 11232 -9360
40760 5 33305 -3686
2119 2119 -2119 4238
3994 20075 -30293 19010
10069 2876 18732 -20911
28095 24752 47123 28625
0 9945 -9945 0
4642 11605 -2328 6963
32792 32792 -32792 32793
3839 4284 834 -1965
9428 9428 9428 -18856
29415 7756 -5489 13294
38 0 2356 1102
0 19694 -19694 0
4228 38052 21140 -21140
5758 7554 8335 -363
667 3725 -8818 10386
3281 19423 -33108 8048
30048 0 -30048 0
942 3093 7248 -2097
774 12535 18341 -32920
9107 2602 -9107 3903
6905 9864 -8826 -241
24265 48058 29760 3309
1062 4248 4248 4248
0 3968 -23808 0
0 1933 1930 1933
1371 243 -92 898
16371 32742 16371 -16371
12670 11169 -49704 20963
4 2128 1924 -3664
3778 5667 1889 1889
6459 0 -6459 0
24701 5523 -631 -13776
4614 1538 1538 3076
0 46 -46 0
5441 0 -5441 0
24624 12960 -1296 -15552
6479 1056 -3146 14682
3905 4456 5871 -2888
11875 0 11874 -11875
3105 1035 -3105 1035
5768 4 -10736 12720
1607 6 978 -1384
7 24717 19824 -16457
14863 0 -14863 -14863
3 14307 7854 -16239
0 17436 -17436 17436
0 1098 -1098 1098
12703 0 12701 0
985 2309 1204 905
25572 25572 25572 25572
428 5727 5589 19695
4722 28332 18888 42498
281 77 -201 -295
19084 0 -19085 0
495 275 495 -440
19869 0 -19869 0
11341 9133 5593 6574
2765 2705 -2267 4531
21352 39486 -16990 80007
10877 20176 42511 -20578
5385 5026 -5746 -1797
12768 14896 17024 -4256
17313 7918 12466 -59192
0 1477 1477 0
1157 704 -1214 -2601
8129 4939 16693 12164
16496 0 -16496 0
39465 0 -39467 0
1598 2006 -1394 -1972
0 14152 14152 0
3599 12104 -7815 240
5342 38800 -33223 -6395
974 3499 2817 8924
32172 35320 3820 -20930
45555 18222 -9111 18222
3288 8220 18084 -4932
0 7107 7107 0
0 2007 -2007 0
0 28157 -28157 0
0 15624 -15626 0
7298 10502 -12816 -14418
39699 22055 4411 -22055
22001 7 33327 -11319
39981 8912 -17401 -30406
0 24628 24627 0
22432 12553 -26208 -30757
3696 18480 -3696 7392
34784 39132 26088 4348
14408 4 9864 -14368
0 20650 20650 0
11070 4428 -17712 6642
3205 2950 1382 -3622
13736 5433 22562 -12793
3188 4782 -1594 -3188
8611 8611 -8611 -8611
5315 5315 -5315 -5315
0 3716 14864 -40876
33180 19908 -26544 -26544
2217 0 2217 0
24045 20256 1378 -47681
6987 6168 184 -4302
6542 2358 5484 10192
6190 9315 14021 48163
0 26406 26406 0
19335 762 29259 22947
14790 15426 -6503 -16747
0 7766 -15532 0
40122 13374 13374 -13374
44 0 -44 132
44375 39050 8875 31950
5745 15298 -8854 -22546
28621 31950 16090 -34506
4688 9376 23440 14064
6834 0 6834 -6834
10467 3489 13956 -3489
3090 4120 3090 2060
0 17118 17118 0
21802 0 21802 0
0 8567 -8568 0
1496 1496 1496 1496
31372 0 -31372 0
20668 6351 2140 3286
20564 35987 -5141 -10282
0 7072 14144 0
46 0 -92 0
27168 0 -27169 0
851 560 3701 4981
1548 5160 516 4128
5932 0 -5932 0
5440 4352 -5440 -1088
0 1530 1530 10710
13422 1276 566 -18168
30381 3772 -62818 -12470
33894 39677 -11174 7822
25263 22822 31161 -27923
16425 0 16425 0
19768 12424 18324 -6419
25670 5134 20536 20536
30274 30274 30274 -30274
4146 24876 37314 -4146
21896 21896 21896 21896
40268 20134 -20134 -20134
15147 1081 -4613 6364
751 0 -751 0
16227 5138 52154 5990
1023 2387 -9889 -8184
39961 23643 10922 15374
19121 0 19121 0
1197 5108 -23490 756
13470 5095 36008 -3870
13932 17485 -2634 -16477
10535 220 -4011 -15817
11096 18400 -13912 -16136
5237 460 9366 3949
1478 0 26604 -14780
23 60 80 -50
14248 14429 15551 3616
17093 17093 17093 17093
2299 0 4598 -4598
15232 11424 22848 -3808
21165 5727 -19920 -8217
18807 6269 -12538 31345
12942 12942 25885 12943
673 4711 7403 -2019
0 2857 -2857 0
28783 35689 -51676 23717
2514 5028 2514 -2514
0 16402 -16402 0
0 13987 -13987 0
2378 8958 8412 7901
332 5226 -1916 3855
28539 28539 -28539 -28539
23820 7940 -23820 -7940
3205 0 3205 3205
5001 30006 -35007 -35007
18305 0 -18305 0
5832 3645 6561 1458
5523 40502 29456 27615
7256 0 -14512 0
16313 14564 -10645 -35542
2996 10369 9593 -15302
20429 14481 19572 2719
261 174 696 870
16720 16720 16720 16720
1063 82 1334 293
0 2923 2921 0
3011 4878 -1848 -6326
12243 12243 -12243 -12243
20718 11813 17559 23441
0 422 26586 12660
3978 6630 1326 -2652
2874 1764 -877 582
4191 0 -8382 0
6093 3573 2285 -10214
4220 27430 -2110 -10550
7215 8190 -2730 -8385
15129 17842 -12178 -2792
14034 9609 -11057 -9692
2632 6016 -10 4761
23808 29264 16368 9920
0 23866 -23866 0
7812 3619 7892 -440
3382 3382 -3383 -6764
35030 21390 -620 39370
2928 23424 -11712 -2928
15231 15231 -15231 15231
12643 15809 -42431 28969
595 595 595 -595
4813 5062 8262 588
0 3221 -6442 -9663
0 9093 -9093 0
6914 25034 -42629 -19177
8804 9425 -1758 -4597
12661 6011 -6954 32088
1445 8892 27096 -34709
2084 4137 -2265 14246
25929 9133 69677 -16706
23810 19679 -56454 -36832
7651 14483 -39832 30946
9597 10382 11015 12335
1062 531 531 531
4636 0 4636 -9272
7520 9400 -5640 -1880
4784 14352 -23920 9568
6224 4 -3764 -1424
0 45707 45707 0
23362 0 -23362 0
16852 0 -16852 0
3765 0 -7530 3765
1 34548 28409 29461
7051 9428 2084 14687
5239 888 -626 -3778
13202 29224 -56214 -18886
29706 31325 27545 -56251
4174 0 16696 0
4072 6910 -3159 -13904
1368 10572 2790 2191
7236 0 7233 0
4350 9570 7830 4350
4617 3131 -8911 -8662
1365 1607 66 -3431
0 14794 -14797 0
