100
246 270 -336 324
63 63 63 63
0 52 -52 52
89 52 68 97
45 217 -150 -119
106 24 89 -250
0 218 218 0
0 349 -349 0
16 112 -96 -48
328 0 328 0
232 232 -232 232
188 0 185 0
88 40 22 -39
0 137 -137 0
0 146 292 292
136 8 128 112
0 252 -252 0
153 51 -51 102
174 0 174 0
129 129 131 -131
28 70 14 70
160 200 -45 280
138 97 199 184
282 0 282 0
19 17 -9 40
0 168 -168 0
0 1 235 97
160 229 359 543
228 0 228 0
0 83 83 0
76 108 -140 116
40 0 -40 0
18 0 -20 0
184 41 315 33
402 6 309 -361
136 136 -136 -136
165 220 55 -220
223 181 -85 -39
0 258 258 0
374 288 -138 212
159 0 -159 0
1 1 -1 1
65 110 -289 -2
246 246 -246 246
174 259 -126 540
0 242 -242 0
92 16 -27 -81
153 102 -51 -51
12 52 -265 -147
243 56 172 103
91 52 78 -52
0 298 295 0
218 48 90 -273
57 114 -172 -172
80 184 48 40
30 232 -12 -278
0 208 -208 0
0 82 82 0
148 0 -148 0
74 153 -130 -5
7 36 -29 64
3 2 1 -1
12 13 10 17
138 276 -138 276
408 136 -272 272
197 174 113 173
18 8 28 42
20 240 163 -62
123 0 246 0
374 139 305 -311
138 230 184 -138
81 7 11 97
97 291 -97 -97
149 111 -107 98
47 13 -55 -50
0 428 428 0
6 132 174 -150
36 20 13 -93
109 218 109 -109
64 64 64 64
17 166 264 215
162 15 -218 -261
168 84 -84 -84
45 15 15 -15
18 33 41 10
228 79 -150 259
270 286 563 227
138 0 138 0
234 78 -78 -234
0 229 228 0
370 243 520 725
99 0 -99 -99
32 352 288 224
68 136 -76 -68
25 0 -150 -50
175 175 -175 -175
164 0 164 0
143 1 -1 -27
221 0 -221 221
6 10 2 -8
