23 33
2 459 316 362 78 115 221 9 649 448 573 180 324 352 328 590 601 574 259 345 299 509 347 503 101 237 99 360 78 287 103 31 358
248 170 103 296 245 424 319 288 401 215 533 661 85 182 96 630 359 140 615 381 425 236 624 541 633 413 342 563 373 452 631 16 364
613 460 323 375 165 179 599 664 556 47 63 637 92 27 74 132 665 205 13 18 154 86 213 392 530 660 61 349 382 129 61 293 629
238 371 167 282 571 494 558 604 100 386 21 640 426 187 56 562 283 378 659 49 542 62 573 282 573 325 11 611 294 502 348 367 494
283 74 240 77 200 210 618 404 433 443 146 431 185 210 611 71 381 428 576 166 305 605 217 401 52 374 250 101 120 334 257 306 365
553 442 439 298 351 628 458 211 27 122 6 399 268 561 589 510 535 490 236 501 399 527 397 29 362 512 314 616 104 304 12 503 250
526 224 314 130 629 169 153 65 49 205 149 417 297 522 648 328 500 124 416 244 649 293 145 96 30 100 623 644 44 256 463 494 431
457 167 482 408 247 426 562 656 634 421 71 210 412 206 264 112 113 51 390 663 17 418 160 629 316 556 52 570 14 49 81 149 401
603 474 200 264 366 321 420 528 122 279 336 188 387 495 278 30 263 18 145 231 575 602 338 416 298 498 137 302 106 354 229 468 38
157 585 457 142 547 112 195 233 287 529 137 588 169 170 511 365 246 258 489 350 29 535 75 67 289 48 473 265 601 573 29 263 267
180 162 289 194 178 220 394 83 335 226 400 380 528 343 499 554 529 411 150 321 37 441 397 22 230 625 330 139 564 174 255 331 647
229 79 275 241 258 534 466 488 648 580 306 418 169 554 33 13 429 627 638 139 82 522 638 215 510 609 659 537 328 623 57 490 545
15 40 41 643 579 201 490 218 194 662 190 305 592 78 287 161 433 273 140 240 28 48 342 101 241 561 328 629 574 538 623 314 143
589 665 295 512 467 372 70 572 337 32 304 209 526 169 334 15 607 433 628 394 427 238 59 277 390 656 65 112 339 6 554 276 477
507 281 109 255 446 555 616 286 163 60 79 476 313 640 62 592 131 57 104 651 572 527 61 435 354 471 135 387 462 424 54 293 359
345 569 267 72 252 184 277 516 121 179 394 19 406 356 125 344 473 93 16 163 309 196 34 431 564 583 585 351 634 332 625 575 20
518 660 120 177 39 137 235 414 288 570 578 404 552 644 88 239 660 437 444 298 68 195 432 230 197 469 592 169 425 87 156 322 519
186 41 649 174 331 82 436 41 348 262 299 583 403 581 184 99 600 4 117 3 78 252 271 47 76 429 199 578 380 516 169 229 623
449 370 431 445 308 177 629 533 444 659 523 183 232 333 270 653 273 466 152 640 203 18 220 572 327 406 233 424 91 167 343 243 379
612 247 194 644 577 579 248 289 292 446 228 102 60 469 302 305 60 75 153 282 212 217 158 370 270 369 502 95 67 107 40 485 62
222 522 54 566 542 71 521 290 40 604 595 606 293 212 614 528 449 582 556 108 554 624 388 542 242 418 312 636 206 573 416 232 111
662 446 289 59 651 364 156 116 645 134 275 144 454 483 105 650 597 647 111 335 486 346 599 470 40 487 290 365 432 6 71 506 485
37 381 507 313 97 465 118 517 113 478 180 528 128 96 509 165 273 107 2 208 626 639 523 552 645 369 621 211 19 533 37 223 500
