2 3 4 3 0 2
1 2 0 1 0 2
0 4 4 0 0 3
2 4 4 2 1 2
0 2 3 2 3 0
1 1 3 3 4 2

-->3（新2）
2 4
4 4 
4 2
-----------------------------
0 4 0 3 2 0
2 1 0 2 3 4
0 0 3 2 3 3
2 3 2 1 2 4
3 1 1 3 4 3
3 0 0 2 4 2

time=25（新2）
-->8
5 2
4 5
4 4
4 4
4 4
4 3
4 3
4 3


1 3 2 0 1 0
4 3 4 0 2 0
3 4 2 2 3 4
3 3 4 4 3 2
2 4 2 2 0 1
0 0 3 1 2 3

time=0（新2）√
-->1
4 4

3 0 0 3 1 0
2 0 1 3 2 3
3 2 4 1 3 0
1 0 4 0 2 2
4 2 4 2 3 4
2 1 4 2 2 0
time=1（新2）
-->5
2 1
3 4
3 4
3 4
3 3


2 2 3 2 0 0
3 2 1 3 0 3
3 0 3 3 1 0
4 1 1 0 2 2
1 2 4 0 2 2
4 0 4 3 1 4
time=14
-->8
5 5
5 5
4 2
4 3
4 3
4 3
3 3
3 3



1 2 0 3 4 3
3 1 2 0 4 3
2 3 3 4 3 4
2 1 1 4 2 3
1 2 3 0 0 2
0 2 0 1 2 4
time=7（新2）
-->6
1 1
4 1
4 3
4 3
4 3
4 3



2 2 3 0 2 2
4 3 2 3 3 0
4 4 3 0 3 1
1 2 2 2 1 4
3 0 1 3 3 0
0 4 0 0 4 3
time=2（新2）
-->5
4 3
2 5
2 4
2 3
3 2

3 1 4 4 3 0
4 3 2 2 4 2
0 0 3 1 0 2
3 1 1 3 3 0
0 0 0 2 3 2
2 3 4 2 1 2
time=52（新2）
-->8
4 5
3 3
3 4
3 4
5 4
5 4
4 4
4 4


3 3 2 3 2 0
3 1 3 0 3 3
1 2 4 0 3 2
0 4 4 0 1 0
2 2 2 2 1 1 
2 4 0 3 0 2
time=2（新2）（√）
-->5
1 4
4 5
4 5
2 3
2 3


1 3 1 2 2 0
0 3 3 0 2 2
0 3 3 4 1 4
2 0 0 2 2 1
0 4 1 3 2 3
1 3 0 4 2 4
time=2（新2）（√）
-->6
4 5
4 5
4 4
4 4
3 3
3 3


3 4 2 1 3 1
0 2 4 3 2 0
3 0 0 2 2 0
3 3 2 4 2 2
0 0 4 4 3 2
3 1 4 1 1 3
time=1（新2）（√）
-->3
1 5
3 4
4 4


1 4 4 4 2 3
2 1 2 2 2 1
4 0 0 1 0 3
2 0 4 2 2 3
2 3 2 1 0 0
3 0 3 0 3 1
time=17（新2）（√）
-->8
5 3
2 4
4 4
4 4
3 4
3 4
3 4
3 1


0 2 4 1 1 2
3 4 1 0 3 0
1 3 3 3 2 4
0 1 1 0 2 2
2 2 3 0 0 2
1 4 3 3 2 4
time=4（新2）
-->7
6 5
4 2
5 3
4 3
4 3
4 3
4 3


2 0 3 2 0 2
0 2 2 2 4 0
0 4 3 1 3 2
1 4 3 1 3 3
3 0 1 3 0 2
0 4 2 4 3 0
time=3（新2）
-->6
3 5
1 3
3 4
3 4
3 3
3 3


3 3 2 3 3 0
1 0 3 0 1 2
0 3 4 0 4 2
1 0 2 0 3 4
3 1 2 4 2 2
1 1 2 2 0 2
time=5（新2）
-->5
2 5
5 3
4 3
4 3
4 3


3 2 1 3 4 1
1 2 2 0 0 4
3 2 2 1 3 1
2 0 2 3 0 3
3 0 1 0 0 0
2 3 4 0 2 4
time=10（新2）（√）
-->9
4 4
2 3
2 3
3 4
3 4
3 4
3 3
3 3
3 3


2 3 3 0 2 3
1 4 1 0 2 3
3 0 4 4 1 3
2 2 3 0 4 4
0 2 3 2 0 0
0 2 1 2 1 2
time=2（新2）
-->5
6 4
6 4
5 3
4 3
3 3


0 2 0 0 0 2
3 1 2 2 2 1
0 2 2 4 3 1
2 3 2 3 0 3
4 1 0 0 3 3
1 2 3 3 1 4
time=9（新2）
-->7
1 6
3 2
4 3
4 6
3 5
4 4
3 4


1 2 1 2 3 2
2 2 0 3 3 4
4 0 1 3 2 2
0 2 0 1 1 2
4 3 2 0 3 3
1 3 0 1 0 0
time=31（新2）（√）
-->9
3 3
3 3
3 3
4 4
4 4
4 4
3 4
2 4
2 4


0 0 2 3 3 0
3 3 3 1 3 2
2 4 3 4 2 1
0 2 2 1 2 4
3 2 3 1 1 2
4 1 2 0 1 0
time=87（新2）（√）
-->8
6 5
6 2
6 3
4 4
4 3
4 3
3 3
3 4


4 1 1 0 2 3
3 2 0 2 3 2
0 4 2 2 3 0
2 2 3 3 0 2
3 0 3 1 4 4
4 3 0 2 0 1
time=0（新2）
-->6
2 2
3 4
4 3
3 3
3 3
3 3


2 4 1 3 0 3
2 2 3 0 4 2
0 1 0 1 2 4
3 2 2 3 3 0
1 2 3 2 1 4
0 4 0 2 2 0
time=11（新2）
-->8
2 1
5 2
5 2
2 2
5 3
4 3
4 3
4 3


1 2 1 2 4 2
2 4 3 3 1 2
3 0 3 2 0 1
2 0 1 4 2 0
1 2 0 1 4 2
0 2 3 0 3 0
time=4（新2）
-->7
5 4
5 4
4 3
3 4
3 4
2 3
2 3


2 1 2 2 2 0
0 3 0 4 2 1
2 0 1 3 2 1
4 0 2 3 0 0
2 4 4 0 3 3
1 2 2 3 0 3
time=17（新2）
-->7
2 6
4 3
5 5
2 5
2 5
3 4
2 4


2 0 2 4 4 2
2 1 2 1 3 3
1 4 1 3 2 0
3 3 1 0 0 0
1 1 4 0 1 2
0 2 3 2 0 3
time=78（新2）（√）
-->10
2 4
6 4
3 4
4 3
4 3
3 3
3 3
3 3
4 2
3 2


3 4 0 3 2 3
2 2 1 0 3 1
1 0 4 2 2 0
3 0 4 2 1 2
2 0 1 2 3 1
1 0 3 1 2 2
time=26（新2）
-->8
2 3
4 5
5 3
5 4
5 4
4 4
4 4
4 4


4 3 0 0 2 1
3 3 4 2 0 3
1 2 0 1 2 0
0 3 0 1 2 1
2 2 3 2 0 1
3 2 1 4 2 0
time=2046（新2）
-->12
4 6
3 4
3 4
3 4
4 5
4 5
4 4
4 4
5 4
5 4
5 3
2 3


1 2 0 0 2 4
0 4 2 3 3 2
1 4 3 1 1 0
0 3 2 2 1 3
2 0 1 1 2 0
3 0 2 2 3 2
time=1333（新2）（√）
-->12
2 6
5 4
5 4
3 4
3 4
4 5
4 5
4 4
4 4
4 3
4 3
4 3



0 1 3 3 0 2
1 3 2 3 0 2
2 1 4 2 4 3
1 0 4 0 2 0
1 2 2 3 0 3
2 2 2 0 3 0
time=12
-->6
2 2
5 2
5 2
5 3
5 3
3 3

2 4 2 3 2 2
1 2 0 0 3 1
1 1 0 2 1 2
3 4 3 4 2 0
3 0 2 2 0 3
1 0 0 4 1 0
time=28（新2）（√）
-->9
3 5
3 5
5 4
3 4
3 4
3 2
3 2
3 2
3 2


0 1 2 1 1 2
2 2 1 2 3 0
3 2 0 3 2 1
0 2 1 0 0 4
0 4 0 4 4 3
3 2 3 0 0 3
time=197（新2）（√）
-->10
1 3
1 4
3 4
2 2
2 4
2 4
2 3
2 3
2 3
2 3


2 4 1 1 1 1
2 3 1 0 1 0
0 1 3 3 3 3
4 3 2 2 0 3
0 4 2 2 0 2
2 0 2 2 0 0
time=296（新2）（√）
-->11
2 5
1 3
1 4
5 3
2 3
2 3
3 4
4 3
4 3
3 3
3 3


3 2 4 0 0 2
1 2 0 0 1 3
2 3 1 1 2 2
2 2 2 3 3 0
2 4 2 0 1 0
3 1 0 4 0 1
time=28（新2）
-->10
3 5
3 5
5 3
4 4
4 3
3 3
3 3
3 3
3 2
3 2


2 0 0 3 2 1
1 2 0 3 2 1
3 3 0 0 1 1
2 0 2 2 4 0
1 3 0 2 0 2
0 4 1 2 2 3
time=984（新2）（√）
-->12
3 6
3 6
5 1
2 4
5 4
5 4
3 5
3 5
3 5
5 2
3 2
3 2


2 0 2 0 0 0
0 3 3 4 0 0
2 0 2 3 3 2
1 1 0 3 2 3
1 2 1 1 1 2
1 4 1 2 3 0
time=1509（新2）（√）
-->12
3 3
5 5
4 5
4 5
5 4
5 4
5 4
4 4
4 2
4 2
4 2
4 2


1 2 1 2 3 0
2 0 2 0 1 4
2 0 3 2 4 2
2 2 3 3 1 1
0 0 2 3 4 1
0 0 1 2 2 0
time=52（新2）（√）
-->9
1 2
1 2
4 2
5 3
4 5
4 4
3 4
3 4
3 4


0 0 3 3 1 3
2 2 4 1 2 1
3 3 1 1 2 2
2 3 2 2 0 0
4 0 1 3 4 0
1 0 0 0 1 2
time=126（新2）（√）
-->11
5 3
4 3
3 5
3 3
3 4
3 4
3 4
2 4
2 4
2 4
2 4


0 0 3 2 2 0
4 2 0 2 3 2
2 1 1 0 3 2
1 1 2 3 0 2
1 0 0 4 4 1
3 2 2 3 1 1
time=1852（新2）
-->11
2 5
4 6
4 2
4 2
3 3
3 3
3 3
4 4
4 3
4 3
4 3


3 1 0 3 2 2
2 2 0 2 2 0
4 1 1 2 2 0
1 1 1 2 0 3
3 2 2 0 1 0
0 4 0 3 3 0
time=2629（新2）
-->14
2 4
4 2
4 4
3 2
3 2
3 4
3 4
4 3
4 3
4 3
3 3
3 3
3 3
3 3

3 1 3 0 3 3
4 1 0 4 0 2
1 2 1 1 1 0
2 2 2 2 2 0
0 3 0 2 3 2
0 2 1 1 2 2
time=343（新2）（√）
-->13
3 4
5 4
5 2
4 4
4 4
4 3
4 3
3 3
3 3
3 3
3 2
3 2
3 2



2 1 4 4 1 2
2 0 2 0 1 1
2 2 3 1 0 2
3 2 0 2 0 3
0 0 1 3 3 1
1 0 1 2 2 2
time=857（新2）（√）
-->13
4 4
5 4
4 2
5 5
1 2
3 2
3 2
2 5
2 5
2 5
2 3
2 3
2 3


1 1 3 2 1 2
1 0 3 1 2 1
4 2 2 2 0 2
2 4 3 2 0 0
2 1 0 0 3 2
0 2 3 0 0 3

time=605（新2）（√）
-->11
1 5
2 5
3 4
2 4
2 4
2 4
6 6
3 3
3 3
4 3
4 2

4 0 2 3 3 2
2 0 2 4 0 0
0 4 1 4 1 2
3 2 4 3 2 3
3 2 0 0 0 3
1 1 3 3 1 2

time=0（新2）（√）
-->5
6 1
4 5
3 3
3 3
2 4
