100 60
0000000010100001000010000000110111001111111110010101001000011000001110000100001101001011111101000110
1 31
3 12
5 91
6 86
8 44
10 58
11 96
13 68
15 28
16 54
18 61
20 84
21 25
23 71
25 36
26 51
28 38
30 63
31 94
33 67
35 96
36 72
38 52
40 56
41 73
43 52
45 55
46 49
48 85
50 52
51 86
53 75
55 99
56 70
58 87
60 88
61 82
63 74
65 74
66 80
68 99
70 70
71 81
73 84
75 93
76 82
78 80
80 80
81 94
83 93
85 87
86 98
88 94
90 91
91 100
93 93
95 100
96 98
98 100
100 100
