12 15 2900
1949 486 848 2599 1340 1027 809 1790 1191 1750 2030 95 30 2644 2384
2804 2747 2715 1603 2455 1728 1073 734 1166 2736 394 2283 2294 1494 2138
369 525 1865 514 2204 946 686 967 1525 978 2297 2625 1035 2734 2859
2248 2484 837 310 1067 677 512 2400 2748 2826 1372 312 344 1025 2751
2704 1944 485 297 137 1860 1708 527 2872 2670 2286 2208 832 2672 2211
2225 2542 2370 821 1253 2381 1160 1815 1690 2834 481 2891 2802 2823 1581
2347 2663 2242 1862 2364 202 2862 743 1776 1834 2803 2801 1986 2640 81
2400 1720 1190 1283 511 2411 851 1845 2572 2832 21 2853 2864 1611 2255
2740 2761 2319 1628 419 2829 1191 1519 2163 759 1098 2480 1753 2308 2772
2296 2799 1012 318 869 2465 2834 2732 974 2414 1224 1405 1718 2309 30
19 1947 2509 628 596 1175 1854 336 2275 617 164 2384 685 175 1515
468 2633 306 2822 1738 2612 915 479 674 1619 682 56 790 2672 2587