70 90 1700000
1687535 1052566 1442751 561522 1308857 783649 1422363 577562 9118 1052101 1675438 1093764 28382 1653108 1278508 182171 333389 307042 981330 1456515 74265 326454 1645877 1404935 1600038 125937 662350 13301 1603554 867624 42103 222474 1561811 981138 1518059 738138 97981 161440 371925 1409381 183856 550776 1539562 701962 1468959 1569763 642258 1003051 1508616 59129 1599754 1401603 1536763 609866 1407037 260796 313047 820663 629672 338442 143364 722992 1484197 1452076 165245 1236529 595799 180434 1459059 632885 1078935 414724 1506085 291397 439371 846817 828114 5767 1673316 1074385 1512992 1159428 1191005 1019481 844413 401666 1217523 1482065 1317758 1532190
96612 646881 757656 493135 1544622 830408 570260 1595416 786156 769745 289157 390399 122501 1084512 135281 1284314 1615004 735317 611245 880315 1398184 1275518 1377471 143751 1640589 507930 780614 212971 402805 1451537 555147 1274424 96300 1212937 1377434 479232 1516863 111468 582547 729527 1633164 701848 352160 367782 736325 84866 1637338 1117183 59870 783838 1132729 1448648 1111739 947829 938271 199931 326722 21985 1559232 866820 120245 283057 1596703 776718 1403986 1463626 249159 337795 861133 1625917 483779 1183488 1421622 1432814 597062 1098856 1387833 1528542 1505769 65899 388902 816067 1559126 725182 563084 1310985 500837 993124 735091 283912
1491525 750800 292008 743624 9082 1297723 1047360 964378 1060855 202525 777602 429699 1364028 1632077 1697403 75956 950285 1010948 1118811 1558011 303041 791785 315821 113704 77243 95544 25162 265406 1644166 469697 246439 1578724 681377 1279396 1568373 1265052 735687 1454964 1128369 763087 957258 39772 910067 569442 1686309 532700 1393477 1041673 583345 1557974 393511 463597 1173664 380471 240410 39666 1464854 507262 548322 1613354 938196 1292279 1602162 106457 1313269 882388 915631 277152 570939 673675 1629188 664319 905722 300785 1456058 117878 464452 916865 915857 1584526 688470 961154 996607 966696 659772 324291 518335 276840 121129 827421
566543 1199283 311091 1379098 1374197 1149476 65636 300913 1433692 403050 668118 1671957 1312805 1095993 968411 605760 1621364 466065 136868 25308 609158 322826 787945 147050 27349 1605351 693937 1627561 829759 1241689 135939 644005 837465 39050 1251823 1471370 1582717 1159727 136359 513155 237536 1416841 936762 271582 1236949 1641899 145402 834856 369245 372186 1042913 898692 1443401 640288 1280244 1470863 324465 997877 594519 284318 41181 1235940 1654832 282100 475416 422027 832622 248876 1338019 1442846 636786 989424 885486 537248 982862 1391271 430670 458833 507030 571690 1110814 81742 906325 1242796 1536532 1549170 486957 467737 84126 1646639
299653 1263981 1354650 763988 1495138 616360 1219054 733204 385487 1379374 1559776 1485847 818975 583025 326487 939557 1467308 149662 1676705 1183436 591152 1241798 1022819 630148 836388 827296 311517 119776 1396922 1446238 1393410 1075568 655632 152491 511040 1111250 332960 943965 42699 368731 969316 556994 717138 1049083 1644973 835650 1185755 1574336 1685642 742151 515676 1536499 240787 1253328 561947 1386431 550898 1513718 890066 489788 420172 382625 1107714 192835 1345597 355094 380588 294 693313 916856 1223914 1052140 119381 1457929 10653 451209 906005 1584641 844981 1007094 132063 184843 530224 396170 495156 495852 182856 1554075 975484 112640
169841 344366 1387541 1188733 1150802 1553572 967619 253675 396670 151480 685733 589304 671087 295587 1313925 377004 1586511 1368246 606963 1349530 833863 1074087 614122 1310763 1407366 848159 361147 127437 20118 1272361 924028 1022947 485217 1131066 90518 1647622 1145590 381365 55436 916960 174457 728544 1594251 1581941 556342 574979 932571 274159 200371 383771 1522534 338265 1499759 345278 1529219 817127 355524 943346 200186 1625639 787140 1663391 1662995 1639701 1259425 1132133 1384093 113810 1529348 835662 350927 1055912 132801 315151 733731 652411 1379203 654747 1407275 1591308 943896 665706 717665 1228273 414350 69863 1100995 974689 879687 685931
68744 1467242 123240 1130373 1578283 234715 718070 654145 904035 624468 911239 1602478 450351 1506805 314185 225137 562920 617703 556340 709965 10918 793507 936204 1306520 1358057 387619 1518729 234464 1374059 1247424 840331 1672039 1376313 1051148 1126201 963721 205947 987841 684467 725510 447307 1367403 1213624 1304237 803796 456726 547873 570051 618935 670014 1305047 630148 1298147 546975 797040 1226406 529109 307109 1226492 1173592 796737 160384 1513756 1693252 674907 830199 1151242 740109 1136123 957247 426778 788616 21851 1321090 1653420 677149 251492 821066 213367 1178388 488352 1604007 1179885 1100480 1510013 806656 705540 117884 592739 748208
165479 373418 929704 449820 37789 512658 728010 180784 1684485 1653955 708142 1597924 1366055 1616915 501779 916247 716685 340456 1056475 1163317 1337686 161118 1409753 934916 1611551 438861 398236 167885 1375422 1133644 1684300 858201 1635594 1306648 145261 632273 135041 455201 1447109 1098039 972847 359093 758803 1191480 436525 1168207 1504232 128480 269331 1152360 1658571 1370625 807061 1378365 701074 1553977 1283873 1043539 840026 1423815 391077 99265 727460 1574632 517845 619776 1447505 915180 1094877 617977 1171655 601241 1313333 663801 885109 571254 470045 1539550 469847 139638 58273 1431736 1191389 122379 79701 198464 1313462 751733 129392 1012387
1333198 1526305 300451 969999 1614351 1330028 879640 1090042 1062114 1187338 1417780 1629250 1038279 117673 985163 1158305 598081 1415192 942107 297402 796517 1592125 1449049 1187874 623790 652 1637890 908259 542227 566203 1374355 872824 1158068 1251764 912825 1350108 952826 1356812 634466 185624 1649017 748100 683596 457293 1154455 98793 954015 109062 112591 451243 1010830 419368 1612367 629093 459097 188331 1587606 817429 1695890 1430265 549734 660805 1572962 218463 983512 432655 850254 1047254 692174 1319200 1224347 158026 1307507 313950 1668046 201696 291289 1224585 220975 454987 1278976 4840 1074172 678097 71053 414444 56037 815290 724405 196281
697783 1462320 1544334 1414601 665890 1062442 1659763 703563 689559 128024 1124905 134359 824333 599927 790495 1325428 1070273 211573 267796 451068 175065 601722 415339 1445208 334605 1168384 15039 136873 78936 1209123 159772 1141328 742640 343738 1088529 119875 1302522 1660247 1677781 981530 1075606 476747 1123233 994949 538870 1020486 673055 144707 1042944 84782 428400 1217246 1440290 607123 193233 1174165 4211 98748 1423393 458140 244175 632346 1235088 1054915 515478 170424 1545510 460625 747150 1534021 460029 1332478 1251974 292385 883882 772824 189645 1595568 912513 825332 330006 208802 272187 1638441 1014053 409246 1675410 768863 992011 1407301
977481 832521 1058215 13149 1101016 488386 1685820 194850 84204 887051 1340659 770900 915063 5318 787583 1624406 581317 817941 405196 1634887 618286 836109 1467209 1052122 813300 177964 67781 151999 1433371 476897 245398 1555389 487210 647087 1526758 620657 1697791 18482 1244598 602639 1415700 1637825 802648 741624 657915 1468208 1093944 31405 1103501 350177 762751 1663362 66109 986614 1315931 972882 1102905 721812 160122 1390026 1158354 538444 1181746 357477 1249999 1119623 603123 111260 1242803 851678 275354 366269 1411739 268304 1308766 1385516 383166 117041 1332435 1071276 727658 1346439 1275222 910672 935261 1656929 777235 854449 388084 779749
779811 843788 1513619 388343 91140 1674942 1334281 1685821 1612024 664643 389410 1609688 606807 402867 1157648 1308204 1084714 1442494 313189 1301643 1231436 1127118 848585 1295542 1090078 44417 1157463 181305 1312801 189848 1643010 904899 1252864 1622983 446010 1071087 851528 920272 636480 74404 1047795 224896 1108757 1643208 105436 1546581 358272 664552 1318424 1341048 644818 280224 1131734 1532256 757036 485550 1272428 1012713 882916 200623 1210952 408079 839218 231966 896978 1371627 786496 1353947 1571399 1027140 529638 136964 516702 568040 331364 786625 977395 1564240 920668 92939 201173 625523 810849 174237 1691008 1302555 1338642 571202 641370 1628364
1421226 193673 640489 308252 333520 287221 973239 1230313 1338262 1532584 1631647 267958 609516 1103411 379692 1051798 1666704 1252197 313517 758598 449130 690211 1109492 31376 462180 1215789 1298287 933435 1084427 1388907 710355 951769 762240 127050 827726 253681 682229 178033 275771 1056371 630957 735055 370092 181303 188438 739188 358968 999198 732843 1530861 1303768 881920 332467 1304091 170083 874483 753772 238298 1253828 1625983 422964 1657862 690382 356171 876586 88597 506629 780130 1557371 208623 734061 249761 171202 1247300 1268032 585606 1453359 773862 966434 1488101 1417487 323431 1304941 799079 780364 665213 19549 1626755 3061 568446
23956 430009 1370128 1003760 1396192 401011 1693999 1000312 1589518 431258 1530850 94509 1100186 331387 1260552 1091930 1188014 1492527 1529313 548359 1207413 1545341 807246 289753 193078 1239475 1293598 1176497 40002 265596 438019 1542827 1239915 1592324 861014 487422 1441539 745993 1349619 42245 986086 859304 905066 409183 1405167 21585 1691070 181060 116888 808042 732758 16019 416520 1488896 838134 406457 1137405 1062446 973501 1486407 1523824 89603 244360 460569 112283 135204 1328290 398598 1275024 1258977 1616393 867941 1043148 799554 1399267 1326218 313986 590529 174205 449104 1622091 694108 1437097 183238 1600653 154068 622936 1258791 1303326 762259
1064522 1197643 908245 768516 69341 730776 74787 1549390 216689 1199180 573396 1160857 672090 668642 467884 1067597 927307 1359400 971656 927121 536271 1260654 430589 1157226 844827 1154737 994548 943354 1522398 1480613 258859 1105427 1284723 1561408 1658083 1457933 1017949 117434 529344 1392286 99588 654416 1682316 1211157 1389915 1612690 106349 414323 1485218 291266 1290421 1268983 84850 856344 760260 1213671 1462839 77513 155752 875743 1038458 1542535 401088 907805 362438 1384349 928882 1410575 1073497 1109869 1699717 1503534 1551568 475576 1362329 641831 1257848 1408332 527634 711478 98339 128899 805735 66928 1633926 1192154 996620 506464 476372 961928
530910 1196288 411703 1081672 3920 1033408 26701 812543 1521549 900027 568822 1437206 82509 1130828 322277 1081074 1040184 1086044 1620738 783456 594530 1359311 1198204 69052 475850 688843 442962 137890 941218 996728 622858 104975 299685 935218 1519644 1553638 20221 264090 829994 830423 1315345 378838 437860 953328 743791 1446513 1478855 784830 1458240 113048 879454 1057984 410043 654140 309457 1307075 1046429 111184 1288489 1128080 1248396 564559 209484 1338563 284795 1690350 830521 1489852 1333777 1091553 109827 974467 720061 1112479 1322755 452470 1413962 863221 1057925 1364699 449775 514218 1214649 785076 626575 337200 240728 611708 238481 77024
1621647 909386 1073712 197420 1305744 32810 485777 874616 1576940 113751 488543 96333 318126 1036281 416408 1628494 517601 1485760 492053 830938 732639 990176 1319232 406445 815857 1510260 123252 333488 269854 150710 1492355 804521 602205 314136 1474259 1097765 1578897 356013 60934 176304 1641430 22778 530242 573278 1100237 1171420 21029 983073 801302 1688319 980700 48284 227084 476502 1388662 1009542 1167099 517362 208168 968555 1383081 1601626 1639694 327670 1371916 1689267 988616 212545 599720 1161624 259536 1184777 1049104 1363554 789590 137702 1232317 1242969 985464 79558 823481 1252099 964070 971207 1142184 1636546 3811 976848 422626 1591972
505835 757698 1393028 1114746 1388312 50116 1327841 611017 184767 167136 960423 1154304 282883 1194419 1429496 1590682 1532674 196253 947855 1397191 137838 606362 419617 657456 219768 922163 1624281 1500860 1318510 1609494 1278197 744864 190960 1215685 1519015 1593726 1130319 959162 145419 941882 1564342 1244963 757513 684679 243413 721403 74655 1129496 1291473 1642422 1239091 744515 426019 726140 317965 291750 903220 517793 954222 1583770 997630 1670122 769768 163714 304298 1324090 1266375 885487 204071 1225685 1382008 673449 934926 802462 1065145 166034 142700 82987 1213978 1007487 878842 1425630 422541 493244 1468899 103474 927184 713135 1584901 362447
678937 66372 91691 651208 708562 923288 962880 1083124 1406136 1397001 887108 1221119 1609149 543702 1044739 402569 1604626 547765 512430 88946 1102969 934939 1226951 818954 891389 607773 1624051 1036118 960676 1139917 540223 1573977 905028 1589435 930856 121270 544899 287444 208064 261413 293117 413784 488405 1133660 1159532 469123 927689 1498526 1545552 1357236 1631788 44474 772417 963994 715924 1227548 714448 416321 1558060 432046 111190 157710 1428494 1479913 978954 307895 1159416 540460 1126112 618905 891176 295309 706505 1343954 611450 1214112 505388 543220 404181 293682 1133352 1362239 1022830 85618 1306689 1215411 1381439 391693 1532207 103746
1081763 1452004 1041610 1555822 840628 952680 604383 1368845 1484199 293332 661822 1249923 1298469 1006992 1292892 862217 875189 804491 1670630 232969 800630 292061 87550 843970 892211 443947 1385611 1159063 1507120 1238412 1200037 1491850 1286932 467615 1054691 439423 65822 295877 358582 915774 1003481 331291 737770 393538 332361 475476 1581181 1652707 583147 1132647 424691 324886 12609 1108881 705117 1261372 646798 838637 221341 537174 375942 1593948 324925 903770 511567 578271 227141 1632336 1332137 1590424 173645 1566695 1418146 237686 1508747 1365028 538065 1466610 1329425 227370 467134 476559 483753 277052 1664459 1282854 967111 879221 1014876 1042780
327346 1535793 1165845 671272 1354016 1310069 596118 257871 1373007 357333 1621571 1203597 1595730 1591133 1555357 947481 1131514 850969 374069 115185 1260324 889736 375868 129510 226137 691008 1654556 685796 1585484 1203201 273937 1039965 1440577 1514365 464234 919409 1295642 1062740 1617210 194953 1440392 96548 854131 1414663 614293 812567 147169 1069554 908452 768479 419893 799631 1584572 1367643 483552 484102 1179907 154328 472777 947572 728939 457166 1187828 1636876 268750 1122147 225939 1410047 211293 192617 1391686 1330724 1578471 1601353 25423 1069425 1126717 1093778 388365 641201 1493881 672339 507825 1623977 205912 514895 924299 927747 1134457 563153
692643 1054182 869188 831358 1313151 1533102 239337 532277 1286159 1376451 873630 126199 1538548 725689 977432 1563349 961404 291395 22620 194350 1021609 337157 1548611 1680450 691068 837258 1048484 300032 735417 1221694 231645 55027 1562100 1244374 1619513 1123161 781710 620105 828283 475239 1032744 955915 435851 1306296 1226600 802219 608588 418177 1463478 1172093 1024415 178084 758309 672006 1592660 1267295 1148110 962941 1325169 1541274 1248979 639504 1446077 974918 293105 1174336 918498 1126090 432403 924618 1421844 1530689 690882 1570110 405592 760381 1315329 920987 270225 524021 240133 1156047 494537 1581195 164849 707115 671566 1397687 1153676 569496
104099 1201467 91844 449077 256494 78846 548309 1460350 219818 1108986 918101 928057 1238402 276213 652841 293493 1456872 288553 282186 560016 1396778 803230 1277744 573422 47466 612528 60471 1352296 763827 662172 1198045 341818 867005 528750 399476 1004453 1645348 7780 835191 579294 919232 1179750 925013 658421 294754 550016 92029 1552124 213173 1219098 1338629 600706 1137805 1540166 1225291 625804 1254099 488635 1640693 1691787 727359 136793 237551 1172169 958612 55734 1177031 261515 1084447 1117318 463827 759961 19010 722643 269257 716339 898673 853346 1230584 1527575 331961 943825 1317214 1453948 1326081 976753 1200365 79195 464650 731522
423810 777954 1286523 1467604 901288 889178 1005885 1307271 59144 1638310 1270715 212050 1312659 731416 157444 390922 478870 186441 811181 1029034 397735 257417 602100 326798 574535 17012 847987 85850 1568698 760503 883178 462178 542490 358003 1236449 1674661 988144 516782 247645 400430 1263305 1361922 1076040 1146164 270237 1078788 30469 1426815 188688 1406200 733036 1162609 1501598 1651880 512519 61008 944688 359663 827414 52935 1385166 732790 778383 1144248 636803 1668181 691751 285160 385820 1029632 1437812 668021 570818 559668 981368 1039513 994389 232755 922427 1469509 1034004 1196356 1005944 57787 1281737 778481 1060439 1394473 24984 1255035
291447 1459616 937675 978663 1211404 185119 1126499 146528 1305461 977658 262613 312778 613738 672743 145632 432372 1060138 289955 1200707 699791 1545547 1148860 575759 436233 73477 1228702 1035609 61047 973565 209443 1369940 10730 506115 1335441 378940 131565 478155 925550 268439 730077 302686 1026634 455297 145896 1052958 1485711 1122210 229162 1471440 1681584 754063 506197 1241659 810762 607899 661796 1559669 822438 874816 750276 656593 1253279 397874 723685 1686936 144175 1586808 821712 1554139 1337568 759158 1694061 885781 167380 1159218 230664 1039498 624655 112712 1190774 348057 828686 797150 860972 1515632 1655069 1252040 1445336 244690 1443613
1566292 933797 27390 275120 1277678 1288750 1019920 1480360 779274 1551863 815345 832188 84302 1010721 372879 1605900 666684 1456067 503989 754684 1110607 641507 1121187 1246373 619802 990718 480314 862645 470419 35797 1069046 296891 679759 514620 1307981 801900 96399 5064 877339 474544 1120674 564943 169389 49036 1617095 248240 1343455 1247004 276303 1152390 664149 764792 235425 1301870 75736 1385554 878672 1591236 1279426 1180914 483158 340193 1585527 422073 1508575 1507761 776131 1465839 415796 334132 649263 625632 667883 730869 1455602 1094157 689583 1370532 1666971 1198235 87673 1079340 1294120 812823 1643932 1647138 410799 544381 432746 47500
972071 1689994 345407 1411634 142835 1203677 377951 43917 1175305 1665586 1368229 1049316 1459600 955274 641081 3622 1073671 774033 993650 1295375 604300 1290845 654101 114755 951278 253482 822108 1278588 701783 1470452 1054188 982565 307459 925207 996518 776571 1391969 1617508 177134 802717 568629 723884 474848 1647801 1424841 793735 1169886 227487 417741 1699916 944977 748819 281571 1168045 179183 1544394 111861 126430 208200 998471 877861 951710 760793 1170297 972201 1314714 105366 1161255 1609027 843786 999874 1232460 831005 939797 1323187 361110 1135313 1031886 392671 413435 170300 85717 1473769 659197 1363849 1383172 459348 863909 537472 1047220
817595 274163 621182 364642 340049 1452778 877689 646108 738031 1181288 1333990 1409370 1176551 773113 345830 1649567 1415571 21523 1382332 1212661 558622 874765 1397030 256008 1066165 79238 759446 972941 1670833 1669126 1680833 184644 639915 529803 1377311 1584644 1414310 1257610 618862 746898 1694239 960983 287822 674916 505264 111 224047 1520293 1462635 1569894 348874 137156 46621 397570 379429 698561 338918 1139827 148176 1609452 143460 82989 1168283 1112604 1128597 319490 1061510 1224916 73658 1358368 1585467 180778 651401 659219 425270 1212846 1390074 600567 152339 1340635 597848 948392 592986 1199663 881167 1200012 1403003 622284 538135 33345
330462 843585 655709 799255 735774 1222049 803779 835308 897006 964215 1441595 1326943 1198469 827447 166952 126442 1235021 1006630 1621204 533477 1492479 1658301 1518895 1598244 871399 151682 241013 718414 1689257 597518 1646764 653164 1263602 1402612 897897 684757 1366824 938103 1252043 28677 324291 77978 1401442 425654 250256 651893 447382 581173 784523 1203802 168579 692193 826966 1609755 312539 45443 1468713 1642686 1312512 684718 1275606 1652724 1160462 691123 1200460 1363313 111836 1691969 586973 942979 1239053 1164323 372441 753370 215654 1097602 592801 1559869 144031 1021654 587202 253780 1374708 1414523 226527 636884 836391 1064949 24860 292168
872765 1308370 1110944 625066 1382776 1156449 813114 1319172 1167273 1319346 208041 1482217 549507 1053345 318149 576884 68794 1220465 1547416 889062 1451450 160978 1620637 580115 646170 243047 1299229 408129 843129 255808 354372 1153315 1190065 472585 274359 570139 574740 449810 398354 1054332 1054161 655866 604832 148071 945594 1383488 994383 683030 890770 642655 932749 1644308 547618 112743 245746 295826 168144 1036296 174125 1338441 699688 575761 1104114 1058561 1049468 32231 608417 945425 10504 1216371 1165146 369486 1141856 721529 575782 666004 284877 583242 1048762 998054 561317 596741 341588 733474 343763 379126 1441436 1238259 172317 1467840
824641 942424 359730 344033 797418 1270281 277800 657755 750979 1406337 1294266 1464052 633206 562503 1062125 444260 1365647 243436 30644 1521970 64243 1569458 746324 502409 1658977 1431435 1137592 853097 1067146 4304 336215 813411 1100385 909730 307098 1353940 1532990 1672636 214617 23732 565981 422845 330922 1467803 559579 1094184 285381 49456 1384925 861365 82384 110084 33688 1254708 866102 1043182 1458472 884826 897475 1147449 1565592 383375 1018804 324729 1025449 1355647 222949 1334381 897660 1537153 1379053 1099124 1418159 1528274 1608861 1081844 884477 431712 1087817 645797 305996 24863 1640822 282662 1205107 1074888 303676 190078 457927 1269458
599420 571590 468550 334352 67241 974215 1168251 763924 361972 899713 929179 168838 1467834 1167242 406718 1573201 399039 1364994 180178 829994 1480472 1658651 67661 575307 438332 390135 300547 232215 242393 1027295 766158 1672483 215620 761061 837627 1374703 625239 914164 502992 497845 537062 1080778 768767 202884 1577941 1310400 568088 1183125 78352 1174098 254128 1402672 68170 1696938 1603259 255767 1042116 1322573 1536653 1656610 868064 1348143 444457 1514019 397367 1269321 920726 540460 1670352 1374148 1305499 303488 525821 1244107 1586134 1552666 719247 76704 213402 353329 418259 1172991 816788 1402165 13044 1091029 1130585 1558863 15428 1211546
1192633 341196 1528506 26576 662583 635121 504525 302534 1428968 565917 582991 819281 1176038 1532008 77206 813084 1679665 917028 434516 1263906 29185 1140596 1214546 189597 797071 728252 863677 634566 838359 1037122 1173820 975846 1359457 391003 433409 98045 1486239 471964 1294770 90412 1260965 24342 1322390 1202811 128482 1559838 1357785 351447 1163302 1038770 957356 973462 1367136 21479 740890 529739 1500878 774437 1404875 428669 570818 1585657 625412 1129256 1497480 1028588 1463410 1350553 663090 1216185 1027659 919069 608561 287713 234633 1028079 160131 846552 1378677 1313747 1535725 930770 833619 932901 427660 443543 181144 1458263 1398750 174582
775833 100830 1329566 369841 1103482 1404965 1510647 11224 1324780 1469858 1544641 1313758 328203 1082556 104051 1072675 128893 1611741 932221 68027 965470 821426 944331 95978 734794 443473 505221 300460 1306348 433965 102187 1298078 521913 1480855 679846 1205652 1355702 60055 1449243 275798 555562 1072077 200487 466853 776079 1048928 585533 255093 1121831 1024411 440778 774459 803546 1031187 401046 231731 617578 870457 1187291 613861 1350314 1694923 1189207 73512 402706 1428209 559825 1512552 854224 1048987 821524 711064 17704 1681353 602711 987731 229484 1279492 428863 290688 891030 926221 1239399 645143 1037432 1077047 1437516 1119083 820997 313280
1567353 594722 353203 916302 1683690 989130 790153 1078849 1482994 100183 211012 1212392 639614 581459 663877 1117378 1476586 102654 1508547 40487 996404 7816 960691 953538 268345 103612 592218 1260855 246566 582238 1560645 548477 283559 183885 412203 1603096 174478 163053 998127 227291 1419743 1411573 1101203 1683584 1443070 1051916 403850 18739 1255033 1332170 165509 1576054 623160 653267 1325669 1528109 49170 1056999 1656707 1393284 1450502 1037805 1504114 571562 451548 267812 1205169 136965 1088812 427538 1141176 1037075 1511707 393870 256315 1206743 1409040 841890 607376 487381 1567513 1017294 163391 922769 1490056 1548210 26613 549068 872285 359301
1383822 128999 1335576 189936 916601 1585937 71586 1672964 1363162 1172427 1186918 374335 733507 232106 48034 1453860 645337 848990 1522637 1078674 627663 1365533 403836 1037769 1476781 479711 881052 935175 1170890 684725 944903 818074 1381579 778982 1083116 1011705 441131 704023 42588 79596 387570 641889 1127984 72835 502591 1184404 1332647 969867 1631330 90681 615078 102146 1263668 1524815 900554 40175 1134104 1534655 1242230 829591 991196 546643 335685 1495645 741763 1165401 1231095 1436086 1431180 500881 448823 1257970 1655563 1233901 449619 264513 1515782 967795 1040844 1458465 902129 50760 1357596 1607173 58097 900368 509518 1130473 881492 1046744
535295 1152153 725865 1055879 864781 1248581 1117711 1410222 132286 1563325 881376 1569887 527102 1517225 323309 259561 218482 123259 1048200 1413085 522362 1186223 605771 1046528 664589 1189621 416995 1691277 1011133 508024 1417928 1217249 314155 717331 891554 463180 29939 1368408 903289 160707 1093618 662205 1220751 193268 619513 297304 117412 485814 621644 1002490 817999 1087493 429633 254660 1676456 1174982 1039296 122152 351833 1274400 1067420 646099 1415319 716402 116403 1147006 1578340 552420 1465949 351326 1479155 727513 607812 501827 323864 862563 852045 1224468 1486788 983513 40190 829339 904928 949708 1548874 1623376 716822 952649 79746 271734
614194 519018 1364846 1579524 126928 942610 1690256 298586 1356326 391235 355961 712 654720 1684447 636914 1632542 1694134 351833 41453 478947 347552 1058165 1370096 1250663 1131720 1241625 527448 1257290 1270500 947048 253486 997174 638015 1572671 481517 136738 926880 476771 138684 1262051 1501356 1347490 695432 353917 821519 890349 548667 543555 936882 1416971 340055 1211696 918396 1175062 1179264 344939 584442 973207 652328 1582006 1045469 862064 1336342 1245756 918919 367724 1196578 1318068 1587624 995927 1335458 1531051 1073628 427110 234985 648284 489247 454154 538423 857491 744768 1077859 491194 1232715 461510 1211749 789925 129467 1654294 1630185
345659 271646 395925 1317451 452344 479797 1387032 1201395 573620 813563 868310 1229585 1096230 594701 896203 1525067 768741 846160 989308 439633 1699084 1215679 589330 1393381 367010 109627 104862 1196663 1052168 1377552 632212 417375 105221 22829 1169916 1665860 953550 1503092 1077413 892418 1391724 5039 281617 1691142 895170 276754 680521 639099 1621447 107568 1662283 884023 575330 331101 1613283 1241733 835083 194556 1402192 1604356 901418 1557249 1574803 1510222 706556 1095750 447585 1383999 1223272 716515 810765 1237952 1212783 436422 448491 423577 501321 158770 885059 328568 1141395 1198556 1437190 930607 1421207 1334184 1164387 1329228 1500732 974017
1690171 867862 617637 744104 1533052 786048 835311 206179 1111699 374677 1571124 321376 1203858 141410 635998 395816 33057 1330833 251343 454757 1232533 911201 251870 284570 1573819 75489 1234397 418077 755126 461533 512902 940993 356567 1385439 549429 507393 1421034 479333 1559209 1531392 362567 1198373 552177 1148050 669745 1500187 204805 1226324 503021 736694 47924 300803 502423 1406144 1685908 619553 251772 1597199 467778 206425 858555 1564311 709838 110192 879589 900204 233892 533828 1141570 1259239 1443626 1635567 1042087 1231176 780660 165140 44207 15879 728424 974987 1430806 1359830 1125269 942898 1652259 759912 1458549 1190401 479274 1362077
1679343 1565331 513045 420170 1593398 969724 85653 166657 1209895 767904 1318647 492196 305958 352623 63786 1117146 52416 89714 1613418 537611 830529 1069749 1349302 241560 146751 1132844 1072112 1574857 1018768 713650 57728 1405430 500262 77382 1458873 1433711 682002 925290 634653 581938 158929 658144 1396780 760515 1104419 265945 1063708 770407 672213 1613478 1472177 211960 388869 615120 528957 235110 155954 279389 1341055 635355 992451 156 745656 1142213 259336 1083648 532910 220221 356546 1462526 1300796 745943 810020 338773 69431 457710 1262173 1554580 70313 1227542 1002051 1695459 370251 614980 1092861 887973 214304 538240 1608601 649018
542809 1322932 1609232 52219 1498174 1067411 50002 582422 579372 1569730 302404 1496012 1391899 751091 1330815 980363 664258 1175080 957686 370793 537767 357231 24025 442691 1103709 172633 126772 631231 416661 1494538 274265 697390 870467 1289823 547988 1278304 505551 220878 103306 266756 1303795 701719 1395567 1533733 296484 1384144 441567 666088 1545077 1535199 883032 1167477 565575 584052 721870 518647 317954 1226674 414294 1619909 676727 859738 1119419 880536 697682 295280 478071 589465 415419 1471445 129619 1133859 345144 103619 929227 808185 480577 1666264 1137836 1084385 60621 21682 631794 48928 1275714 690053 1057797 1578487 352031 797113
1068769 242095 1636598 1453771 472896 433621 1341753 1282796 400052 788581 1420906 1479928 1032418 1179958 1280549 338796 1653776 277286 664823 316535 1491843 1556286 1124577 800308 962806 701379 649143 590464 680631 454547 1664926 1494538 1572978 283286 675845 1485030 172062 423142 62129 863617 1251552 295396 375476 779274 540272 127144 1306158 1153252 861712 221522 1364345 756030 1696208 538356 399993 1606627 1119092 1147043 1379268 657413 895706 820923 1452111 423740 154611 1062289 172491 205289 630557 1155116 428112 172589 556717 1151895 1326863 1045988 125524 1668643 30911 1351525 85859 706767 126898 470148 1610890 1517918 382252 1111120 831920 388497
1005993 1268926 82440 1590334 442282 324069 225505 1080641 1023858 1023042 377826 38491 348823 1411133 1437537 1136970 549812 964080 1024029 546581 552939 1111553 1451914 860467 1190162 539836 215443 915291 313460 419507 574529 117768 531014 519204 812826 545479 143822 212744 1421147 1028258 1353185 858759 669385 177738 142014 703171 130675 1278067 1289043 1680201 1019165 339183 287846 578114 368051 1207956 915122 517315 612352 1308138 652727 137841 1126146 1159762 1352473 782811 902446 311285 1123012 1614005 1134843 545458 1288869 244056 967751 566438 1928 1186068 594763 842462 544437 1018459 615867 254574 1073811 265523 1517113 691226 635701 625563
295771 472442 315908 1161315 1029888 1309853 38139 1606028 100172 1017449 393251 772232 1309083 1664135 1618791 246467 1777 729100 644839 1630178 1442344 694584 528747 1443271 561854 951039 684387 696353 1258606 787974 1528230 743260 1679038 214386 1604683 689174 775324 1290259 1591457 568386 1000193 988674 547099 625602 356595 317057 1193793 737090 534921 122368 1450302 1559702 1547605 1559981 637403 358921 1228315 569943 371580 1128170 1128264 1292926 391292 810743 845888 434556 784595 1011941 218188 1629589 687793 418422 1104533 581184 808218 1501702 227938 1245575 1122076 780159 494793 1014483 1552289 294579 1628970 330490 768671 1542986 244113 991820
1258132 1475083 539148 1680570 188151 576002 449536 590972 934901 489620 4795 33441 169642 360599 1440076 1174101 1414087 1593996 920409 755847 1255410 624228 1584799 688037 384040 1554955 936990 473817 650924 278046 1440875 886324 158772 585411 126966 59360 469824 946284 120267 1529934 144442 883286 1467204 963160 267363 628832 1657418 1067692 1456655 1100554 938182 991803 977102 422886 62428 49674 1474212 96435 618864 309806 374513 398012 436144 1286711 923758 1070724 905100 111234 836324 269342 1197707 1168070 979558 580602 657498 1593439 1320491 1134361 894697 791234 1656665 492066 1240139 661991 918676 1699486 1627900 347296 652967 1199092
22064 1563398 1526186 1199284 1365959 1198926 1258046 1343418 129311 246371 1628802 1640423 3201 1157351 862017 11997 426387 1031139 7885 1666 1525709 1684433 1366167 335727 59723 1690114 405992 1632908 448750 103404 1041172 362983 420038 652905 725297 951191 955992 924471 301126 1359169 1331959 1177212 1189552 1192427 637685 970731 456114 480560 939912 1457225 1596683 912495 1009362 80913 102682 955152 1609763 473528 909053 682618 1110497 1242432 1476847 133556 1550650 1177250 118425 674570 874585 1357972 457541 1545952 483323 1105256 968205 441226 907426 866561 386224 1572803 991989 1076830 1673707 50193 550076 1446975 1649404 859777 793026 1322370
1291208 882520 525410 383200 65377 1358527 341435 383958 1561377 1637692 1200868 1204938 555861 74853 1044504 512601 1046598 1077047 425907 5771 636371 181498 804095 1353996 1537618 692127 265985 1593777 1695493 110638 782004 171409 1377956 1123750 606717 1607956 893476 995689 1420704 121594 677586 469102 1188500 361291 1323307 314657 372564 225771 847430 32802 612957 846266 293270 486980 295451 1482378 230754 1470779 839576 1508608 267823 1431321 1524738 334148 748913 1052510 1191830 1464966 1679344 307056 514560 899436 1385400 374919 110631 341393 451468 1683771 466194 1097692 119720 201883 1630888 1006665 592784 647661 236346 1414175 1545827 1085335
977981 342195 139199 1179684 1672944 1303717 1019766 469024 1296956 405173 303103 856768 1326267 1039903 1264296 1274881 405613 782091 424675 26712 905700 3832 1559806 766351 169458 33639 1048936 25002 887283 1627957 1058776 1272155 426250 654594 1295707 1488634 1665252 695011 652105 982586 373111 459296 1314802 265884 607237 689522 602795 515317 1598456 493988 711039 1131294 208846 1197085 1155451 787789 491916 570865 353712 907943 535826 889654 758022 1673740 859697 1611691 658225 1282218 561890 257628 881717 755216 1046758 70764 1414057 696548 1456227 708525 424489 440722 955301 1110058 166010 1000902 564965 151784 1353120 228144 1266709 960207
1342608 732436 1223401 1133975 1531759 1148898 590553 815618 1190536 307986 239778 558211 1111383 145106 633247 434453 400187 665336 1674919 1096493 888722 326347 1438273 921525 445475 471009 1641692 1075788 1254660 360094 46916 1595154 108426 924746 1423406 1555489 831919 525660 1691152 242526 1624241 427043 1052426 418773 916673 1249558 224177 949588 86165 1287548 1376257 65026 169623 52916 1596774 203251 802048 894207 169682 1596528 1500541 158127 1261473 1642121 11725 569938 309902 1221741 922882 548904 631342 1325916 1642219 1121155 880750 1434556 197742 151882 1465838 450261 192772 838399 1021182 476397 1406228 1264168 1380520 1050179 193370 601550
818688 1165420 354292 814845 473057 660810 891492 804459 746933 389136 1654694 561182 1448455 87969 495765 906662 657541 1013760 575540 158048 1430334 887670 1516272 1322521 919016 1144122 340693 1178898 787795 613200 1140663 660359 944429 796511 831051 1242120 1392630 1283704 610794 87512 491739 222339 911032 1352064 1319688 1249560 1105937 21952 400778 1034428 1502245 391682 1604178 1220001 725009 1062730 965704 472024 1211326 235551 1134999 990025 1238595 1262890 58512 441321 749146 1167684 1205131 1084679 1047989 341377 1690462 106499 1180180 1122148 16312 969564 1568294 434851 1198074 629365 202963 61385 1272212 1194368 1190780 1494852 689538 1528096
987328 267653 1090023 1569811 1681587 915462 771538 251072 1522729 1300005 1616074 860597 121897 1080337 1340469 797867 1405176 586073 322466 1428675 1377959 924102 988081 1500487 1649527 86510 617374 1298026 1504480 1218814 1688161 924659 1141897 805746 885618 1157629 1093091 744750 504764 1308709 787318 1391262 651154 1035458 1654891 276947 1683630 1011233 268845 498733 1189435 293823 254421 1064104 216987 401387 529755 1466807 265564 1480199 1692654 235763 465024 1606665 431217 1414703 958563 1621635 570802 307765 1030149 1659495 225360 166987 398355 528370 804875 1175105 1520283 1127098 1453549 1150930 770739 1611265 213949 18700 310221 1200305 249339 588795
709724 452752 1458661 164536 1313074 1518563 938601 1399902 1067326 812946 1387135 1272564 1138091 282513 83006 137245 1314701 1088808 1044366 1571776 273088 1396378 249901 33324 33095 606584 1372649 43640 99286 1361776 773065 847564 38923 230645 914835 389101 281430 1104423 1679599 344019 668171 138315 848734 1055877 1476584 181896 860645 758634 1297804 1438290 1224100 384225 511071 1593504 245377 467776 649924 646582 410337 1257958 965017 289707 98015 610445 1092886 698165 317521 343128 199492 721728 681143 130840 685175 887717 273569 644591 1170982 1135379 820830 27295 1174799 809435 1005991 130879 1470413 1191565 543724 1290153 101831 1098846
1192293 566809 1530356 514573 541275 405702 1020546 1383348 572197 247682 1519206 335578 86952 37492 522843 1148226 107525 422147 1690954 1421716 934199 1216955 1317541 927719 1012473 697350 289170 1350460 1018682 1476320 1472057 37921 293542 828236 1357273 319977 338326 495987 142716 1171588 181965 1596341 1244698 403786 621460 1286336 976550 546061 299051 70719 530253 1651289 1017325 911418 1502028 160826 1207183 1319201 665738 204226 148716 1561638 1145979 644704 20041 1692574 984522 727142 265482 288572 1534073 253927 1627559 1692328 1045388 897848 240906 1116982 654011 686353 265423 761136 1229775 1359968 455894 729047 1438408 990007 1345358 38019
1196316 1063251 220430 1472864 962034 350998 957976 1092851 363885 856498 332014 887177 827882 1450908 145808 1232375 314304 773284 1213584 47325 1472336 298659 1390821 244141 1494158 82874 770626 1526901 874302 1669754 192676 1482471 808806 1087527 1495166 1675370 1372515 331402 1324209 96728 891750 173292 1474514 1638413 255771 440773 343510 925985 215979 344643 31691 1481750 1046895 1174107 123643 1230403 938994 359121 1429294 1279538 1653205 1672194 1189589 1077572 758811 460314 1630249 871875 386501 270370 602787 346748 1539988 954085 1662382 233413 868107 778789 1150580 1082508 1093186 1436992 276755 1125306 286981 1112177 1288504 296709 980729 1370147
456510 1471542 1087253 448437 481352 552946 874372 1128538 425971 1631951 1558111 1658807 197100 1173885 1591858 1677239 857680 1032305 453289 908021 665739 333812 793237 1539750 1435015 937992 652919 1278680 584190 1424536 581943 363683 966320 163106 680662 1389891 1284680 89975 1317929 2773 8161 786424 370163 781322 101702 970037 1682025 1128292 1401387 755165 1296790 57424 80668 1666217 165011 1222916 133314 1401446 347382 1425134 1063523 1340190 1173983 643147 420486 412514 1429506 1156005 819312 122317 628257 607552 795932 1173456 1206683 753505 454646 912284 1383646 264200 722300 1376870 1541666 1474290 1650537 1126918 1455941 1243489 955170 997602
351722 704958 1141105 95837 865952 795645 25231 1469340 107111 1302133 964464 1332176 1460774 461169 1236901 563710 979158 764378 973788 304840 1681929 1276274 618835 1432538 1352009 1412428 155457 415907 1660158 1633278 1270565 1620463 497861 562377 500383 1420835 675756 986908 117784 695759 779195 1554427 352921 883273 754084 1481437 374621 310670 464312 159582 1150877 229419 1661341 168196 486938 57917 517226 326545 349187 19170 199658 837428 806225 1472711 1028493 1192799 993019 1328970 962716 1165398 1290938 1390102 100834 249981 449830 932042 364797 1055570 1140640 189027 931411 547683 334301 1193613 1070592 439722 165352 805712 1251330 1434074
650059 262657 1074965 341060 1413692 101806 232839 1027242 644157 834599 1223344 590774 1101461 581902 1573132 658862 603399 1203603 935598 1287887 1546149 314205 54009 795971 934964 1368253 138872 56862 973609 351423 1674411 335673 65313 896138 418550 459776 401440 1667815 748697 1295752 679267 1651042 277131 1386863 1068018 700118 878313 732928 550030 1633598 395470 303781 1588418 789848 242656 715030 1359382 210609 1217736 1231922 538739 327776 1446422 534790 111882 1653914 1540536 920288 81535 294314 1029007 774963 1266749 827271 1287628 929798 1335380 1184751 104873 1283309 636530 1124000 1101822 741724 183298 746477 982816 1215621 65371 581645
514499 221076 108270 209374 537013 1460244 965215 1193533 217798 997177 1395695 1402745 243451 1177544 795865 1457772 148375 957119 648627 912183 202409 1486690 388345 352937 1299433 1548770 1247782 936516 564405 943168 724514 1338193 1607920 1151630 61095 1062001 1403259 749241 1461372 247135 562022 1672419 927507 1296386 1090059 506932 987008 1523551 690090 670558 431740 33224 720543 1341364 1156006 424175 240598 1211916 378245 1268359 315947 1255401 287622 385073 870039 668238 154495 1085946 977863 1017949 1658186 843853 148225 1352207 149413 682025 106379 785752 811600 27891 811603 480270 1101152 998167 301463 1424017 700901 910244 504436 499606
1082950 295678 501751 1429146 10503 364212 904703 1105681 90629 1696604 761242 1313838 543914 1016068 354211 518497 204369 991754 1163307 1051856 1623588 1482471 525543 124019 1498756 1325254 1507644 1127898 1466963 667590 147689 1339426 1534090 151365 1566132 45327 36391 1493157 182471 492661 614677 1694834 1350203 954538 878487 1006043 1150206 1093614 199695 471782 1205949 1103118 1313001 1617390 692653 1511303 1185380 1166150 1693788 1246650 1461842 609524 902716 1181535 507463 693996 748467 1443178 1019938 862534 705285 1112616 916627 443508 592209 326184 565688 1608929 1423020 1571130 1295207 800801 1326197 1221524 1473160 265414 998121 832318 1173038 1047746
1680479 1340628 1526758 1169427 1464399 1646343 61222 134167 1141168 745415 1620354 655803 1042591 394418 830495 1374337 302702 473630 1276991 590307 205753 255941 1446406 375909 894304 786869 162932 1130025 475609 1152551 642411 1183369 1461677 365039 825131 99706 698333 1126676 211062 1144449 1111367 604279 566866 1492978 1662922 265627 857191 835099 1306821 186837 326534 1092591 782269 863765 997501 1100964 1273959 100263 1143257 1681350 1405359 1089553 962114 797239 516073 553563 91066 1647142 676091 859234 1380368 695887 484313 239708 333233 1185825 350709 36201 791678 1124943 1198070 1673471 163685 268695 317501 580780 868258 1403974 680084 629153
1452229 982280 329345 1121718 1674890 963694 1013768 538426 575232 628533 269735 1379125 1457714 127675 787684 118167 1365555 761249 54043 505628 12405 671933 1613686 1485032 460035 1133445 505199 1008982 923601 715389 871493 616423 364048 113065 766758 1401906 889854 1615933 1639295 244027 610423 873409 487748 458661 1194849 1684662 239764 189423 806033 997960 505726 721634 395266 1034516 1697482 1480180 86908 1112411 1228843 1196754 1395426 298063 460281 756877 301780 1039904 1165057 733130 1444257 286913 124980 649672 554659 733189 803285 1584689 1513095 1486389 206115 151055 1660000 418996 1295943 990550 756279 708613 1154060 1488253 85248 1089167
1651727 994668 729626 1293131 526630 741143 1407197 13698 1039536 812106 315388 101488 1042025 1244199 458195 596277 1436367 412433 690534 846727 952396 1169522 352683 881419 1497489 793044 902748 1269148 653315 361171 990226 828153 556889 811920 792604 360375 553441 760542 1388333 1274714 1295374 1584516 879347 1567115 1365412 1434189 1098470 391263 414143 856455 1247128 1691148 285887 1654140 1175220 1518725 1662312 1083979 1342732 176065 645059 1542882 615575 539215 1683138 1446207 1095956 421070 2233 813681 1277085 1684387 143658 247237 1045656 40551 949321 1659586 1082442 1370017 923257 1142647 1347638 1427334 958296 1076953 299122 1153782 1145453 1669649
1499838 1635308 1061733 1215209 650044 1571297 29310 422160 600042 703039 1462254 894304 1690093 432835 1215127 1054701 1142147 1557075 138070 1542532 1073515 993412 159633 717020 1233753 598605 1540973 226567 1113174 895851 114516 1633613 397277 1017873 821997 1370034 578461 790872 838737 620828 462216 22120 201230 465317 278256 1550873 496630 289566 491301 951696 177021 1081185 1017353 882997 1594132 841891 788113 368460 743990 1541149 214375 191008 1256439 1462516 761754 1453656 337394 267182 1053754 1524767 1263086 1223758 550367 1522732 601167 12509 1444785 1461306 1355552 497857 1401653 801986 1429074 493863 448077 1428997 1121816 1143262 1133774 1156284
1265686 346575 965275 1687289 705247 506974 93093 1310940 1561600 249222 12910 598001 546907 1431063 382829 1320029 823616 1666503 147970 495998 1179653 113266 1495760 1061686 1436655 1426080 1108265 1575228 544813 971088 1584267 136680 393785 347739 791517 688809 921013 982687 878265 1131197 304404 1466294 25719 914484 1534457 1572873 1195802 1371718 552819 1206080 885709 1138001 1468132 1493579 1233111 192436 1184080 854305 1541702 339885 1669411 1381807 931630 577356 14869 1507365 1321903 1626216 701177 1310947 399745 282313 1037927 107026 1541744 1514966 177895 858836 1583509 1025047 1094086 56170 624059 1275162 1046136 1402192 692139 585644 1651777 1008917
34187 1694341 1158111 1117526 1086307 308159 1195017 567262 1401400 1480749 109032 174673 469478 681760 535669 1503709 480023 904159 846720 1442374 567223 1209448 889135 8947 1540806 667028 1104554 709952 1134548 212967 753904 1660483 1297028 1285117 49457 1525191 618279 1571762 1245818 1574474 779511 254946 195044 206796 1492260 51084 1082965 717813 1042967 1529269 469707 123518 26536 980107 136285 573628 1607365 98159 1283947 600919 947454 1627948 415982 780402 519389 1146107 1121558 825484 534398 1080974 1257213 475306 820608 574698 1535229 132761 1046828 1351218 718896 726090 329887 463678 1374984 686284 1611182 635875 1324100 538214 1249329 709471
81832 754831 1128140 73506 1075852 1438640 1255256 789467 987326 457846 1142360 1200416 1461017 405151 1391707 686000 119432 364317 299402 1286469 1529335 844926 723184 255813 1517619 884973 1195715 1535507 703004 1134674 1200243 935033 1162715 1411580 1022108 404496 637399 397035 73531 265860 951235 1605924 1037999 365973 393818 913616 1685600 1474729 869626 1261061 438805 40111 391619 1070527 1090804 1679540 1691009 1102758 1651714 1417523 864871 1114781 1164179 1327544 1185857 1443843 1415720 1226489 1625940 1130656 646129 1492548 1152301 1692818 402495 502936 399971 1158409 1175247 752306 45031 976870 704838 65666 245938 1288142 26659 973487 535407 762803
827982 1195248 491986 1528929 1082673 772174 1340003 127145 241761 1575994 1558016 1368331 1645500 1183333 243677 1045158 822497 1030268 565117 850448 379250 1067750 42201 360818 352548 983954 1530303 735823 368228 1155516 855300 19940 103398 535325 1357181 1530549 1124311 1188435 1489264 1276383 137026 1686691 1157176 503713 986201 1575467 1465534 293869 858521 404784 567022 1054930 1624927 814525 384036 666211 482679 333962 131517 459435 1221323 176301 1698801 1314295 126547 78881 856657 157952 1259691 173553 1009563 1608694 260122 749393 1310032 103457 1680691 765694 524328 85657 1399613 91902 1575896 1434316 883363 1197943 599111 1372048 954957 410172
707208 1652818 514870 1520136 1411772 1071966 313203 311819 326960 569275 1498952 1072249 1092774 844929 1154521 1338871 1151740 144810 1402945 840966 1589749 736253 252868 1223809 630660 323313 1009784 44874 704433 1149924 563932 889913 88712 1365059 481122 774309 658582 52459 786765 1562819 1266522 691831 272883 409283 574431 1044295 1194439 641720 60201 876716 99267 1105124 365616 618818 177026 258722 752660 135474 1489218 428818 202758 1537963 596415 451047 1625872 1619464 1674831 380460 1454044 918058 899236 362097 363802 1421170 1450385 460321 1460394 258210 76611 416894 1497059 799246 1040995 85893 746913 663819 100906 34173 1051875 804777
257268 571187 615652 1622029 1000416 468964 411712 873718 743239 1355703 1561163 542732 1692409 1094721 192946 181797 1512550 1149163 177478 1298518 543835 1691525 651944 1271291 169673 725064 251016 709419 580479 1582949 1024907 545444 1347332 1437328 580735 369759 358186 596587 1594682 850642 809403 795789 400107 1633565 894472 621566 656147 942911 158935 631273 1496499 1699871 903629 1665026 663707 795142 1655792 923749 1306273 832982 1317981 1363119 461369 434797 815324 1376167 1015244 809774 1309700 204784 1592696 1528612 618432 243031 877523 1483248 435424 536030 69818 1153220 946721 444050 14035 1222281 1339678 39041 423553 1497043 149564 1067679