500 1000 5 20 20
19 72 138 201 479 
12 193 228 346 420 
157 387 3 24
297 431 16 6
363 206 19 26
364 381 1 20
387 181 1 0
42 68 27 8
101 72 1 0
204 254 19 12
364 401 16 27
45 252 13 0
78 186 23 2
65 341 19 9
161 21 19 8
241 403 1 23
33 75 29 0
218 423 16 25
126 251 3 13
9 48 13 29
114 45 5 3
254 297 19 0
374 131 19 26
446 103 27 15
212 481 22 24
11 14 30 20
345 363 10 15
421 279 1 3
65 329 1 22
37 69 1 16
79 430 17 28
319 493 21 20
171 201 13 20
378 424 29 20
82 98 1 24
452 6 10 11
462 235 7 10
11 73 19 14
89 242 21 16
185 487 19 2
236 248 11 2
300 394 22 0
251 495 1 24
101 135 13 8
157 6 13 18
159 67 3 12
351 209 1 0
261 207 11 0
76 103 25 0
278 214 21 26
163 183 25 14
4 164 13 9
213 229 15 12
391 392 19 20
278 379 6 27
183 281 26 24
31 275 1 0
33 69 1 15
36 116 7 1
392 459 16 0
226 394 6 25
397 1 9 8
295 289 11 0
1 77 23 12
357 301 1 2
196 411 27 8
239 129 13 22
90 317 7 0
92 126 1 4
246 478 21 6
4 6 1 0
188 406 11 1
139 101 1 15
489 183 19 2
41 337 21 15
461 181 3 6
477 125 21 8
201 353 1 0
341 95 25 6
397 253 1 18
161 437 28 11
337 382 16 6
135 232 23 9
259 268 4 10
353 257 15 20
56 93 5 20
193 195 22 7
357 465 19 29
23 177 21 8
13 185 11 5
81 97 13 18
143 385 18 19
35 44 23 3
28 100 12 24
391 475 16 18
276 251 1 18
247 273 30 20
295 69 25 8
5 32 16 5
195 109 28 18
261 262 1 1
2 24 12 14
1 92 3 10
93 94 25 15
497 481 11 17
325 374 25 18
25 333 11 18
37 196 25 12
439 484 23 15
121 417 3 25
88 178 1 24
461 45 7 3
153 217 1 0
31 95 15 20
48 182 1 27
44 341 15 18
165 25 21 4
11 18 13 18
5 137 5 6
235 297 26 0
276 245 20 24
10 34 25 0
105 202 7 10
78 434 1 6
205 412 1 22
257 386 13 24
63 266 9 0
465 185 17 2
256 313 21 14
85 262 13 18
415 454 12 12
427 297 17 19
161 277 8 3
64 161 25 10
145 365 29 2
5 356 26 12
41 83 7 8
90 128 1 12
13 133 15 12
65 175 19 18
257 275 23 4
49 355 21 20
407 363 26 18
67 301 13 16
55 280 14 18
217 270 10 21
369 377 1 0
57 107 11 22
41 175 29 20
478 128 2 18
27 65 13 22
108 141 1 12
56 142 28 28
57 463 25 18
68 303 7 6
449 21 19 12
62 102 25 18
330 456 25 21
9 46 10 5
313 108 18 26
1 104 21 12
331 191 17 16
151 235 5 25
354 384 13 12
170 194 21 20
75 126 26 26
491 175 15 4
404 16 22 6
1 335 17 18
485 497 19 25
168 330 1 15
465 81 25 10
113 299 29 19
126 222 5 6
287 39 26 19
241 26 13 20
200 272 21 12
23 246 19 20
485 157 1 20
135 219 21 18
36 366 19 14
10 42 11 6
477 281 25 15
346 494 3 20
27 460 19 8
199 398 1 14
297 7 19 21
489 77 7 21
3 10 4 4
218 363 19 10
131 483 25 0
458 444 1 12
405 211 11 20
49 56 7 18
392 29 11 16
6 364 15 20
100 132 19 28
84 234 1 0
181 170 11 24
471 161 29 15
127 189 7 15
145 313 4 25
61 5 1 12
37 55 20 0
104 96 1 6
166 294 19 12
52 90 11 24
113 294 1 5
253 413 21 26
20 151 10 23
192 220 21 9
280 437 13 3
221 91 25 18
355 321 1 0
2 7 25 17
293 251 16 24
91 169 13 6
43 94 21 10
25 244 3 0
401 177 5 18
126 117 26 24
226 327 23 0
104 108 21 10
85 421 27 18
6 12 25 25
9 23 7 20
378 329 10 0
371 288 9 28
31 410 25 29
341 397 7 5
120 162 13 9
48 374 29 9
316 141 1 20
110 181 7 17
5 265 19 20
447 185 1 24
45 84 28 10
169 170 1 8
154 339 3 18
157 208 16 0
331 105 26 19
99 207 13 12
92 311 1 21
191 81 29 0
299 73 26 10
10 111 16 12
421 322 27 10
235 354 27 0
386 197 22 15
10 54 12 21
363 468 30 16
13 381 1 8
171 421 17 28
4 25 4 0
91 93 22 21
277 318 18 15
35 371 25 0
301 334 21 27
117 159 11 5
376 197 19 24
11 17 1 0
17 21 1 20
17 257 1 0
188 243 19 12
204 319 11 9
302 332 21 20
145 103 1 10
253 351 7 28
121 499 7 22
381 421 5 12
181 343 13 20
122 428 27 18
353 401 1 20
28 60 21 20
377 477 28 6
163 457 19 28
481 116 16 24
194 440 19 0
59 78 1 8
201 461 11 2
230 41 16 18
89 52 3 9
159 260 16 4
159 127 2 0
269 497 6 0
11 191 1 22
393 124 25 12
471 251 6 3
106 226 23 25
17 233 1 18
231 369 1 18
457 47 21 24
55 245 10 26
37 115 28 1
27 50 11 3
185 209 1 12
56 221 11 17
101 266 3 0
138 225 21 12
476 221 10 5
467 349 6 12
161 117 28 2
57 368 21 24
385 418 8 6
49 174 25 24
220 326 13 20
185 71 7 21
27 38 13 16
85 106 15 0
71 87 1 15
296 189 7 21
75 175 1 20
49 76 19 3
335 32 16 0
239 396 13 0
156 475 19 10
351 477 1 16
225 310 17 10
131 263 22 13
463 481 25 16
471 257 24 0
85 105 13 20
33 265 29 2
223 471 18 8
331 329 26 24
329 448 13 10
58 404 11 0
1 336 21 3
265 81 5 0
17 285 1 24
271 427 23 4
187 463 16 16
495 155 15 28
108 188 1 15
145 236 7 0
1 277 11 16
285 5 1 4
471 331 21 15
283 359 1 10
13 482 7 14
165 449 1 0
259 177 11 24
7 19 27 15
497 99 17 0
147 77 19 0
95 139 13 10
83 251 1 25
196 236 7 27
40 51 1 1
144 154 27 2
89 293 16 10
59 72 21 28
30 88 22 20
49 481 1 1
8 29 21 0
136 347 11 13
111 101 1 12
142 211 22 15
223 451 9 21
224 227 28 25
99 398 23 22
264 366 18 20
351 169 16 24
81 328 21 20
15 288 21 22
11 21 27 4
90 141 21 22
81 345 6 3
45 420 9 18
220 149 9 24
3 17 7 12
370 381 4 0
329 461 13 21
17 121 21 14
83 101 17 12
131 223 25 12
3 49 2 27
391 496 25 2
5 15 17 0
298 393 13 0
28 66 11 21
261 243 11 0
13 22 3 28
499 439 8 12
116 131 1 0
243 81 7 20
58 99 16 21
271 437 19 9
238 422 5 24
197 71 25 2
167 375 23 12
43 117 23 20
44 362 15 9
293 51 6 1
129 181 1 21
137 185 7 2
460 13 16 0
303 113 3 20
252 344 27 20
78 216 3 0
266 201 26 19
463 391 11 21
479 156 29 18
71 81 5 22
411 147 22 24
114 190 21 10
361 481 19 12
481 80 26 10
236 330 20 4
117 401 16 4
76 245 15 4
127 307 15 0
301 321 16 15
9 458 10 3
307 429 17 20
14 57 16 28
92 143 19 24
445 473 3 18
94 472 7 12
245 391 22 6
65 38 14 4
215 76 9 15
87 201 15 15
1 35 2 2
17 117 25 6
315 283 22 6
421 11 10 18
6 86 12 22
433 457 25 24
365 217 13 1
277 296 3 3
151 228 22 6
427 111 1 18
439 66 16 24
343 415 7 6
284 473 4 18
12 144 27 25
28 306 1 8
47 64 10 25
70 80 6 0
105 97 25 0
171 137 21 16
265 312 9 24
198 196 25 15
257 447 11 0
381 193 12 21
376 3 11 18
164 320 13 6
82 304 23 25
9 437 1 0
407 160 21 24
347 216 17 15
209 317 21 10
125 230 25 14
268 193 27 5
7 47 1 8
61 369 23 20
174 268 19 0
318 405 17 0
383 393 1 8
89 462 15 6
63 134 28 20
132 234 16 20
169 221 26 6
63 211 15 18
221 291 21 10
29 89 6 24
33 155 15 4
176 309 7 0
3 4 29 6
313 337 16 9
480 461 16 24
317 357 9 20
330 221 26 0
19 63 11 9
405 446 22 25
301 391 15 8
64 73 13 14
163 181 1 0
90 136 7 22
197 253 29 13
223 494 1 6
41 483 10 10
100 442 27 10
178 213 28 6
11 16 20 0
103 456 1 7
3 11 7 2
241 175 13 20
473 427 19 0
439 1 25 12
3 67 1 3
7 13 13 18
345 349 24 27
51 153 12 5
457 273 6 16
25 153 22 3
374 251 10 10
57 476 13 22
450 273 1 3
458 113 1 24
293 315 1 18
482 483 1 28
208 21 17 14
2 8 1 28
391 479 19 12
217 5 13 14
41 146 1 0
264 21 25 9
398 414 13 27
393 447 16 17
378 407 6 0
38 328 1 12
66 159 1 24
465 495 2 6
153 445 1 6
201 41 19 0
382 472 9 6
241 41 15 15
283 96 17 0
251 455 21 10
113 337 25 6
478 366 11 18
65 367 1 7
271 111 1 12
115 203 17 10
81 271 19 0
203 68 20 18
408 4 15 7
82 45 16 23
371 181 19 25
35 147 28 10
456 379 7 18
25 79 16 10
96 224 13 2
214 220 27 12
13 180 3 9
37 185 23 4
58 156 9 24
301 421 15 24
224 307 11 8
79 451 7 26
449 363 1 0
261 191 16 21
186 295 27 24
225 246 20 20
205 471 19 24
477 233 13 0
352 175 13 27
46 349 16 12
58 286 1 27
61 445 23 17
43 167 1 6
201 225 27 24
433 103 21 9
149 152 11 6
357 331 21 18
431 236 3 6
73 157 5 24
221 424 24 15
201 1 19 11
6 158 10 0
9 337 29 14
15 39 14 0
385 343 22 0
21 179 3 8
119 395 1 27
414 393 21 6
49 265 17 26
85 93 1 15
240 468 1 15
231 279 17 25
457 349 25 12
21 471 19 0
25 283 11 19
4 499 5 18
3 120 20 3
105 273 16 8
292 391 15 12
1 59 23 0
9 488 7 15
13 163 23 8
129 250 21 9
171 187 28 6
139 171 19 2
9 441 9 18
1 149 16 9
5 26 9 6
21 61 1 18
298 432 17 20
90 110 19 14
43 53 19 23
443 485 1 10
476 439 26 3
366 269 5 23
273 437 25 0
19 348 25 27
39 130 21 25
47 325 19 17
417 435 5 15
150 240 13 9
95 286 11 5
105 98 7 24
139 237 1 12
401 7 19 10
393 131 21 25
372 305 3 18
179 351 1 0
53 244 7 8
385 177 25 18
103 461 28 9
447 321 11 20
169 29 1 24
395 193 7 12
7 28 9 15
165 490 1 16
333 38 29 0
208 116 13 2
64 292 2 18
65 290 9 24
229 179 1 12
280 474 1 12
75 73 1 10
185 269 16 18
371 381 9 0
199 311 4 8
432 91 25 6
4 255 11 20
316 219 7 10
1 101 28 15
426 201 8 20
34 40 11 0
376 369 13 28
41 13 15 28
495 200 23 10
419 176 3 0
257 444 1 2
119 258 19 12
49 305 17 10
198 402 22 24
67 302 1 3
490 498 1 23
211 433 15 12
175 191 28 26
135 301 25 0
269 161 13 3
163 391 1 13
128 461 7 15
303 221 3 21
301 31 21 2
138 221 4 6
435 63 14 0
177 56 1 6
83 124 4 29
46 389 7 2
157 209 7 12
427 480 20 4
181 487 26 0
183 256 8 20
189 215 27 13
41 137 1 15
15 490 13 18
165 335 26 22
1 3 19 21
9 210 21 9
45 358 21 18
390 47 5 20
291 327 25 2
157 464 1 15
301 459 16 20
36 125 3 18
461 417 21 10
1 361 19 6
481 96 10 24
172 367 13 0
197 281 11 9
40 460 11 15
52 85 8 0
15 141 25 7
315 341 13 15
295 486 11 3
54 58 19 18
421 211 26 21
449 97 1 21
425 126 21 0
435 89 13 21
281 209 7 21
274 331 16 0
169 408 11 12
495 141 1 2
460 341 25 0
79 176 25 21
137 321 16 9
315 333 13 6
28 70 11 5
5 41 26 8
75 109 19 0
18 399 16 2
241 16 24 26
96 108 15 0
175 436 22 0
14 20 1 8
407 441 11 18
351 453 9 3
369 416 25 10
451 240 6 28
52 283 15 22
466 181 3 29
169 204 18 16
1 156 1 15
216 215 4 7
295 9 11 22
22 173 9 18
262 380 20 18
22 206 13 18
201 181 1 15
329 417 5 20
156 405 22 15
405 366 29 6
216 381 25 10
25 61 25 10
43 52 20 4
49 165 13 27
91 193 24 22
104 198 11 0
391 403 1 25
8 36 25 15
67 426 19 2
48 192 23 24
169 225 1 0
165 470 6 10
117 247 19 18
126 238 1 20
261 459 10 20
161 263 18 0
140 391 3 18
469 421 7 10
495 126 21 15
485 407 11 4
6 166 16 6
64 316 9 28
385 433 22 24
126 55 11 3
49 214 1 16
14 74 27 22
163 256 13 15
316 350 25 9
196 340 4 26
151 448 16 24
70 112 17 20
4 9 23 14
13 231 19 18
333 301 6 0
142 300 19 12
133 187 5 11
38 363 23 0
213 325 17 15
476 301 1 11
361 121 26 4
117 25 23 10
346 451 23 24
178 352 2 20
9 45 13 16
176 218 1 20
77 381 28 7
169 409 10 20
73 291 19 5
157 241 21 6
428 329 17 10
309 390 25 0
228 301 12 25
77 221 21 19
441 44 9 20
61 335 25 15
409 309 10 29
363 237 7 15
265 306 1 15
235 254 25 10
476 355 17 20
481 26 10 0
343 196 21 15
305 106 13 28
138 289 30 20
11 123 21 3
21 377 21 10
165 334 1 10
443 131 17 10
187 360 11 12
63 228 28 4
56 314 13 0
89 425 1 0
147 148 26 0
184 212 25 6
175 466 7 20
195 342 1 0
290 156 19 5
481 159 7 25
19 261 13 10
99 467 16 15
181 439 19 10
46 112 17 0
63 113 13 0
251 137 1 18
201 324 19 4
463 308 8 20
235 439 1 7
181 227 9 15
10 274 29 21
211 276 21 24
89 441 1 20
41 481 7 24
133 211 21 9
202 381 11 0
50 160 13 2
100 71 16 24
150 298 5 12
196 385 6 9
13 361 9 18
79 133 22 27
164 68 25 20
113 129 1 16
50 168 1 24
225 231 11 7
125 373 17 0
217 448 3 0
489 373 21 3
61 125 9 12
199 324 21 0
23 31 1 20
280 443 11 0
363 107 1 3
289 241 6 4
40 167 14 22
201 413 19 10
39 172 23 18
79 284 7 18
15 379 28 2
369 485 1 19
371 453 20 17
121 127 4 8
41 403 11 3
42 121 1 4
455 500 2 24
393 339 13 10
281 295 8 4
65 482 15 0
171 450 13 14
273 345 1 12
497 119 11 15
251 173 17 8
5 143 16 24
293 77 13 27
326 183 11 28
91 419 7 15
16 341 21 15
406 495 25 0
385 485 13 16
253 389 22 18
25 64 1 15
181 205 19 22
7 174 25 28
5 118 23 26
19 30 1 8
183 199 16 18
237 281 5 22
186 49 1 22
389 237 10 0
355 500 6 8
279 477 11 0
45 452 14 3
497 344 23 11
91 148 19 18
266 256 7 15
65 197 7 2
201 251 3 6
215 305 28 18
281 37 14 24
457 458 13 2
389 469 7 10
29 33 13 0
139 387 1 0
104 114 11 10
39 82 1 6
327 457 9 20
74 489 23 18
136 338 27 0
124 315 27 20
145 187 14 0
57 239 9 24
450 236 30 6
19 37 1 9
429 431 21 9
1 5 14 1
111 330 7 25
111 217 30 0
379 14 1 0
50 96 1 16
275 437 1 18
81 21 5 16
1 2 1 0
71 383 2 0
349 452 3 15
25 142 1 19
56 416 5 0
241 344 25 18
232 400 9 15
22 151 4 24
251 496 25 15
349 396 21 0
305 62 13 27
191 114 12 18
155 311 19 8
24 119 21 12
270 310 13 0
335 471 14 8
107 138 13 16
145 191 25 15
74 21 26 24
141 293 7 16
425 242 15 24
443 361 21 0
137 11 10 13
10 322 5 0
95 150 13 27
341 376 10 0
321 255 27 6
481 131 15 26
118 151 11 4
326 35 7 22
417 101 9 4
433 210 23 24
205 365 19 14
13 27 1 6
381 341 28 15
63 378 1 21
360 176 9 24
180 308 17 0
332 65 6 15
193 264 3 24
11 122 19 22
486 293 25 18
83 201 11 6
323 26 13 21
363 438 21 21
346 370 11 11
90 140 28 24
263 447 7 3
20 71 1 0
317 353 11 14
330 313 19 24
91 496 7 9
31 43 7 18
337 352 11 12
106 70 1 18
361 149 1 26
301 21 22 6
74 43 11 20
335 365 13 23
123 273 28 24
164 207 4 0
51 251 19 16
136 469 15 29
205 249 7 6
351 157 4 0
465 301 19 24
85 269 7 10
178 287 29 15
401 444 25 14
48 492 4 15
107 145 7 20
461 428 11 15
268 346 15 16
183 259 1 15
469 65 13 20
410 249 23 0
276 441 3 18
197 267 19 0
61 200 27 8
181 431 21 20
26 282 11 6
201 123 11 21
161 323 11 6
275 465 25 15
56 278 19 10
289 387 23 28
465 14 25 24
205 388 13 18
405 12 7 18
200 343 4 10
27 84 20 6
227 481 12 10
441 491 4 3
43 201 19 16
45 388 25 24
73 372 25 14
170 184 7 27
440 51 10 0
19 62 13 15
96 171 22 27
482 91 25 6
13 91 10 10
201 239 25 1
