5
9
7 8
7 6
8 2
7 3
8 5
7 4
5 9
6 1
49
45 37
45 17
37 20
20 28
28 18
37 4
20 34
20 1
17 19
4 25
4 33
4 32
34 30
1 12
33 31
34 41
32 16
30 11
25 10
32 40
20 35
35 48
34 29
45 36
11 14
45 24
4 3
18 44
20 21
3 5
11 47
37 22
37 9
22 46
33 2
12 15
14 27
20 6
4 8
12 39
36 38
44 26
26 43
22 7
9 23
43 13
6 49
11 42
199
118 64
118 80
118 169
118 188
118 18
188 122
18 75
122 92
92 120
169 74
169 149
75 32
75 72
32 117
169 94
92 152
149 159
152 11
72 10
80 40
149 62
72 48
11 29
152 36
72 14
40 53
159 3
149 86
122 21
74 193
14 51
29 22
193 143
14 198
22 177
149 170
48 27
118 52
53 8
159 69
36 57
32 26
75 173
159 134
72 187
159 119
51 49
22 163
187 15
32 47
92 89
173 24
143 5
57 12
122 129
10 38
170 196
38 77
77 147
122 157
22 111
152 172
10 37
134 133
177 42
48 100
32 171
133 39
36 189
170 141
22 168
141 41
38 137
134 93
77 101
94 191
159 104
189 123
177 144
52 61
129 183
177 161
52 154
53 91
188 195
21 162
42 50
152 6
173 60
104 131
198 155
119 34
155 95
118 79
62 124
77 58
24 156
191 103
188 179
27 102
193 146
101 108
5 150
91 1
89 84
120 128
91 166
170 114
152 127
170 35
69 160
152 107
84 56
84 194
147 55
152 130
8 68
79 113
51 19
172 43
6 63
111 31
92 139
134 121
61 13
77 140
32 78
150 145
104 190
172 164
57 176
122 87
172 132
113 148
80 180
132 97
119 136
24 65
161 67
47 76
19 54
171 174
69 106
103 9
51 20
102 181
49 71
127 33
6 126
60 85
132 167
145 110
24 17
91 197
169 25
37 90
195 116
131 199
198 125
132 7
43 109
101 178
108 153
94 73
174 66
90 165
34 30
29 182
122 88
18 45
94 4
62 112
197 96
66 46
13 83
195 2
77 99
109 81
121 135
64 185
21 115
120 138
146 98
94 151
27 82
144 23
53 28
165 16
83 158
55 44
178 59
115 142
67 186
63 192
192 184
168 105
98 175
172 70
999
118 686
686 959
118 169
118 857
118 18
118 459
459 575
459 744
744 422
959 225
118 149
422 32
459 608
575 654
744 310
32 976
959 450
225 742
18 489
169 975
32 62
575 48
310 232
450 830
959 849
608 53
450 520
118 605
608 505
520 324
505 937
62 22
654 943
48 697
830 765
937 734
32 369
744 227
744 345
520 454
32 784
227 888
345 718
943 633
520 715
169 990
715 49
943 163
976 330
686 817
633 89
163 600
830 561
830 678
937 904
561 818
520 456
734 77
943 147
608 266
456 448
32 757
561 37
37 351
857 42
937 593
678 613
149 39
818 852
937 141
765 259
62 41
686 601
849 471
678 213
53 551
830 709
937 815
422 997
551 200
77 869
225 244
697 672
18 265
459 203
997 162
818 548
259 683
118 280
62 393
266 931
369 433
203 764
454 542
505 735
613 371
561 529
330 866
42 179
448 102
62 146
937 887
213 150
990 1
459 465
887 908
735 166
542 332
1 859
37 780
200 661
849 294
18 644
489 194
859 55
1 750
959 377
686 643
575 19
633 276
742 334
203 586
19 234
505 632
601 501
194 389
147 946
310 736
433 386
213 901
633 406
735 584
351 792
946 367
561 587
489 97
200 277
575 65
203 573
818 693
294 803
830 418
542 385
227 628
678 20
371 181
529 388
852 296
150 126
697 85
718 301
227 307
869 710
551 466
225 905
817 90
901 717
301 299
301 832
280 325
857 595
937 178
179 153
118 447
386 318
89 688
997 30
678 732
764 705
332 579
377 577
654 424
715 980
102 251
89 295
41 2
19 993
448 756
975 441
294 552
385 115
644 138
465 467
471 808
181 671
406 23
153 635
613 449
39 319
422 311
371 59
551 675
471 655
931 541
178 652
466 105
1 275
32 70
997 606
232 258
732 523
178 436
467 950
166 429
179 67
90 484
484 206
523 36
141 749
126 543
163 796
277 930
501 881
393 698
294 521
905 851
115 180
541 297
505 712
244 981
49 565
832 854
406 335
595 74
543 106
595 945
732 660
780 230
808 656
447 14
433 810
311 426
406 437
857 142
628 202
784 248
311 137
77 249
351 308
930 743
149 287
887 984
65 699
377 410
441 119
213 428
501 785
946 665
881 6
901 858
275 242
693 469
371 68
178 236
810 535
1 326
655 81
325 919
672 320
521 574
55 840
85 241
635 5
866 986
119 820
671 73
959 664
548 536
406 566
780 313
418 534
301 495
296 28
950 438
851 844
945 799
448 957
990 631
18 361
536 271
351 614
251 692
750 58
543 403
275 177
448 87
765 917
241 250
780 648
633 560
742 691
750 130
743 343
320 298
628 33
138 333
249 591
587 729
418 864
227 696
652 798
784 753
298 867
333 463
697 413
614 110
324 640
307 193
869 544
297 778
244 791
857 926
643 340
495 713
471 139
242 783
150 813
67 788
465 884
753 176
77 116
463 198
788 886
241 597
62 933
130 517
85 650
713 767
573 305
454 462
42 431
984 88
888 211
385 191
90 394
575 641
138 66
584 215
177 79
343 503
37 435
230 107
62 963
330 879
744 894
459 144
275 78
521 911
548 487
77 133
660 416
200 876
258 948
296 892
447 762
671 618
456 209
287 689
90 626
579 915
713 969
541 461
406 483
808 479
141 871
517 669
276 83
655 366
608 562
441 679
437 201
654 109
788 346
448 759
818 11
818 384
976 804
762 218
483 47
294 539
535 947
393 525
517 425
176 847
295 576
715 455
456 71
937 970
87 445
33 112
813 555
792 131
343 572
332 159
911 16
463 443
406 936
495 624
70 475
307 427
767 50
59 157
191 842
105 9
450 588
678 816
487 167
911 336
37 458
561 453
88 165
648 451
242 148
536 390
230 540
810 151
467 604
366 444
389 728
937 273
227 120
957 992
176 896
675 254
469 468
424 989
179 412
489 262
734 865
729 114
340 821
386 649
997 708
963 457
441 814
989 362
573 400
468 553
626 281
90 682
345 168
297 524
540 92
457 758
466 918
333 306
969 111
682 890
236 939
859 507
539 282
696 172
118 571
867 158
251 490
330 690
672 596
571 493
535 392
443 160
377 828
149 519
191 52
697 84
682 779
109 964
818 711
107 846
765 363
628 93
832 506
543 233
89 745
369 175
325 358
867 26
986 331
137 255
459 902
758 368
39 996
361 916
105 786
424 547
116 527
993 155
177 349
297 677
631 695
305 873
53 938
854 122
697 415
177 856
459 700
276 293
144 609
162 207
858 477
14 502
179 531
791 54
573 731
866 21
14 874
890 353
908 373
416 899
207 267
332 761
459 285
275 43
847 580
992 499
461 35
672 13
209 480
21 642
975 3
85 985
552 569
191 411
803 657
93 794
652 292
39 961
234 752
301 482
425 773
52 800
465 269
852 581
209 321
711 802
996 190
377 34
254 610
484 442
553 98
480 317
660 719
200 63
442 868
74 907
366 872
919 827
682 651
931 974
191 224
644 934
384 356
126 460
543 284
651 174
277 199
71 811
418 684
613 223
191 64
499 909
650 515
326 954
346 967
436 994
194 513
832 514
201 823
540 185
319 612
736 559
975 380
169 261
318 354
847 75
588 360
986 845
147 473
828 364
468 897
525 862
719 123
644 721
308 252
626 835
138 850
437 379
311 272
153 171
18 833
480 492
65 376
555 771
902 314
314 630
467 46
388 434
586 620
734 837
502 558
514 238
609 978
527 592
50 439
199 932
842 965
155 210
490 452
436 60
529 279
447 533
215 237
462 589
248 659
416 197
558 270
461 637
165 212
779 602
68 27
97 880
858 408
299 703
367 288
657 680
990 797
745 329
635 405
665 885
202 508
364 790
869 991
742 809
311 819
529 274
361 681
759 481
908 518
293 668
736 927
465 226
416 694
832 374
862 398
837 372
517 205
466 189
131 722
937 430
677 470
796 893
518 607
893 504
238 117
384 186
149 125
63 264
461 838
358 72
608 928
331 328
75 12
499 240
487 727
703 740
251 687
867 549
548 557
544 414
698 737
49 653
630 154
30 853
753 348
179 940
351 440
329 355
224 357
32 789
356 143
967 594
150 801
635 822
571 673
608 952
541 291
416 960
223 663
897 96
71 760
684 256
600 956
434 239
574 968
791 720
207 878
794 323
26 511
693 161
952 920
340 140
899 725
190 953
301 510
928 738
837 615
41 496
368 488
607 474
553 900
236 707
301 182
241 419
609 173
637 187
779 962
295 322
968 383
143 634
976 563
657 423
167 337
820 327
242 855
295 401
838 805
529 247
653 494
708 793
837 646
392 304
52 220
641 998
557 303
881 912
873 733
888 776
976 546
927 246
794 76
963 347
174 545
535 951
318 829
190 658
33 344
179 509
144 674
372 898
2 861
946 621
934 730
758 170
358 629
577 616
771 378
356 365
481 29
54 739
759 99
271 10
798 216
784 86
413 910
632 214
620 257
534 512
334 396
642 766
440 381
170 100
601 397
165 882
899 645
878 113
439 231
84 877
448 44
86 966
174 516
719 278
39 91
159 192
892 638
442 446
100 670
657 568
727 387
224 826
732 982
216 999
575 995
462 538
237 714
852 286
362 662
692 972
588 647
182 136
203 723
930 839
999 979
657 341
561 774
901 929
160 772
75 391
483 667
20 903
444 420
216 82
468 582
680 716
750 195
557 283
563 129
840 746
10 38
430 636
288 421
954 532
161 289
280 302
576 554
827 914
801 824
155 184
96 782
858 382
302 889
547 40
850 229
226 941
482 472
314 921
48 188
426 498
828 104
421 135
163 145
938 625
920 556
661 399
601 755
637 944
285 526
366 895
171 94
814 222
344 31
92 156
396 486
888 24
579 228
210 134
99 627
743 836
944 245
614 127
305 704
519 312
750 619
610 537
792 80
475 863
917 103
351 639
163 848
472 666
383 204
466 598
223 585
441 45
636 988
450 787
426 860
664 56
640 726
441 925
926 987
740 795
58 221
157 121
455 25
114 528
882 309
259 108
447 973
460 476
459 768
740 983
774 339
364 402
443 775
789 290
691 807
84 924
176 958
867 834
620 17
419 164
767 971
605 724
563 843
202 260
130 316
690 603
597 128
301 806
842 923
607 7
853 124
592 235
653 590
572 599
738 491
593 407
402 101
465 922
290 777
805 611
650 770
740 567
454 95
330 8
944 500
258 268
81 685
260 622
228 253
454 955
869 530
830 550
958 769
474 61
953 578
820 51
390 617
250 395
683 913
626 359
502 404
133 841
279 4
273 464
688 781
725 315
63 208
519 15
733 812
29 152
414 243
249 183
385 196
776 350
108 870
581 748
331 485
632 747
277 623
923 875
289 338
80 409
644 352
737 935
177 706
867 263
5 949
49 906
43 702
736 977
574 751
473 676
232 417
47 583
541 564
594 57
717 219
952 570
351 825
298 763
76 942
461 300
837 69
734 522
953 478
598 432
200 891
589 701
801 375
56 883
31 831
559 342
946 370
836 132
649 217
50 741
6 754
403 497
1999
1414 686
686 1057
686 169
169 857
1057 18
686 459
1414 575
686 744
686 422
575 1042
1042 1755
1042 32
1057 608
1755 654
1057 1132
575 1686
32 450
686 1563
1755 1498
608 1530
1042 1200
169 48
450 232
169 830
1498 849
830 53
459 1198
857 605
575 1839
744 1818
1057 1609
1057 22
857 1864
608 697
830 1432
830 1291
32 1876
32 1826
459 345
849 454
1132 784
1839 888
849 718
697 1525
48 1982
1563 1801
1839 49
459 1743
22 1252
1498 1772
232 1791
1525 1333
1252 561
575 1271
561 1318
654 818
849 456
1755 77
1414 1650
1650 1546
1864 448
48 1565
605 37
456 1137
1791 1975
1318 593
1982 1090
1198 39
1333 852
169 141
1982 259
1772 41
575 601
456 1194
1498 1205
1205 551
1525 709
1982 815
1975 997
697 1605
1042 1490
1743 244
888 1643
1057 265
422 1021
265 1804
1755 548
1057 683
857 1263
49 393
1200 1423
459 1341
1341 764
852 542
1975 735
1132 1321
1414 1849
1839 866
1263 179
866 102
542 146
830 1348
1605 150
1743 1704
542 1284
1839 908
48 166
1348 1989
1565 1625
1530 1122
1132 661
575 294
593 1980
77 1835
857 55
744 1533
1348 1519
601 643
1743 1885
244 1245
1432 1515
1801 586
1090 234
1989 1350
1980 1390
1743 389
456 946
1200 1917
830 1758
345 1848
1021 1259
456 1089
1515 1045
1605 1305
1563 1082
857 97
1605 277
1839 1235
1200 573
1839 693
818 803
265 418
277 1890
232 628
1057 1575
1839 181
709 1763
422 296
259 1280
735 85
1090 1889
1835 307
1801 1112
1112 1420
1021 1065
1263 1454
1390 717
1849 299
608 832
830 1361
1801 1143
908 178
1090 153
832 447
888 1088
178 688
1132 30
389 732
1650 705
1890 1662
908 1675
683 424
1245 1799
1849 1328
1525 1442
1625 1320
654 1858
232 756
1259 1677
1772 552
586 1289
1065 138
1818 467
1065 808
717 671
265 23
389 635
1677 449
55 1282
1350 1258
1625 1501
1989 675
593 655
601 541
573 1207
150 1222
141 1624
307 1920
608 606
166 258
1605 1208
1271 1769
1763 950
178 1572
85 1256
643 1803
1763 206
601 36
459 1723
542 1470
601 796
97 1735
1769 881
1864 698
643 521
456 851
561 180
1758 297
1320 1587
683 1097
1563 1035
424 1190
102 335
1122 74
698 106
732 945
102 660
718 1297
1686 1770
1065 1080
232 1041
265 1170
265 437
138 142
1321 1659
671 248
141 1592
1686 1238
718 308
1755 1842
671 1745
1826 984
1021 1915
1420 410
683 1249
1263 1767
1804 785
593 1540
1045 6
1305 858
709 242
1540 1374
1745 1673
784 1809
1170 535
1341 1921
1770 1811
459 919
1090 320
552 1422
1200 1531
1849 241
234 5
1587 1960
803 820
815 73
686 1827
150 1138
575 1604
1235 1343
1282 534
1454 1776
1318 28
1827 1856
85 1693
1271 1726
1864 957
1791 631
1297 1243
1755 271
1143 614
635 1761
1198 58
1989 403
586 1870
1143 87
1194 917
643 250
150 648
403 560
1758 691
688 1363
1454 343
551 1788
1263 1627
614 1516
1788 1782
335 1657
614 1510
418 1923
299 1272
1989 1206
1498 1447
1498 463
1041 1383
1763 110
1222 640
1272 1000
1328 544
1849 778
946 1570
320 926
601 340
820 1013
1677 139
1138 783
784 813
1624 1522
1761 884
55 176
884 116
655 198
534 886
521 597
1570 1672
1042 1528
1776 650
1222 1713
919 1187
1960 1026
697 431
1272 1638
1662 1608
418 1359
1057 1771
1917 641
28 66
575 215
778 1023
335 1044
698 1725
917 1408
277 1487
456 879
548 1580
299 1861
418 78
1321 1702
997 1589
23 133
1470 1159
58 876
1609 1859
139 1731
277 1435
908 618
1044 209
1839 1296
431 626
1839 1786
1026 969
110 461
1089 483
1422 1947
1743 1905
614 669
830 1793
169 1717
551 562
32 1648
1057 201
234 109
97 346
1256 1142
1804 1155
461 384
1575 1268
1799 1754
146 1146
418 539
206 947
55 525
456 425
655 1904
146 1748
1677 455
1890 1036
1858 970
1818 445
1748 112
1835 555
431 1899
1743 572
1305 159
1723 1690
1122 1179
820 1777
73 624
1361 475
456 1618
1112 50
1138 157
109 1687
1989 9
614 1346
1447 816
1414 1242
1065 1163
1296 458
110 1930
475 1372
1572 451
1686 148
1648 1914
150 1622
969 1020
1673 604
445 444
1864 728
50 273
1540 1667
1589 1700
1205 1581
1975 1495
1280 1381
234 989
343 412
1245 262
970 865
77 1800
614 821
1849 1629
1414 708
9 1092
403 1607
1763 362
1516 400
708 1612
886 1292
816 1382
1748 168
87 524
146 1813
744 1792
1044 1994
675 1752
455 111
1570 1564
957 939
1374 507
1618 282
1870 1061
1198 571
1572 158
1320 1555
23 1030
593 1623
1263 1441
654 1437
1580 160
1587 828
299 1640
1587 1852
539 1789
1813 779
1789 1728
1848 1389
1792 1684
1470 363
139 93
697 506
946 233
418 745
1776 1956
133 358
1350 1940
447 1654
1752 255
160 902
1770 368
561 996
1146 916
618 1838
601 547
1915 1015
1435 1929
1818 349
764 677
1920 1005
524 873
112 1458
816 122
206 415
1622 1388
1190 1829
1792 293
277 609
41 1463
1305 477
655 1308
1818 531
1859 1967
1624 1104
1915 1176
111 874
1137 353
548 373
1065 899
544 1395
1889 761
506 1216
461 43
1222 1872
461 1867
1761 1513
1723 1901
1838 480
1748 642
1777 3
36 985
1587 569
1612 1739
87 657
87 1678
728 1476
198 961
1381 1762
643 482
572 1231
158 800
1890 1169
1208 1083
525 1878
39 1369
1206 190
1788 34
852 610
1587 1550
1876 1221
50 317
1728 1943
1788 1480
1967 868
73 907
1967 1682
1346 827
34 651
1731 1646
1726 224
1690 1360
1080 1425
1728 1323
1138 1573
1782 1711
1159 199
1271 1124
224 1095
996 223
1348 64
888 909
635 515
139 954
1159 1991
349 1823
675 513
1901 1535
160 823
425 1378
970 612
1811 559
916 1075
1487 1149
461 1724
1159 75
250 1976
1245 845
1142 473
78 1079
961 897
1956 1558
1390 1228
852 721
1624 1335
559 1853
320 1052
1550 1641
358 1955
691 171
1228 833
85 1808
816 1532
821 771
358 1846
1827 630
950 46
456 434
1872 620
1725 1439
1575 1474
917 238
628 978
1607 1081
1745 1073
779 932
1395 1087
1532 1707
1061 452
452 1584
820 279
1707 533
448 1907
800 589
1228 1105
874 1219
48 1614
166 1356
1818 1337
400 602
41 27
78 880
876 408
1222 703
106 288
561 680
87 1312
434 1236
297 1485
947 885
800 1741
1414 790
234 991
1754 1469
1187 819
1976 1147
307 1220
531 1024
1498 1093
691 668
589 1316
1015 1182
515 694
677 374
677 398
819 372
1490 1569
1818 189
1235 1452
1789 1306
1143 1016
1341 893
1272 607
1282 504
515 1857
1677 186
1026 125
902 1173
1190 1393
1920 1596
1469 928
454 328
1280 1232
288 1766
1667 727
168 1379
1346 1484
1318 549
1350 1419
30 1590
816 1680
1960 653
64 1734
1776 1645
815 348
800 940
916 1985
1982 355
705 1051
444 1100
1159 1954
1393 1795
1021 801
1079 1719
1728 1202
1100 952
1726 291
1105 1992
784 1674
431 1737
1155 760
1200 1214
1093 956
745 1928
1435 968
1208 1508
431 878
1743 323
1546 511
1826 161
560 1764
703 140
139 1315
813 953
265 510
703 738
1777 615
1662 496
1985 1750
1564 474
1474 900
1005 1937
1463 1894
271 419
571 1932
1643 1746
1083 962
1535 322
571 1049
1546 634
425 1952
1673 423
952 1653
355 1007
190 855
601 401
362 805
1363 247
353 1040
1801 1464
1717 646
1734 304
800 1613
1818 998
803 303
297 912
873 1327
693 776
1088 1338
1546 1705
37 76
1100 347
43 1579
1258 1247
957 1931
1623 658
1917 1632
1221 509
675 1241
661 898
708 1865
1791 621
1080 730
764 170
1943 629
455 616
122 378
1289 1506
1713 1600
1789 739
900 99
1546 1101
454 216
437 1660
630 910
1252 1009
474 257
304 512
708 396
1929 766
957 1567
1584 1265
1982 1022
1580 1449
764 645
1023 113
1021 231
1625 877
1920 1267
1132 966
97 516
355 278
1763 1655
242 192
675 1778
1943 446
410 1056
384 1250
1674 387
140 826
1600 982
1095 999
945 995
1776 538
1231 1426
1657 1998
513 1523
125 1406
1573 1973
55 1971
1372 1076
1546 839
744 979
979 1805
1931 774
1480 929
669 772
1613 1969
801 1358
624 1701
1024 420
1361 1462
549 582
1846 1351
122 1897
1042 283
1271 129
1584 746
1673 1135
1989 636
1390 421
1081 1453
1147 1879
539 1529
1858 554
970 1224
180 1027
141 184
1564 782
1861 382
74 1999
998 40
929 229
1146 1854
111 472
1532 1913
909 188
996 498
378 104
1857 1840
472 145
694 625
1596 556
739 1903
1667 755
1529 944
446 526
74 1486
884 94
1030 222
559 1279
1627 1896
604 1270
1312 24
790 1465
1041 1472
1808 1909
1224 1908
803 1457
1564 127
1643 1553
190 312
93 1831
969 1006
1903 80
1707 1325
444 1377
968 1496
1296 1482
242 1060
179 204
1870 598
129 1963
199 45
1495 988
1470 787
1826 860
1271 56
947 726
1618 1681
1627 987
49 795
181 1995
110 121
746 1102
161 528
1328 309
1956 108
606 973
785 476
1419 1815
815 1352
1693 339
668 1304
1777 1721
40 290
148 807
1690 1094
1216 958
1645 834
322 1477
947 164
1954 1597
1406 1109
1238 1887
1660 1217
785 316
521 1559
1361 128
28 1972
1677 923
1035 1161
1351 1821
1137 1798
1739 590
958 599
233 1331
646 407
180 101
288 922
746 777
1559 611
1687 770
1146 1953
1590 95
953 1988
534 500
1890 1647
1762 1407
929 622
1051 253
1480 1400
1991 530
480 1837
1904 1679
1089 61
445 1332
1200 1732
1219 617
1622 1512
30 1479
1516 359
1432 404
677 841
425 1601
1647 1197
1857 1416
97 315
1587 208
164 1286
125 1547
279 152
1182 1368
897 183
56 1630
626 350
6 870
1870 748
635 485
106 1730
1363 623
1335 875
262 1038
1247 409
447 352
708 1880
945 706
1179 1096
1280 949
345 1834
77 702
49 977
1920 1139
1991 1409
857 1626
1809 1779
1352 564
216 1288
87 1606
985 570
1207 1478
498 1195
1799 1509
646 300
382 1790
1920 522
1132 478
922 1287
755 891
1479 1084
506 375
1999 883
1331 831
776 342
1529 1433
87 1736
1320 1552
923 1370
1214 754
1490 497
122 1300
1992 532
1776 1488
99 993
919 1507
635 695
1975 1822
273 1591
300 1443
1931 214
398 714
1985 284
1081 1471
1608 1615
1552 576
164 527
916 1773
350 971
1899 8
642 453
697 151
1835 203
5 397
1811 1927
970 1103
876 1068
832 1740
1341 824
1332 134
273 351
1901 690
1909 915
1442 1233
176 1676
355 246
50 565
957 1391
900 487
987 1543
1805 1399
1142 494
342 1160
1773 225
1655 117
152 503
985 792
291 1177
160 1685
6 1816
504 1780
1648 460
1859 357
415 850
1766 789
735 354
277 1599
1263 1574
1045 959
1474 921
883 1329
694 666
1390 172
1423 1886
885 91
1142 1003
1432 1983
160 1542
1963 1276
1016 583
1068 1421
158 1145
3 1347
735 1310
1056 439
732 1230
997 380
1265 1642
845 1715
1885 1033
1155 364
1479 14
589 1621
805 1598
1804 581
398 1148
1003 1634
1735 1239
999 1274
498 1116
646 1376
1051 613
1913 1314
648 1787
874 518
1216 924
598 684
1872 1802
452 981
1725 98
1519 1981
538 1053
1080 10
1321 1668
1592 481
1390 1950
208 659
771 1129
680 1240
922 385
1044 724
1909 563
789 261
355 1656
1051 163
142 486
761 869
539 1164
1861 19
437 736
1051 577
970 674
922 1692
1519 780
563 365
1433 811
1572 1893
312 591
1155 13
172 1010
125 1489
748 798
1053 1620
448 1071
1486 1427
1581 1386
1142 38
821 1566
1224 1322
32 536
1170 751
1655 603
821 1062
1274 1714
1195 595
1782 546
1435 119
1963 1718
1092 1298
1532 701
1834 1111
1161 1534
815 1227
1087 126
1861 226
1643 1440
1857 11
653 51
397 1961
1522 213
498 1185
1083 810
728 7
412 321
732 336
657 1742
358 835
1769 1339
409 318
956 1108
686 269
761 1964
108 287
924 245
374 264
1040 301
50 175
396 1401
1305 580
282 356
1228 443
1700 1181
1558 1863
616 1153
1097 1965
1463 84
910 416
39 1344
1608 305
1973 462
308 1264
1569 1131
116 1410
1859 972
1304 1926
1878 1577
766 1883
608 1757
917 464
374 1180
145 1091
472 62
1073 501
922 673
299 1644
1092 344
362 1158
988 753
1323 652
1129 523
1870 704
380 1933
928 1993
1488 844
1068 114
1917 256
45 394
507 1266
1579 260
522 1459
1393 197
496 681
1169 1098
170 105
27 1211
1211 1411
43 432
157 1666
1400 980
1818 1765
1486 519
372 1505
1675 773
973 12
49 1371
1596 306
1488 65
1901 329
1656 867
128 249
784 390
321 567
1038 1968
197 167
293 1697
736 1043
354 1281
486 1874
1792 1593
1410 210
1010 1970
1677 1210
590 1582
1800 330
1530 286
1506 240
111 1633
8 67
1321 1397
282 311
694 406
830 319
1147 1209
1808 678
688 280
1337 1938
680 1997
175 285
1040 44
1052 804
358 1064
642 1085
1519 1262
844 1130
1179 1345
1088 965
342 733
577 1107
1748 1847
1901 252
420 31
1016 1223
1792 276
1623 1373
1496 1171
1931 465
1427 417
1519 15
340 1136
1981 57
1598 115
1769 1602
572 734
1656 281
1878 35
1625 1722
538 574
1208 689
273 230
1377 1493
50 765
1778 1186
1306 1067
643 1902
1137 1727
728 402
304 1039
641 1875
150 1751
1200 1922
76 1234
73 1819
1609 856
1064 1709
1700 1549
257 1152
1227 1483
1575 1744
372 154
65 1824
140 904
874 2
1647 1978
677 1154
1080 1050
1152 854
142 1828
1267 484
401 1275
912 251
1667 1018
1724 1664
365 491
1316 1157
1421 600
671 716
256 1760
1143 848
108 212
1659 1497
811 1537
1552 1204
1316 1843
234 1032
886 1759
996 193
1080 1384
965 588
640 310
987 887
415 1520
714 632
1577 1934
924 983
1179 1011
310 1475
1092 1004
778 637
1270 1945
560 667
1572 1806
1230 1619
294 325
1816 1445
1361 1637
854 757
666 1898
921 194
28 1396
1880 243
1889 1226
1865 1277
285 1694
888 1639
420 1260
828 1568
1286 1283
1901 1783
503 103
447 1467
243 740
453 1404
689 1712
317 1720
245 1571
1648 263
629 1213
684 1910
1802 1294
1569 1166
1563 1521
1819 1784
1258 1541
1088 1661
1534 1957
1853 502
172 1699
654 994
257 1556
1932 155
1755 367
555 1429
1332 21
1886 1225
818 1357
754 1334
475 1611
249 1192
1808 685
1872 107
1983 676
782 191
1620 1986
343 1424
1399 1125
1553 118
359 1307
939 1855
170 1392
611 1948
1640 557
416 466
745 1191
1085 1295
1913 1578
380 1832
899 1817
167 1415
1604 1706
982 92
866 955
1890 1303
35 1749
1360 1299
634 1900
590 338
582 762
1228 1851
1699 392
950 1996
303 1365
1937 1029
1231 493
1643 295
1177 794
999 670
191 788
634 1436
92 1841
1033 1781
1277 882
328 938
166 470
798 722
1887 1001
1890 1663
1027 1048
716 1919
849 1172
1800 1450
57 1012
1613 1912
1457 639
1171 82
811 207
1181 1987
126 1911
1702 1066
604 185
104 934
1447 809
420 543
815 1367
1945 1028
297 948
554 1756
1676 1188
855 1106
948 17
1425 1617
1693 913
453 1418
1859 1688
109 1336
1318 725
242 1689
1392 405
1408 895
1930 963
424 1691
1528 292
94 1115
1874 1990
598 440
1914 274
74 1
1407 1526
1003 1461
551 1628
1761 489
1346 1417
1762 871
669 1539
1899 1891
401 1651
262 840
1194 1733
1672 1123
1757 1127
971 1820
257 942
315 1557
74 596
1896 1862
1071 1293
1950 1603
1891 334
1024 333
667 520
271 1866
1713 377
1758 862
1930 711
1773 1362
127 662
1236 1588
1116 1246
152 254
1803 1888
1728 517
779 302
1050 1466
1484 1504
1297 1342
680 1882
815 749
1927 514
702 100
1789 1311
192 587
869 59
1542 665
622 71
1701 975
560 1695
1211 1428
1442 165
283 266
1016 812
1751 1448
1458 1868
544 442
1676 889
1555 217
755 1261
1981 1514
989 490
617 901
37 1670
13 1349
524 1140
1064 436
18 149
1397 83
1321 742
1485 1491
1589 1364
1520 1402
1643 381
1291 469
473 205
688 791
1566 413
1779 429
1509 1353
501 1444
301 20
1506 468
698 471
502 931
401 545
463 894
1123 896
1060 1716
234 1251
224 60
1815 1595
493 1385
1750 1825
1603 326
1470 1037
1038 1884
1948 327
1104 1830
855 951
14 664
1780 715
453 72
60 1017
8 1616
456 1833
423 29
387 4
346 1586
127 1881
390 566
1498 1077
1676 1183
1017 814
1158 211
545 937
49 25
1421 1671
1277 553
1342 1708
1672 270
978 713
1559 1966
67 825
72 427
1197 1468
140 1324
1973 592
616 1794
1331 1511
290 275
354 859
178 1285
1818 1768
1607 1144
1620 649
1082 1918
1991 42
1777 1892
595 132
821 1785
622 1178
1760 379
1694 130
1890 88
1495 1545
1093 1850
59 1636
166 723
1697 672
500 366
1963 853
940 974
1170 268
476 1941
345 1301
1393 147
1820 136
481 1561
97 337
772 331
1084 1063
287 710
1181 729
1225 1753
373 1141
1191 86
636 96
1589 579
973 90
1091 200
491 479
891 802
1575 1554
547 1814
158 508
1932 864
82 1796
1478 933
191 1936
1334 1481
167 1196
1501 1120
303 1871
1666 1008
1878 769
1039 737
654 925
436 872
717 1398
452 1193
590 1703
288 976
1723 842
1917 663
669 687
1164 16
1832 267
1217 1583
1539 1212
1851 1696
659 1434
1453 376
1109 1738
138 1951
1609 1002
1636 992
77 1431
1163 1977
1127 1502
456 1494
1211 1034
1719 1319
1040 1248
1109 220
224 797
1220 63
1389 174
703 1576
301 767
1421 759
385 1330
1720 1594
1857 1203
1693 47
715 822
1751 682
1731 1984
880 906
1378 1836
1197 1054
473 435
30 1860
767 1403
198 964
826 488
1957 747
1067 892
572 1189
1998 1544
1743 1317
1182 930
1442 1255
1179 1499
400 361
176 1698
1449 1354
1753 1669
1852 1167
1447 1113
263 927
797 1375
1637 187
586 177
344 1014
1124 903
112 1729
1421 1128
710 1548
811 426
1493 218
870 1652
1344 558
6 1119
639 386
994 313
1135 1278
1474 692
1836 752
141 388
965 920
1 1873
19 1072
307 428
501 33
1245 1560
1030 656
451 1215
1616 817
595 1924
1146 1162
32 228
1783 495
512 1959
1147 638
780 1958
1521 383
1318 1309
1296 1126
1559 584
1404 1201
718 1114
779 1031
1325 457
1288 298
1385 1184
981 69
347 89
1250 758
259 1562
62 540
303 594
216 837
266 1916
139 235
1062 1151
1396 1974
470 990
1967 1273
240 1326
1763 162
1811 341
186 1069
1910 1055
376 492
454 236
626 1451
871 1812
1451 81
1428 1962
444 1610
922 768
1128 1290
524 1635
1905 324
457 1254
1972 720
910 124
921 537
361 1218
59 1133
1094 712
1383 227
651 1121
712 863
526 700
1926 1935
1624 619
375 395
1510 1524
1681 1387
1674 1456
1477 1150
1899 1939
29 1925
982 505
888 135
983 1237
1227 743
674 433
138 1944
429 1340
1754 314
893 741
721 1895
389 529
1234 1229
1318 332
716 52
1890 1165
920 941
1599 781
444 438
236 1244
1183 1269
373 1473
1375 799
44 1313
117 1412
1642 1517
1871 943
245 861
1401 239
1094 499
1493 144
536 123
853 1747
302 1906
1360 1046
1382 1869
1375 633
1644 430
1342 369
359 960
1245 1774
639 1942
1436 935
327 120
351 750
1375 763
1250 1413
674 1117
1350 202
1571 843
1445 156
416 1174
1435 1797
1217 1199
139 1845
941 414
1629 182
1483 1257
667 1527
1153 195
1465 1438
720 131
1963 370
841 1355
145 1134
1243 399
738 847
1610 1500
417 441
355 237
376 836
1231 1844
274 1455
1119 1775
1224 550
1296 1058
1328 1949
673 699
1634 1168
616 1118
896 196
1642 1366
575 70
1681 1807
983 1394
880 696
1553 1810
864 786
1496 846
1140 79
1497 1518
273 1683
758 1019
1352 829
784 173
778 568
1707 1380
162 137
1355 68
42 707
127 1156
462 1460
183 26
1745 679
758 289
1653 719
321 627
1314 1665
1209 1585
1792 1430
1547 1710
622 1086
707 731
187 411
1387 1110
1808 1649
1661 143
132 272
86 1175
1907 838
208 1025
779 936
1255 986
717 578
1033 1074
1764 585
122 1658
372 219
1143 1538
192 54
650 1078
1225 391
1122 1070
1397 1503
1884 806
1941 1099
1450 1302
1176 1631
1229 360
1607 911
349 371
1992 775
331 644
380 647
1930 1946
1750 905
1610 1979
40 1492
155 914
1575 793
650 1059
888 1446
1093 890
1906 967
1561 1877
1834 1047
736 918
1539 221
731 1405
1258 1536
821 1253
1876 1551
