200 2000
15 156 100
115 15 56
5 15 86
83 5 66
200 156 67
89 83 89
90 15 76
70 15 30
131 156 12
138 156 20
18 156 43
153 138 53
112 83 37
33 90 80
91 70 48
81 200 29
16 83 94
172 112 80
14 172 96
95 81 74
136 83 90
21 89 46
182 15 84
42 70 25
35 156 82
117 81 63
183 5 9
145 91 84
113 117 52
102 83 87
199 172 68
20 95 39
28 153 49
128 172 97
93 20 87
75 112 23
68 70 25
7 112 60
114 183 29
29 90 62
171 70 66
1 112 38
58 35 61
140 58 60
178 16 77
108 15 52
48 42 6
132 115 90
77 114 74
34 68 35
159 117 95
41 15 6
191 68 50
143 68 52
121 95 32
177 113 92
152 159 11
150 171 7
109 132 30
49 1 5
3 177 2
111 90 31
100 77 90
135 48 82
168 150 80
66 1 91
151 138 65
155 177 57
170 152 12
190 75 89
127 168 68
62 77 59
71 150 82
133 81 13
92 75 92
57 112 39
107 113 5
105 34 62
2 145 34
103 57 8
123 153 87
158 107 75
59 108 83
162 143 90
120 42 84
88 112 95
17 131 97
36 108 63
186 145 26
110 182 17
73 127 91
39 127 43
129 75 33
96 117 75
4 120 24
99 90 31
86 42 11
197 66 33
146 114 35
79 140 68
26 58 88
165 200 50
22 16 55
37 123 16
10 21 7
116 89 9
180 178 12
185 79 71
31 59 2
13 133 57
80 132 31
174 93 3
130 105 33
188 15 45
175 130 84
67 28 24
154 21 58
87 182 87
181 102 46
137 67 43
61 112 41
157 199 3
164 93 90
46 31 82
53 110 21
60 5 36
56 109 51
38 129 32
148 158 3
176 174 17
160 170 59
169 77 61
161 170 17
144 86 84
194 156 3
12 96 75
44 158 36
11 7 42
72 169 89
32 31 17
54 70 53
195 17 52
122 36 96
184 165 95
189 95 11
76 70 51
40 62 11
142 39 82
84 127 6
98 16 12
24 130 13
52 181 92
51 129 65
74 175 39
55 79 97
97 83 1
65 183 82
125 128 26
63 15 47
27 2 71
47 135 41
126 109 22
141 155 100
64 59 18
50 132 4
106 29 48
85 132 25
30 4 43
196 177 43
173 37 61
192 133 23
25 190 11
119 41 16
163 112 45
104 195 91
134 24 72
167 177 47
8 73 34
118 73 26
187 10 18
43 3 18
78 197 57
9 151 97
23 127 67
94 76 54
45 184 63
179 137 33
124 164 82
147 67 55
166 73 53
198 49 48
139 56 26
82 14 95
19 136 16
149 57 69
69 150 4
193 196 43
101 19 88
6 134 67
132 175 87
48 56 21
14 8 91
53 100 68
135 123 54
101 106 58
92 160 95
45 66 38
151 3 80
148 32 23
142 99 2
93 32 49
189 75 31
126 184 77
54 176 57
58 142 28
31 188 63
179 75 75
36 114 59
123 15 6
54 17 2
188 77 7
75 93 28
165 129 20
159 148 65
8 17 11
123 46 29
73 98 77
28 33 63
185 100 50
86 114 32
139 96 60
26 151 75
125 56 14
117 52 87
195 166 54
139 164 17
104 24 25
123 10 2
189 188 87
139 112 8
55 128 47
55 127 76
131 13 96
85 7 2
172 196 1
52 184 13
8 72 77
117 121 45
143 150 65
49 8 43
125 130 90
101 91 11
193 27 90
107 110 19
182 65 51
115 198 31
113 157 8
129 196 31
140 96 63
111 37 60
17 184 34
102 49 72
50 104 51
160 65 83
184 159 1
200 78 39
122 19 17
174 78 83
168 190 74
85 10 65
199 73 17
7 70 62
111 167 28
154 104 45
91 141 61
172 3 65
200 72 97
116 125 24
160 14 86
130 143 87
64 9 93
138 189 94
57 193 72
164 22 38
188 32 35
47 45 10
104 67 64
190 184 51
160 167 85
107 200 32
48 146 54
146 98 21
183 35 67
200 36 98
123 51 71
5 100 27
144 117 97
7 109 50
74 187 2
136 2 80
85 171 83
178 191 60
2 105 97
17 125 33
76 21 23
26 190 30
67 112 95
18 57 59
152 106 67
96 95 30
161 71 41
199 79 100
15 123 82
62 118 13
62 83 39
122 138 33
172 93 26
150 184 16
196 1 27
40 164 59
148 193 40
183 105 68
125 46 34
172 88 77
138 157 50
190 157 24
181 42 61
89 56 93
85 43 2
8 153 4
148 111 80
98 143 17
39 95 50
131 41 1
182 4 58
131 181 82
39 91 46
188 153 86
13 70 70
119 56 61
22 180 51
8 71 55
196 195 81
123 191 80
19 164 91
37 101 83
12 64 75
31 183 87
81 169 89
64 89 29
41 162 26
130 193 62
69 98 45
167 63 80
131 198 100
141 56 39
59 127 22
71 179 49
64 164 39
172 101 91
120 16 73
93 138 37
70 53 87
11 117 20
135 106 43
166 137 58
164 171 20
5 7 11
87 88 55
130 18 49
168 8 38
20 160 17
105 109 63
122 139 84
48 35 7
110 73 43
116 45 91
144 153 44
107 32 17
116 142 93
99 68 38
13 15 13
159 15 23
83 55 88
140 35 82
19 162 99
163 178 83
37 41 26
40 200 95
19 7 53
36 193 52
55 4 40
184 44 57
165 48 58
18 55 67
131 148 39
92 133 68
37 45 66
194 117 79
165 74 51
52 20 89
194 111 28
164 36 55
32 34 9
121 134 77
24 101 92
133 134 74
168 28 18
3 181 55
189 42 100
100 68 12
200 70 97
26 158 12
102 66 85
30 118 45
163 175 10
55 170 69
129 106 29
76 32 3
173 11 51
195 40 65
18 167 29
162 193 21
169 147 93
133 159 6
136 92 86
16 13 12
146 172 98
190 175 19
151 119 82
170 18 60
85 110 54
150 159 89
55 122 90
154 133 34
123 93 40
87 198 68
169 93 35
75 36 17
50 1 8
110 92 65
22 40 99
46 11 60
3 47 57
175 39 72
186 171 36
199 105 68
115 71 35
24 137 93
11 72 98
22 146 65
83 110 56
107 95 33
173 197 3
48 53 7
58 20 56
87 18 84
31 165 53
126 5 7
129 22 15
14 48 91
173 70 8
27 107 46
108 3 20
182 129 33
86 123 51
9 88 18
134 113 74
97 108 28
45 1 41
154 77 43
99 110 9
71 42 24
58 20 30
153 5 25
117 113 48
129 144 84
105 17 38
184 95 21
121 65 59
38 151 6
56 99 75
74 111 15
169 155 52
57 166 82
155 72 85
185 12 15
107 15 51
159 12 100
41 91 83
190 193 91
103 41 48
178 200 76
62 107 38
94 70 17
194 90 38
11 195 71
177 32 15
161 15 80
87 134 28
17 139 46
125 83 23
83 145 77
11 141 26
141 136 4
2 125 8
21 82 84
198 101 3
25 176 42
67 124 84
67 184 31
87 13 70
106 5 88
48 107 63
78 159 95
63 25 15
139 11 12
108 1 47
186 102 52
107 66 5
59 101 44
166 119 97
111 40 36
108 117 44
124 80 58
194 132 83
169 133 57
40 58 27
77 36 2
70 27 42
194 88 30
40 52 37
127 168 8
16 194 12
189 97 49
130 126 45
185 165 85
69 139 74
67 155 88
95 82 4
101 143 45
25 172 28
112 77 18
52 161 100
75 81 20
172 97 38
44 114 92
187 8 33
163 96 87
64 30 39
76 179 95
74 87 10
29 78 38
198 72 26
121 194 19
168 187 67
52 119 6
1 139 55
62 167 99
53 195 83
172 20 23
39 59 9
109 69 50
136 172 1
25 45 40
22 46 4
168 92 54
185 63 12
113 89 84
75 46 70
58 39 1
71 24 77
47 94 45
146 74 16
61 29 74
97 175 42
97 189 65
154 75 88
83 121 31
23 65 75
120 5 52
80 185 71
160 148 94
184 133 11
85 165 34
66 22 98
101 24 59
76 57 22
152 125 31
163 31 19
108 197 86
129 37 30
177 28 64
60 113 75
40 94 27
96 5 12
193 9 58
23 128 56
69 2 72
183 114 79
103 116 28
28 103 78
90 158 67
38 87 1
62 123 59
78 101 99
140 176 19
4 102 75
12 152 23
12 59 90
92 75 75
42 34 92
59 32 46
83 121 54
37 144 79
61 101 91
17 148 38
129 145 41
25 73 72
71 121 71
90 154 29
177 193 58
36 189 50
164 113 81
59 35 43
19 131 44
157 73 45
63 143 95
22 132 44
83 62 94
42 100 87
148 190 36
11 167 29
136 5 73
83 64 95
101 184 37
115 80 30
197 5 14
4 134 74
7 174 99
124 123 95
2 96 47
29 80 55
21 45 20
50 67 69
185 79 56
172 183 5
162 109 94
3 171 68
163 106 16
47 45 46
121 11 40
41 135 25
90 184 12
125 153 8
55 102 83
18 89 39
6 99 93
108 112 13
124 187 48
32 102 28
163 162 88
137 161 40
120 187 61
107 112 31
48 96 55
94 102 68
67 130 55
140 141 30
48 82 68
77 136 74
186 136 39
42 108 16
10 75 19
24 193 30
30 161 88
63 45 37
130 161 46
27 153 13
6 119 80
66 112 87
176 183 94
191 4 1
106 45 41
21 163 49
102 164 25
46 177 86
8 108 36
22 198 24
4 160 76
91 2 14
18 192 93
16 176 37
118 92 33
106 33 46
172 81 25
65 41 19
171 128 81
130 39 34
64 13 1
155 96 23
133 164 41
184 116 35
83 170 6
157 133 74
182 27 50
13 197 25
127 7 62
82 198 67
183 169 34
44 31 97
129 98 98
190 117 11
144 42 99
111 46 62
35 97 84
78 150 3
46 61 58
186 171 2
41 35 20
144 91 43
70 74 7
180 200 80
118 150 78
173 17 11
60 154 86
187 12 29
71 33 96
132 130 84
25 126 18
175 155 41
188 153 46
79 131 98
111 68 41
92 100 82
148 150 12
45 14 57
77 184 61
178 132 70
71 133 80
41 135 50
31 174 58
30 16 47
100 182 91
40 41 41
84 3 80
57 156 8
107 118 15
197 72 74
64 43 10
198 169 31
98 76 32
86 142 87
130 74 78
94 8 71
90 85 9
23 57 15
38 6 29
94 90 58
169 114 6
92 193 10
114 105 90
77 114 66
55 15 7
88 61 57
163 33 84
113 80 6
108 148 37
35 149 9
15 18 2
169 22 92
38 141 9
46 103 78
146 113 94
98 100 14
101 172 67
143 156 68
3 24 55
132 149 27
194 164 1
161 90 71
78 7 53
156 34 74
49 54 3
83 65 60
186 31 67
98 20 52
101 62 88
142 176 27
115 143 12
170 36 96
130 28 16
81 184 17
55 193 21
197 29 28
42 5 50
167 142 59
35 156 95
151 46 83
123 82 62
174 60 31
76 145 4
185 11 47
149 182 38
167 134 31
56 152 32
38 11 14
30 163 66
163 78 12
22 67 50
168 114 64
200 123 98
106 114 41
160 56 31
99 166 5
136 65 85
140 52 30
45 161 56
86 139 41
39 199 18
2 15 49
139 5 46
7 25 42
163 72 73
108 78 98
103 46 71
158 115 63
196 190 81
91 183 37
165 179 69
159 176 25
129 58 29
158 1 78
69 190 92
90 124 99
67 1 89
119 148 38
154 157 38
132 30 92
135 51 77
60 160 1
43 19 80
38 153 85
198 132 7
121 51 35
36 150 85
139 77 98
86 45 58
83 21 94
140 40 76
132 53 12
16 58 88
20 85 61
190 152 96
46 161 99
42 156 61
84 108 60
114 25 93
8 108 27
149 39 59
156 150 92
195 176 2
31 85 69
135 83 20
59 183 54
153 160 12
92 200 93
96 20 12
195 58 78
199 167 95
163 156 23
110 188 39
67 81 67
156 88 82
156 100 36
139 54 94
60 82 24
156 161 85
60 152 24
155 171 63
158 142 83
21 29 27
123 115 17
185 159 56
83 34 37
133 137 36
45 133 20
178 2 97
169 120 23
145 113 26
139 80 69
46 122 52
170 157 9
149 186 75
89 149 25
52 117 99
173 179 76
128 95 98
64 23 20
92 169 83
85 190 11
71 151 55
52 197 35
21 95 16
159 49 91
24 187 62
12 2 33
47 161 97
133 129 25
151 26 13
79 62 32
168 42 79
192 142 1
170 63 78
123 52 42
81 172 100
159 95 27
6 143 32
190 4 51
200 57 23
83 4 64
178 110 15
104 72 28
190 157 21
166 172 31
193 73 26
93 177 95
88 105 84
149 31 90
51 156 81
21 186 40
160 16 76
188 178 61
179 155 11
29 113 36
179 42 16
152 145 72
143 27 22
86 147 90
98 14 56
20 150 52
197 96 85
163 135 88
148 26 10
198 149 52
10 110 79
93 88 1
48 75 27
185 154 38
155 194 75
96 190 79
181 82 17
27 79 81
119 24 2
198 3 56
173 130 45
15 137 7
33 158 37
137 176 91
163 189 61
130 105 74
41 189 58
11 127 97
67 199 81
112 110 13
65 61 50
112 57 71
72 176 84
30 119 3
98 136 26
8 40 13
165 59 29
71 11 12
30 83 91
40 59 58
199 3 29
2 36 1
102 154 28
200 127 65
151 171 45
80 77 18
100 27 54
172 35 4
146 148 87
128 129 52
151 168 13
189 193 65
123 169 28
93 86 3
4 32 19
143 106 15
70 171 33
84 188 20
146 12 70
19 32 28
29 24 21
121 80 22
171 52 32
156 116 99
180 54 78
193 165 74
72 170 8
4 199 33
159 50 6
104 128 53
59 164 17
126 59 29
105 142 14
18 177 71
64 36 94
22 132 48
71 4 55
60 23 85
143 41 39
70 166 2
183 170 31
20 179 37
23 61 67
172 200 32
54 176 18
57 187 71
137 6 91
1 192 11
80 188 93
78 22 88
186 147 28
52 22 82
92 40 10
172 32 93
109 33 2
120 168 1
77 90 66
7 9 13
174 17 31
186 80 95
10 158 11
127 43 13
174 94 78
166 155 82
39 136 54
178 94 7
100 9 36
41 129 91
92 101 57
190 198 100
88 47 47
190 10 63
187 58 68
170 162 75
144 71 87
76 149 57
188 73 69
156 4 51
22 118 12
180 41 59
11 32 54
130 157 54
5 149 8
133 143 33
198 60 95
155 65 94
97 200 59
130 171 62
90 96 95
61 149 54
71 39 33
49 24 60
117 25 82
111 166 32
151 55 56
43 195 27
107 164 23
118 35 3
23 32 17
169 102 47
44 116 13
50 24 72
160 158 50
139 180 28
50 14 16
192 59 26
65 170 75
145 97 19
149 86 27
8 73 57
153 104 68
60 169 45
129 170 22
151 32 49
24 200 79
28 110 61
132 189 71
28 196 41
29 40 8
194 77 8
42 196 99
4 77 92
7 23 54
36 88 11
188 113 8
160 109 20
86 81 86
6 27 45
99 44 38
60 108 92
137 39 85
118 113 16
31 143 57
16 117 37
88 38 68
141 54 27
44 72 59
16 33 63
137 46 94
155 29 75
49 10 25
190 161 3
85 163 75
170 1 96
162 42 13
45 46 57
121 125 1
111 109 35
53 147 83
142 83 53
184 41 28
14 111 96
14 52 6
189 23 15
126 63 35
141 119 75
149 79 42
98 46 42
13 4 70
86 99 65
53 98 25
187 151 87
114 169 29
24 100 70
46 200 44
118 150 96
94 56 18
13 143 63
185 175 50
1 153 21
56 51 81
195 111 27
48 10 66
181 172 91
39 175 85
68 56 8
46 150 59
108 143 90
122 147 78
184 84 38
81 23 38
121 21 26
162 75 55
128 24 36
157 194 12
134 118 84
37 169 51
84 109 100
130 54 71
140 115 53
18 68 85
110 107 41
139 19 6
170 18 7
40 152 58
6 95 59
71 30 98
36 4 43
127 105 76
144 2 20
56 20 61
108 54 94
26 184 93
121 195 79
170 181 75
193 73 100
98 44 42
66 69 36
113 165 72
36 130 69
106 78 37
38 160 72
184 37 23
197 76 79
57 152 56
94 144 77
97 106 67
110 43 9
74 47 18
63 155 42
82 74 68
68 192 27
21 110 19
16 108 66
92 52 28
187 186 26
46 44 43
6 20 62
93 135 65
169 57 27
67 115 3
58 166 21
45 103 12
65 155 98
159 106 86
176 145 22
162 166 93
71 194 34
51 114 40
40 48 19
166 103 72
32 58 54
26 90 70
111 11 18
165 11 63
1 93 76
43 60 43
141 173 69
2 126 87
149 136 93
145 48 51
62 174 48
41 192 7
129 125 70
172 70 100
3 129 87
21 151 14
130 57 83
47 119 31
128 109 35
97 73 27
108 190 57
146 43 26
94 149 84
41 164 82
170 24 71
127 185 66
65 26 38
25 177 30
187 26 74
55 84 88
152 46 31
58 146 39
105 56 95
61 59 10
170 1 49
146 130 19
106 181 70
176 150 85
29 110 95
42 195 3
169 44 23
171 14 87
175 133 54
136 39 74
132 17 59
158 99 52
24 96 94
68 90 6
165 119 1
180 190 7
4 64 45
62 53 32
52 161 15
92 63 52
19 200 33
141 43 39
121 4 53
99 70 38
154 54 56
167 84 22
196 33 3
15 36 100
26 191 9
173 159 77
127 102 30
75 40 90
62 82 30
149 106 86
176 84 41
32 53 83
135 58 14
1 130 18
58 160 66
200 17 30
185 103 2
53 56 28
20 124 24
99 166 36
86 11 94
67 192 26
22 125 21
11 50 58
16 31 60
97 153 5
137 52 19
90 25 14
177 38 54
47 18 80
5 144 89
49 176 100
173 198 38
92 178 30
2 184 94
17 57 75
148 60 43
104 69 38
83 67 34
109 100 12
115 159 12
176 67 57
156 82 70
179 98 12
42 10 22
159 162 97
9 75 66
64 121 52
173 148 8
162 138 9
145 102 79
59 54 71
13 57 96
34 118 1
132 66 69
7 100 40
6 169 57
76 63 77
171 46 97
131 168 90
153 79 93
185 187 96
111 18 10
91 135 74
65 137 82
128 40 61
150 166 81
103 131 42
80 124 51
90 123 7
195 176 95
185 4 26
145 46 19
35 102 58
181 32 72
186 115 88
158 68 47
101 107 90
133 109 60
148 175 22
26 149 62
62 156 9
19 104 51
22 34 85
21 27 98
23 53 44
136 110 11
61 195 98
189 166 94
46 199 97
122 88 43
15 60 98
185 171 81
27 5 15
157 68 80
160 11 44
190 143 99
140 191 35
119 99 78
32 67 91
173 175 29
83 76 23
65 43 21
89 138 43
65 25 35
116 138 27
19 181 79
124 146 96
35 66 14
98 30 39
23 6 70
170 130 87
24 192 38
194 113 37
42 105 53
45 29 10
79 48 30
100 30 49
152 121 66
38 64 86
189 119 73
103 87 55
15 72 87
167 69 77
67 98 82
123 136 18
41 109 19
97 149 40
85 184 38
151 16 28
189 144 36
28 136 44
99 125 91
75 149 2
92 126 97
173 85 19
82 48 29
85 55 56
102 33 11
105 54 70
106 75 89
126 122 95
141 143 62
68 178 11
183 103 31
156 150 40
135 65 83
23 44 39
58 143 27
104 136 62
22 115 6
115 169 6
63 35 74
79 113 25
105 80 88
129 4 36
102 77 96
19 44 35
186 165 92
149 52 8
109 133 73
169 138 13
128 171 75
52 2 41
11 103 47
115 176 41
173 88 34
3 69 19
164 41 40
85 173 15
71 133 21
113 191 68
97 143 54
50 175 58
113 151 60
162 64 2
191 170 1
46 93 70
105 184 39
140 105 50
94 99 70
139 76 2
33 141 88
51 40 61
146 162 71
31 196 38
112 39 50
71 32 69
75 91 92
106 34 80
81 181 98
19 80 15
6 181 70
147 134 69
129 174 36
199 89 28
67 11 56
138 196 67
91 146 40
37 194 82
87 62 48
188 45 66
157 8 28
197 102 70
51 127 21
12 21 53
18 118 98
170 67 61
105 127 20
39 69 76
24 159 64
108 107 89
59 137 25
150 152 66
25 118 15
39 196 96
126 92 26
38 128 10
141 30 17
25 145 78
25 148 65
41 97 80
140 60 77
190 169 41
136 176 92
75 18 12
46 81 58
101 21 71
101 27 10
40 41 96
174 90 8
130 125 92
4 86 13
187 142 55
128 42 8
68 146 78
53 74 68
182 141 47
192 157 46
22 195 39
92 120 49
40 38 84
148 84 3
72 130 80
122 99 58
104 134 64
39 198 19
157 109 90
19 106 2
124 6 50
134 155 66
125 80 78
8 81 91
62 193 28
101 146 73
187 24 67
12 86 91
27 96 94
25 106 81
86 55 89
169 47 90
109 104 60
134 170 32
58 29 49
90 137 28
73 160 65
128 163 89
78 123 38
200 56 33
24 37 32
12 170 55
109 152 32
48 92 7
31 40 92
78 33 99
151 134 45
154 120 100
113 45 90
186 102 16
7 36 35
33 155 39
17 124 96
189 128 88
61 107 49
32 56 62
59 194 10
179 119 51
60 123 75
153 176 88
67 31 60
74 59 57
51 14 58
125 197 38
42 71 95
139 129 98
109 66 58
105 175 52
70 179 89
54 163 16
179 161 17
21 137 3
72 87 8
12 199 17
119 90 13
30 131 86
70 100 24
157 22 23
89 56 2
67 104 92
169 70 59
138 76 75
172 192 7
185 127 78
102 68 22
178 44 47
136 172 40
105 155 75
79 125 80
167 83 54
48 125 63
199 29 66
41 119 36
23 43 82
58 154 46
19 199 88
174 120 42
86 87 25
196 188 10
130 121 65
10 56 21
41 179 71
172 93 23
147 126 50
104 171 60
50 91 45
181 2 60
164 14 99
148 81 42
169 25 82
87 55 26
157 43 8
200 95 64
135 10 99
133 193 50
98 94 34
154 110 28
99 184 88
22 139 42
148 105 29
34 49 38
47 159 54
95 3 63
46 101 25
103 17 57
42 26 41
62 132 50
114 76 20
129 98 96
78 109 94
166 164 5
123 142 31
78 118 52
89 90 1
152 158 41
51 110 19
7 23 94
38 159 29
14 199 67
124 107 88
33 7 76
163 36 65
63 123 97
137 90 70
183 194 51
10 192 76
168 15 53
197 112 3
109 168 12
154 74 26
160 166 3
128 155 44
173 110 74
197 74 75
41 199 97
31 168 69
132 68 28
186 72 41
124 163 85
114 52 20
59 158 73
147 58 80
35 121 3
70 174 95
80 181 30
174 105 35
95 44 85
75 137 45
101 157 96
142 178 91
178 137 81
14 196 71
190 119 17
65 14 94
155 156 84
142 76 97
53 166 38
82 124 10
71 66 83
144 150 37
88 68 80
86 196 57
12 191 47
109 48 89
175 60 50
8 125 38
191 199 43
65 103 55
184 176 10
15 166 54
117 119 51
196 128 46
45 91 38
190 142 51
20 187 73
26 105 72
34 93 51
137 14 34
113 31 17
61 87 28
90 92 74
12 83 31
169 137 51
160 57 28
194 63 17
5 160 24
122 99 10
68 145 10
122 132 32
15 104 81
97 155 60
101 31 12
129 65 75
159 198 81
60 77 23
91 64 38
152 124 25
105 62 38
16 150 48
196 41 98
116 101 64
194 155 13
162 176 12
38 175 9
54 49 50
133 25 3
15 11 45
168 136 22
196 31 40
65 83 19
23 160 25
48 1 28
159 4 78
111 117 83
139 182 59
4 56 1
5 193 56
182 176 3
37 191 67
195 105 27
183 186 90
25 179 78
38 65 64
123 116 9
170 7 17
182 126 98
192 120 10
187 27 89
120 197 71
46 127 51
4 153 12
96 110 42
102 20 25
186 31 21
154 7 49
186 1 65
94 160 69
50 140 48
14 39 53
62 18 93
156 58 100
134 87 1
112 118 83
44 118 58
163 110 10
87 109 17
9 96 63
73 107 56
127 76 79
141 88 83
146 176 55
92 101 2
195 170 94
25 77 40
135 13 48
2 67 11
162 167 83
137 110 45
30 184 24
92 25 1
48 103 36
73 95 77
19 178 28
142 30 95
192 4 62
143 59 98
126 82 33
8 30 94
109 72 39
132 94 63
57 113 17
158 55 22
92 78 67
8 186 29
44 161 41
194 134 60
126 17 81
173 141 76
114 55 2
39 33 60
73 33 9
200 31 65
123 78 23
30 164 78
70 195 14
53 62 12
51 189 23
171 150 62
42 39 20
26 180 41
120 174 33
166 155 91
79 35 61
65 38 33
142 55 90
29 90 54
81 141 41
193 61 60
68 35 80
46 78 93
4 106 92
12 127 83
70 88 71
159 40 16
51 27 49
104 197 25
19 153 86
89 41 20
57 197 15
184 148 92
30 155 33
86 18 37
26 151 54
129 61 44
112 58 33
113 46 60
144 165 1
16 7 40
50 27 65
69 92 35
56 9 60
153 147 10
29 185 74
26 16 61
197 143 37
135 109 10
68 34 28
189 9 49
42 103 68
169 15 32
14 58 70
30 10 33
74 173 1
89 119 72
151 189 85
42 35 19
25 194 59
13 158 63
54 159 82
129 144 70
146 2 85
160 58 14
30 45 6
183 182 59
130 22 71
79 51 24
103 139 83
21 171 74
65 73 20
135 23 6
172 118 23
112 157 77
54 141 19
44 168 5
101 9 38
30 184 73
2 165 60
146 147 48
53 171 74
86 139 86
26 30 32
20 27 37
200 119 41
22 143 29
197 139 63
62 11 43
86 22 42
4 15 22
168 175 47
42 172 41
25 98 81
200 91 53
98 165 47
88 33 8
123 121 86
79 89 42
15 19 56
165 194 97
161 171 80
102 26 22
189 75 14
129 106 22
179 76 30
112 99 93
105 109 69
96 129 99
65 76 40
155 23 92
18 33 60
179 57 100
106 129 24
153 89 39
124 8 41
110 83 90
85 153 67
153 35 87
188 66 70
178 170 49
107 2 36
29 76 75
80 54 48
67 181 73
152 5 43
180 60 44
182 39 76
88 55 72
199 140 77
144 40 87
186 68 12
160 168 16
133 154 8
135 138 44
18 109 89
41 91 4
147 89 54
172 104 95
115 19 72
113 87 57
31 19 2
197 98 1
148 55 56
32 33 67
2 12 73
92 199 41
32 119 29
58 39 88
105 173 17
169 159 41
47 30 60
191 44 90
38 161 66
188 192 73
75 27 95
28 145 19
70 121 27
197 139 5
125 7 96
154 128 14
195 177 3
46 142 6
72 2 19
124 145 97
57 138 91
117 41 79
106 100 47
179 191 23
115 16 45
62 52 22
8 78 88
172 177 1
21 4 88
61 149 42
145 129 51
54 180 31
121 138 25
197 68 77
176 171 4
94 142 7
141 41 78
134 114 21
5 48 61
109 74 47
185 136 79
16 3 61
162 189 34
31 17 9
107 14 78
147 50 28
24 148 31
180 21 12
149 111 61
186 131 70
97 189 38
137 197 7
124 187 13
113 144 84
38 169 80
190 38 35
