100 1000
79 97 4
2 79 19
44 97 100
35 79 61
85 35 1
27 97 13
19 85 11
61 19 23
83 19 24
28 61 99
67 85 22
15 27 100
65 97 3
48 61 2
59 35 69
38 44 85
13 19 96
68 79 20
6 19 3
41 48 47
92 67 98
95 97 17
5 6 49
70 2 58
87 5 60
30 95 18
31 5 81
47 19 16
72 85 25
12 65 97
20 97 63
53 92 30
86 65 44
100 53 21
74 48 93
23 95 1
34 53 16
36 86 33
42 27 75
80 23 10
25 13 40
89 53 58
55 27 87
14 89 93
99 36 43
46 48 59
43 100 89
26 27 60
52 19 64
62 65 35
7 14 63
58 99 8
10 61 14
18 5 74
84 67 46
16 74 53
51 20 20
37 38 30
21 37 94
71 6 22
98 87 9
78 95 94
90 42 76
17 85 50
60 68 88
32 95 97
57 59 30
3 13 3
54 79 93
1 23 35
75 67 93
94 79 1
96 74 80
45 41 66
40 18 21
9 19 91
4 36 80
56 62 57
69 57 3
24 100 76
39 45 12
66 28 35
64 52 73
11 38 38
22 5 87
33 67 48
91 34 64
8 56 22
82 68 5
63 86 14
29 99 68
76 25 28
73 66 39
88 24 69
49 18 58
50 4 2
81 2 5
93 43 94
77 19 77
69 54 26
3 62 9
55 18 34
97 78 98
94 95 83
56 18 74
73 8 40
27 58 76
33 88 46
59 36 56
20 8 57
85 77 65
16 47 43
57 39 38
95 14 55
68 99 99
24 100 97
51 20 20
38 36 36
60 52 5
75 96 96
96 61 23
48 17 66
91 31 86
4 93 60
52 28 63
51 4 98
53 32 52
12 71 22
18 99 74
45 9 14
19 84 47
41 38 84
23 76 65
39 5 17
86 94 45
1 28 83
84 8 67
96 11 4
48 54 58
2 46 75
34 54 56
28 52 14
68 96 72
14 89 19
30 23 26
96 56 47
64 39 78
11 89 76
61 1 7
86 76 70
65 13 43
93 59 81
99 14 48
24 87 37
7 44 37
1 48 34
18 5 10
48 18 89
48 16 21
22 17 19
5 98 2
11 89 49
72 82 8
15 11 48
92 64 60
73 75 23
80 40 65
47 63 29
100 32 94
12 99 75
57 52 32
70 1 82
74 77 3
79 51 65
72 77 35
47 59 78
79 9 62
19 91 25
17 98 37
16 49 5
95 80 87
57 69 99
79 76 21
22 69 8
37 66 75
98 24 35
36 99 73
27 75 34
75 76 30
92 64 79
67 58 86
98 71 15
88 91 78
55 6 19
17 53 33
36 8 99
64 90 12
73 14 30
1 97 97
42 77 21
9 87 8
11 3 60
62 37 74
28 84 99
93 39 83
63 75 10
47 36 98
70 30 27
49 89 14
96 30 73
75 23 52
39 82 57
42 62 95
47 62 13
80 90 11
89 12 13
28 92 1
26 30 39
90 45 10
88 62 88
5 1 74
61 18 76
23 75 83
68 58 9
68 7 99
66 19 66
98 4 2
22 69 71
93 63 100
55 81 44
63 76 26
12 100 88
45 4 18
68 79 39
79 27 1
20 3 82
97 12 11
78 99 81
35 6 18
16 48 50
15 16 95
56 17 20
52 39 80
73 76 27
5 98 47
90 71 78
54 86 94
38 10 33
2 48 32
24 13 93
99 68 74
44 1 8
7 72 38
38 80 14
99 41 69
81 45 37
64 20 19
19 24 96
40 88 48
19 59 94
6 22 100
4 88 20
29 89 38
76 87 85
27 11 5
44 7 52
85 56 23
23 59 88
61 30 72
99 20 67
79 93 69
47 55 7
77 44 96
18 48 29
38 24 71
61 49 31
100 56 15
20 41 33
37 57 8
25 85 31
50 22 59
28 67 45
45 3 79
17 81 43
17 66 15
84 34 55
44 54 43
8 60 59
24 92 49
26 94 100
98 91 50
30 4 48
39 95 77
34 48 46
84 85 83
39 62 24
44 41 88
49 84 4
43 95 94
19 27 99
13 99 40
11 88 54
84 91 81
13 19 47
71 79 69
90 88 76
16 96 3
65 91 88
32 8 74
43 31 37
71 98 17
11 29 27
70 3 74
64 67 15
92 5 81
12 51 74
60 20 17
22 32 69
5 41 15
12 37 94
62 19 28
94 80 16
44 60 30
67 9 3
77 32 72
99 86 42
49 7 78
89 17 56
36 17 5
9 53 45
97 62 3
45 22 86
17 84 73
48 93 80
98 13 34
68 58 85
74 57 32
21 86 22
44 28 45
46 39 63
1 82 28
30 74 56
95 90 16
53 21 82
49 96 93
37 41 18
82 7 65
79 42 48
13 79 64
19 1 67
91 68 83
63 1 95
23 99 82
66 78 39
74 35 92
49 26 16
51 79 80
85 25 98
18 58 97
81 19 30
75 83 86
50 24 77
53 43 43
30 23 19
10 8 54
65 46 94
58 88 94
73 32 68
100 57 8
41 100 42
8 42 76
25 27 31
66 38 99
84 45 41
98 92 40
2 89 67
17 67 60
24 56 86
19 7 85
41 93 96
62 72 60
78 54 46
78 17 47
84 98 25
77 5 20
25 37 32
17 41 83
45 76 72
64 56 52
50 48 40
60 99 73
74 85 83
3 32 91
64 2 47
25 19 43
12 8 43
3 94 36
95 75 39
31 41 46
11 68 6
2 40 81
79 11 5
89 91 54
98 75 6
56 53 17
64 40 76
74 92 40
57 25 66
55 49 67
77 21 74
34 24 80
43 67 39
7 72 19
76 21 57
71 72 32
10 63 33
43 2 12
80 36 1
93 87 58
90 5 84
73 90 76
77 38 59
18 38 99
81 55 82
57 32 33
27 77 68
80 77 17
52 81 79
89 72 72
86 20 16
70 11 23
42 60 81
1 15 18
90 38 42
77 69 39
52 41 90
64 91 40
43 57 78
77 28 1
49 39 49
94 11 39
82 87 30
43 84 21
17 67 12
81 100 44
67 84 50
25 97 17
51 25 5
47 38 51
59 36 76
21 87 7
54 26 83
11 100 4
60 78 33
54 50 59
51 23 63
20 9 61
36 17 80
23 56 3
6 23 51
6 71 17
41 99 14
70 72 43
5 10 37
37 81 63
52 56 79
32 15 75
69 23 55
43 98 94
11 93 78
86 83 34
59 47 43
57 58 45
97 84 51
47 59 15
65 95 70
63 87 59
64 4 58
3 27 20
23 80 99
66 74 26
28 36 74
48 17 45
31 27 11
95 68 34
48 55 49
33 1 100
98 77 92
8 6 85
82 90 45
49 79 77
14 57 53
4 71 62
80 20 31
6 53 25
83 19 94
89 82 65
68 27 35
21 77 45
43 94 70
27 4 51
54 22 55
59 66 18
75 59 3
44 16 100
71 5 77
51 52 29
7 31 55
97 59 31
14 93 100
1 38 63
74 28 23
54 100 70
15 51 35
51 58 99
5 24 25
23 72 9
46 88 72
68 94 93
12 19 80
99 17 58
91 48 45
91 35 15
46 40 12
62 8 40
62 65 75
14 67 68
59 73 45
19 5 75
53 82 21
44 38 57
3 92 80
40 80 27
35 36 86
7 25 4
29 80 28
83 70 39
78 11 24
68 19 4
85 71 82
31 27 82
12 35 28
54 99 75
77 49 85
90 52 39
31 2 17
50 62 62
85 80 57
76 31 57
37 47 61
18 15 82
61 15 62
43 9 58
63 65 90
18 55 58
82 12 68
30 50 54
56 27 32
91 37 63
74 9 31
69 42 23
41 63 51
2 48 93
67 8 7
37 75 37
85 21 88
88 82 81
14 92 75
82 60 69
77 56 25
98 22 68
2 66 71
55 18 64
79 85 48
61 67 95
93 62 52
42 43 47
12 1 95
93 85 84
56 60 29
35 25 86
60 66 23
59 9 69
77 27 50
16 86 60
3 95 99
65 87 25
42 51 7
92 96 88
96 11 96
19 17 13
69 13 7
47 36 3
36 29 72
81 85 9
60 13 31
78 1 14
42 59 17
10 13 98
33 13 43
33 60 23
42 80 30
37 14 97
25 21 2
95 67 17
76 84 27
40 72 3
43 22 49
67 65 31
36 21 23
20 59 54
36 81 39
34 86 100
34 38 87
57 5 24
99 44 43
30 9 90
1 10 22
96 85 77
20 6 83
83 28 9
74 48 45
6 92 47
31 85 69
13 49 71
1 59 67
36 63 33
72 22 51
16 37 36
16 97 92
60 34 99
82 33 22
57 34 17
41 49 40
97 73 51
31 92 44
52 47 55
43 27 23
44 24 11
28 79 16
11 37 75
62 65 48
91 62 20
79 63 39
30 25 62
86 94 25
27 48 35
87 96 43
23 47 84
2 61 39
83 61 80
13 77 78
66 87 3
55 89 37
70 53 37
35 10 14
84 20 36
84 9 40
92 64 74
62 67 24
94 67 62
61 79 94
58 2 100
26 94 79
41 27 84
91 90 65
48 63 44
11 47 84
25 5 90
77 14 14
20 54 96
79 63 38
76 71 32
58 57 21
23 48 23
85 52 61
58 31 12
8 23 82
49 84 59
42 21 62
17 86 15
13 61 91
47 87 48
4 25 43
93 16 62
73 27 43
14 100 100
85 99 97
43 5 20
41 35 83
72 55 18
67 17 31
96 36 57
96 85 41
20 56 58
87 15 47
29 2 27
91 24 87
80 82 22
57 19 70
70 13 12
32 82 71
36 94 93
44 52 78
41 55 17
9 58 15
62 100 1
60 58 66
30 82 83
16 51 8
31 79 75
7 95 14
31 76 30
58 92 85
99 72 23
49 48 42
56 75 12
26 32 87
3 69 11
1 36 70
10 68 26
53 82 57
75 96 75
93 78 49
86 14 75
78 92 35
66 76 68
51 76 28
25 47 86
33 58 100
100 84 84
41 38 90
67 55 23
86 78 35
9 25 38
40 30 44
7 58 90
13 79 60
82 59 92
74 51 53
51 52 6
90 60 13
34 48 39
26 56 5
6 72 30
1 16 61
79 11 20
56 8 52
99 40 91
73 90 58
19 9 14
8 18 69
74 46 71
51 73 12
96 24 5
98 92 89
88 27 54
45 3 43
85 90 30
37 6 84
34 50 13
53 7 48
84 60 14
59 26 1
37 32 45
31 25 100
83 21 87
21 52 74
96 68 28
91 68 66
74 46 75
60 93 27
89 57 60
52 39 75
58 10 29
75 45 67
28 76 7
40 52 10
5 79 83
92 38 90
84 91 92
87 45 93
79 11 14
6 100 91
88 18 56
5 74 97
27 36 63
91 89 39
86 85 56
74 85 14
84 86 95
31 57 84
50 85 48
2 37 52
55 90 27
54 5 45
98 64 39
77 89 73
97 35 46
53 57 10
25 96 67
6 79 88
20 6 40
22 64 38
50 74 27
65 64 74
96 49 52
63 85 38
28 97 64
39 53 26
41 81 91
34 97 78
94 26 85
3 37 68
21 62 34
8 26 17
67 3 45
33 80 79
21 52 14
4 52 4
53 74 71
69 32 53
86 62 24
63 81 9
92 1 9
27 48 99
15 5 77
7 92 22
82 74 44
40 79 40
68 91 35
25 22 71
84 43 7
57 99 67
77 11 63
75 40 82
7 17 61
24 54 30
47 38 93
52 69 36
1 33 22
52 30 74
11 78 81
24 65 59
35 26 17
77 48 68
90 77 68
90 71 57
98 79 50
42 20 3
38 20 48
6 49 73
22 10 11
73 64 65
93 49 93
4 7 75
34 74 27
2 83 3
72 65 71
19 89 10
65 92 94
51 27 14
29 27 64
13 77 62
95 72 89
19 95 34
51 63 69
8 26 99
86 92 72
50 14 11
33 85 22
61 70 53
31 36 43
60 52 93
29 84 52
6 40 30
73 25 10
77 71 15
39 85 75
10 63 76
96 68 87
20 37 34
16 59 9
30 10 93
22 81 86
30 75 17
61 54 58
96 67 87
78 84 65
14 42 40
28 98 24
93 7 24
75 67 20
49 17 48
100 11 14
33 2 80
32 17 49
65 69 59
71 93 47
76 58 56
27 7 95
52 18 63
90 91 35
36 59 83
12 55 44
33 45 45
9 26 7
80 38 57
66 15 29
83 95 100
45 14 83
53 96 63
78 48 98
55 5 58
64 18 45
29 94 27
37 86 61
77 84 24
98 89 9
50 73 74
81 73 79
76 33 96
92 65 85
22 29 100
9 88 39
40 68 44
47 5 48
11 24 80
72 8 8
62 98 6
7 61 50
26 50 78
5 79 2
20 86 4
54 12 56
2 17 63
98 23 5
40 42 92
53 83 10
4 80 42
94 43 64
36 96 40
36 1 15
6 10 28
53 35 62
61 49 100
60 91 93
19 74 87
25 70 32
65 63 71
76 87 51
79 57 57
76 88 88
34 24 55
38 25 39
82 60 63
38 66 63
19 98 2
39 67 98
10 17 13
40 44 33
48 52 15
76 51 74
87 27 66
93 31 18
24 99 87
18 66 4
54 39 17
31 49 46
66 98 26
83 34 95
53 83 39
50 85 63
91 4 46
84 87 92
55 1 5
45 33 73
58 30 7
79 5 57
42 93 52
84 44 60
18 29 35
13 19 66
94 55 42
21 75 60
55 70 26
31 57 34
70 91 55
17 60 10
90 88 58
18 49 75
37 67 72
48 24 47
10 59 6
97 63 16
48 43 27
5 8 47
16 97 59
18 4 61
77 52 61
2 51 42
