300 3000
160 282 93
190 282 5
81 190 72
11 190 80
43 190 36
90 190 73
300 190 100
137 190 4
233 160 6
73 11 32
71 160 83
99 71 56
41 90 41
261 43 83
89 41 10
227 261 5
199 282 60
134 90 47
262 71 35
205 282 75
185 199 41
250 89 37
80 11 87
272 89 64
152 11 57
291 227 19
31 272 82
79 31 24
292 300 65
230 262 37
17 73 85
145 250 78
235 134 22
142 233 72
267 11 30
101 137 25
93 90 88
281 300 85
68 79 65
29 190 59
54 292 74
191 272 6
37 230 88
55 54 52
127 93 56
279 190 50
149 282 51
283 262 14
161 267 75
136 137 76
72 127 63
107 227 54
118 31 79
221 31 20
22 227 74
201 190 72
232 41 75
70 235 16
141 292 85
298 127 91
117 71 55
108 199 11
206 227 52
179 90 82
255 93 39
299 127 84
6 80 60
112 108 6
56 17 62
256 179 3
274 90 63
178 300 46
172 160 39
258 127 33
58 172 85
103 185 21
215 145 57
259 299 11
195 117 96
280 292 85
246 68 91
242 136 99
153 221 80
133 246 2
27 256 91
271 298 20
96 292 31
60 255 6
126 133 74
254 37 1
12 126 49
135 6 42
23 134 66
236 232 66
275 258 52
276 191 67
67 259 10
62 79 97
222 127 12
25 233 81
132 133 80
297 279 21
34 70 50
174 161 58
184 133 29
119 68 41
66 267 20
156 261 7
1 126 90
86 54 93
88 254 66
21 41 48
177 132 32
47 21 22
226 275 22
155 262 47
238 89 56
253 174 53
64 156 48
97 297 41
196 172 51
94 70 72
257 259 2
124 73 18
175 177 58
169 235 62
9 255 12
243 101 13
61 107 49
46 205 34
165 93 96
147 46 17
120 243 71
151 147 16
284 103 66
248 283 51
123 243 4
148 222 58
164 177 100
264 22 89
245 145 61
33 160 99
213 60 30
167 160 72
7 134 94
212 33 22
128 123 37
289 256 61
286 284 14
10 213 15
20 213 11
57 88 25
187 172 44
188 275 75
223 165 36
104 253 40
116 238 99
114 54 72
157 222 50
277 262 56
35 127 26
146 299 97
263 167 77
251 165 53
162 37 95
159 248 73
105 264 67
78 104 25
163 283 12
252 232 68
207 27 48
150 108 21
111 73 8
92 276 35
53 108 38
140 70 38
229 88 77
42 101 27
249 281 9
63 242 12
217 292 84
260 145 50
85 167 55
216 279 93
189 101 23
82 62 68
18 232 72
170 85 66
138 149 73
194 243 38
231 264 5
106 20 64
45 61 100
139 94 69
204 243 36
38 291 75
121 271 45
203 96 54
176 27 41
144 93 97
113 120 25
166 230 15
234 175 74
130 116 98
295 253 45
278 92 20
293 25 79
74 60 80
77 7 89
268 216 10
209 31 74
193 231 80
224 85 20
91 37 82
202 226 39
294 196 67
180 91 90
228 136 77
75 293 48
50 1 9
129 178 84
200 180 33
186 17 97
208 149 37
131 294 86
51 222 22
247 33 55
168 127 17
16 94 79
30 106 89
171 62 76
13 267 41
3 243 59
15 292 95
240 164 97
65 90 100
220 226 30
237 275 89
19 264 54
2 264 12
26 237 3
210 167 13
44 178 36
40 276 54
266 53 29
198 3 35
69 31 81
197 252 6
154 233 54
218 35 44
4 262 13
192 103 50
76 74 4
173 178 97
241 197 6
182 129 99
36 157 82
143 238 75
109 275 36
28 175 53
122 57 26
39 105 28
239 186 4
102 279 30
181 60 49
110 136 32
269 135 72
95 112 35
83 23 73
285 226 48
183 51 93
211 63 68
288 242 17
100 247 41
125 39 71
52 31 48
287 90 55
270 156 65
290 239 51
59 186 10
115 6 92
244 299 95
158 56 27
48 216 31
32 67 81
5 234 50
219 7 15
225 179 97
265 138 55
84 289 14
49 95 89
98 58 46
8 75 78
14 241 68
214 86 21
24 14 40
296 19 49
273 51 30
87 110 89
243 251 8
224 48 27
205 262 6
218 140 24
83 55 7
106 139 64
205 226 8
227 131 25
162 179 14
254 120 84
150 15 66
270 163 54
296 11 94
201 177 21
64 230 2
261 100 8
111 262 96
260 138 2
219 125 75
88 90 56
33 21 55
105 20 27
141 104 64
241 203 26
24 288 40
97 129 4
92 283 43
93 293 19
243 158 91
290 92 6
53 76 9
250 47 77
89 185 34
233 235 60
118 203 42
297 51 70
111 8 59
11 238 17
38 264 24
168 259 37
124 90 24
9 17 1
281 110 81
95 150 62
2 272 37
262 140 8
181 99 12
189 290 88
180 51 54
34 204 67
249 140 27
111 38 32
64 193 76
272 281 56
42 73 28
121 39 59
136 15 26
190 149 24
172 275 73
250 153 81
232 295 55
189 257 53
279 31 26
14 201 83
44 89 89
116 37 32
232 220 60
128 51 14
16 152 65
103 222 58
68 238 18
64 132 28
154 72 27
240 199 41
122 239 47
12 167 54
137 91 49
223 239 82
51 28 31
81 9 16
286 63 81
76 212 38
172 115 15
281 15 66
202 293 68
124 260 80
108 204 84
7 126 93
114 195 74
263 173 50
157 158 50
283 149 2
171 300 47
135 138 49
224 13 13
140 37 97
237 64 3
71 220 40
295 269 1
154 183 75
111 186 20
249 171 87
186 123 82
298 106 74
132 150 79
116 124 64
273 23 65
64 269 10
206 259 36
79 118 4
240 36 46
163 109 66
38 44 69
101 156 89
181 250 41
80 234 55
149 106 80
7 204 15
154 251 63
231 208 58
19 266 28
186 75 93
278 293 1
67 80 53
289 257 83
180 282 43
243 236 2
240 123 24
146 270 23
69 148 76
292 194 100
90 119 45
159 216 70
208 63 11
98 213 9
227 200 95
125 79 24
118 18 36
141 98 36
179 278 25
104 178 66
8 279 35
42 198 15
37 50 1
268 228 3
55 101 66
116 247 24
53 100 97
222 162 10
154 141 73
281 181 79
66 172 99
10 53 47
252 190 3
272 163 25
3 276 15
160 82 35
108 247 76
32 178 41
20 246 70
25 268 91
263 114 98
21 123 64
164 264 19
237 218 38
71 196 11
296 175 14
235 138 99
20 176 26
164 95 12
13 224 4
220 157 50
44 88 14
228 17 85
201 168 26
130 99 15
215 260 43
269 175 46
148 115 37
297 160 7
260 137 40
187 299 70
178 43 5
28 177 10
185 243 12
57 187 48
188 81 82
202 97 72
200 14 65
40 261 47
129 111 76
275 146 60
57 133 18
20 225 76
172 286 37
154 71 12
55 171 60
284 111 53
271 284 64
71 142 18
292 259 90
4 84 86
260 273 18
249 45 15
285 278 54
3 240 51
9 44 63
15 210 12
104 114 24
89 75 17
17 30 7
276 93 59
7 211 52
168 166 34
271 243 79
173 140 65
142 268 14
170 77 76
289 46 100
212 248 80
237 289 44
118 285 83
228 35 5
189 68 85
130 201 57
236 209 49
72 89 87
115 279 64
19 87 2
125 23 11
143 148 59
174 255 25
286 178 82
161 99 52
71 46 17
1 98 39
239 35 48
114 188 64
191 192 44
166 35 9
14 296 70
109 104 16
16 256 94
115 84 31
39 293 85
101 231 62
198 55 91
118 243 60
8 9 66
117 196 32
23 162 55
230 3 68
200 84 65
29 14 69
120 159 15
299 11 77
88 288 18
52 27 74
46 119 55
136 164 60
56 126 10
1 128 33
128 127 76
240 165 18
13 216 96
264 279 6
240 242 57
140 276 50
70 287 71
287 86 96
49 235 75
226 136 76
261 233 13
56 270 78
8 178 35
13 167 82
157 70 20
264 145 1
194 242 48
122 144 33
115 181 18
264 201 62
214 213 96
131 248 15
160 57 59
158 292 51
126 110 83
263 259 84
64 295 39
7 166 33
168 296 24
111 286 54
42 257 95
156 167 17
103 210 93
110 284 8
193 154 79
274 12 6
42 145 98
86 136 21
107 202 43
200 157 71
161 250 67
176 71 95
221 93 21
19 90 51
173 62 56
22 228 12
48 242 23
63 40 23
156 212 71
21 70 10
128 120 4
178 7 72
294 184 30
163 175 73
289 218 18
135 287 72
156 96 99
99 212 18
241 297 23
141 42 60
152 105 83
86 90 48
94 146 9
234 143 37
143 292 32
186 57 80
170 3 88
300 286 22
185 183 85
272 173 58
156 121 97
169 281 70
267 24 88
37 63 5
290 65 51
40 46 100
296 27 79
115 14 82
152 197 80
49 156 40
234 154 10
195 29 78
230 238 99
156 98 26
244 74 73
190 134 86
172 39 22
226 64 88
152 117 57
290 239 60
207 206 99
218 159 62
221 36 90
244 91 22
211 51 21
180 288 52
16 145 41
134 247 52
120 251 18
29 202 49
177 21 73
9 7 3
44 151 4
16 246 39
93 136 71
150 228 19
185 16 58
29 132 88
272 82 15
150 54 59
146 280 38
50 54 17
150 38 31
17 210 85
205 52 83
81 270 6
231 179 34
132 235 91
292 166 27
62 278 80
26 22 93
73 119 77
282 86 48
18 162 40
211 163 47
30 141 66
5 188 49
293 262 42
239 45 78
2 258 46
68 118 76
158 11 7
223 277 82
13 26 28
272 48 52
31 112 28
229 285 55
46 163 35
177 274 98
181 56 95
236 289 81
169 39 3
32 290 26
31 257 65
179 242 21
142 252 72
129 205 45
109 300 14
168 268 48
58 145 19
233 145 66
16 297 30
28 85 13
187 300 82
67 122 99
42 202 24
251 174 17
46 92 58
88 43 51
133 205 16
15 269 21
176 231 36
177 284 37
57 1 92
158 181 8
144 195 3
186 232 13
161 116 1
102 104 48
130 215 19
230 143 92
213 232 85
139 58 16
224 141 78
252 91 42
119 189 92
53 54 53
254 83 9
103 225 80
140 210 85
209 215 27
11 284 14
151 199 70
29 94 88
88 241 63
211 170 77
33 225 79
69 87 32
24 15 92
150 176 9
33 258 47
136 146 45
244 248 85
158 56 54
295 162 14
152 40 49
6 105 96
151 297 30
112 64 88
14 237 12
284 27 34
220 60 67
17 199 86
59 246 86
78 243 68
25 108 81
249 16 64
158 90 74
281 44 37
245 203 46
238 280 84
274 150 75
292 90 27
155 25 44
26 60 11
18 183 73
197 239 17
56 14 52
272 295 5
231 281 19
18 192 41
237 230 63
122 172 95
235 112 53
90 190 26
215 187 82
214 227 45
278 281 81
219 55 41
69 268 96
176 47 80
258 124 35
56 17 41
82 62 49
153 75 94
189 225 27
43 240 53
238 180 79
232 51 23
96 297 20
158 114 35
196 77 82
146 171 41
276 264 77
260 52 72
207 86 54
179 133 70
2 238 98
23 260 14
23 7 42
176 164 11
77 185 62
185 300 31
283 9 16
177 69 9
261 11 16
177 31 56
203 28 26
275 243 13
191 155 28
46 65 55
150 100 49
226 153 1
94 271 1
17 98 58
11 101 83
82 126 48
142 205 23
89 179 79
166 270 72
187 134 4
10 25 41
96 83 70
298 300 62
199 217 20
125 262 58
173 130 51
206 69 83
289 12 73
142 107 6
254 33 7
6 285 27
70 261 27
38 178 31
278 135 10
185 142 29
58 230 32
134 116 15
274 76 24
115 29 17
149 127 90
232 182 90
234 138 78
118 30 90
208 258 35
257 224 51
235 70 20
195 198 56
280 285 90
31 275 86
84 194 35
217 29 44
272 172 41
162 130 1
155 43 22
167 268 9
22 106 19
85 238 78
228 170 43
236 150 31
200 47 86
8 32 97
259 293 86
252 277 52
29 77 20
250 276 40
128 245 82
206 179 97
139 298 8
178 22 72
280 136 57
77 180 8
228 285 100
20 218 32
239 294 43
34 5 6
12 159 3
55 66 3
18 242 4
247 60 24
84 158 46
294 57 81
288 292 64
59 285 84
38 166 8
122 128 80
216 251 84
171 289 99
81 226 20
180 283 25
239 22 49
25 79 42
245 162 32
294 243 71
221 181 82
249 45 20
49 28 71
257 15 8
207 75 80
118 38 56
26 77 98
66 245 57
275 51 91
99 292 65
185 199 40
127 196 33
249 118 89
97 249 1
265 291 68
213 49 35
47 61 16
178 47 99
52 87 95
133 105 63
10 114 34
169 118 58
198 67 9
114 56 83
162 253 95
271 196 32
2 134 27
87 161 4
172 257 87
150 250 21
158 75 88
11 99 84
108 39 15
105 15 75
162 263 8
212 171 32
287 145 86
27 286 99
289 137 17
238 12 90
159 297 69
270 234 97
157 185 79
77 5 41
220 43 94
95 28 2
78 174 70
274 9 67
174 296 100
210 146 87
101 247 22
36 41 2
73 26 57
221 222 67
22 20 9
97 145 47
51 14 71
8 253 44
34 293 65
14 35 48
67 117 70
171 205 44
285 152 64
113 240 77
9 45 38
133 57 96
151 209 14
58 193 40
87 252 59
228 219 17
205 279 7
93 182 91
195 141 79
70 185 49
75 223 11
1 230 31
240 112 33
48 75 84
181 62 36
289 68 85
41 285 26
280 42 78
33 53 29
232 153 54
78 282 93
190 116 18
45 270 7
270 265 25
184 204 93
32 292 54
63 122 18
35 6 42
160 176 31
264 54 48
147 299 2
281 54 66
169 124 35
202 9 53
29 134 1
12 35 36
24 86 34
97 262 94
138 57 89
168 197 24
233 65 87
90 118 9
282 64 93
47 88 36
118 257 77
61 28 42
281 153 23
238 240 89
201 210 89
261 242 97
125 17 49
7 91 57
116 186 86
202 100 20
132 103 38
174 11 33
171 65 55
191 289 88
177 183 76
171 287 18
146 123 89
236 35 43
274 206 62
132 265 94
66 182 28
87 258 9
61 35 41
181 295 95
239 171 18
253 94 34
216 285 37
230 245 28
49 180 20
80 123 92
103 20 19
81 31 57
201 145 70
265 170 11
211 107 3
31 293 61
187 241 69
165 288 90
295 173 2
174 249 20
283 280 33
218 68 18
246 263 79
230 242 93
203 182 90
281 155 92
36 30 99
79 49 87
274 244 33
268 130 61
274 140 71
155 253 58
180 208 55
91 24 73
29 138 23
34 273 41
258 267 51
9 203 49
216 133 91
35 282 24
277 74 82
118 298 58
117 271 79
191 248 28
117 84 84
60 190 39
266 117 21
55 160 85
89 200 43
33 275 59
119 237 24
56 197 93
264 154 88
181 202 99
232 19 69
241 146 72
184 9 27
75 150 80
297 53 76
93 76 82
106 201 6
63 114 95
28 150 33
60 27 89
227 68 87
247 188 75
131 185 53
209 71 94
7 119 17
216 13 87
265 128 45
200 197 98
63 172 34
63 94 67
32 258 84
267 138 87
270 111 20
55 262 94
211 146 80
162 100 31
206 275 81
68 95 24
123 211 79
273 291 98
245 92 21
164 273 39
120 194 20
199 55 82
18 105 73
92 175 99
71 208 41
115 197 65
124 77 24
61 35 100
55 258 12
269 165 23
228 108 21
177 21 29
126 47 65
40 71 90
254 45 17
78 272 61
191 231 49
111 193 96
138 196 14
196 299 28
21 7 87
191 177 42
81 204 73
97 104 29
52 234 36
5 130 93
111 144 5
254 93 35
33 101 72
42 205 98
120 212 71
177 105 50
1 248 60
141 122 16
62 223 17
87 109 10
194 61 48
293 63 83
96 268 92
118 265 64
235 38 85
17 9 84
46 247 51
39 255 18
127 268 87
166 196 38
253 296 41
147 225 82
83 180 90
83 170 89
194 180 32
267 13 100
294 229 18
102 161 11
37 113 31
182 39 99
87 18 93
215 220 10
57 121 87
59 51 66
148 17 30
158 133 26
129 120 71
290 86 9
67 77 2
5 190 92
55 297 21
283 120 43
282 86 17
129 294 76
120 147 5
263 133 100
245 289 39
281 138 33
177 54 35
28 66 35
136 205 37
56 283 65
22 85 23
279 75 99
96 109 28
157 113 26
116 172 52
230 93 11
137 201 91
208 47 68
282 25 78
62 259 8
135 84 64
156 168 34
5 77 77
136 175 24
136 282 69
1 214 76
26 275 11
162 137 91
290 2 65
61 55 97
105 49 35
217 148 40
120 166 86
113 282 68
210 181 71
63 66 75
139 284 66
216 193 81
173 87 16
96 187 70
215 56 61
212 22 75
196 126 55
7 75 78
86 6 48
186 72 65
74 134 84
12 210 86
265 292 25
197 230 32
280 137 19
185 125 80
205 190 39
268 85 9
206 133 1
196 181 73
10 157 74
95 28 26
81 185 77
25 165 8
219 25 13
16 269 100
64 166 38
95 170 24
102 49 9
212 291 12
233 70 94
246 72 81
195 45 7
22 28 44
67 244 11
248 93 41
243 271 42
116 95 77
287 217 59
154 19 45
181 249 76
75 197 44
142 212 34
74 48 91
239 147 17
210 190 19
284 211 96
208 16 56
183 256 52
24 51 80
168 159 6
279 179 6
200 156 59
160 163 7
145 106 44
168 282 81
57 60 98
83 113 50
245 125 35
44 189 71
219 275 1
286 82 75
121 238 26
160 20 78
100 58 8
163 269 30
66 253 10
147 92 51
89 138 77
219 181 85
28 12 41
196 229 59
74 156 98
99 8 54
15 289 61
94 123 48
174 217 70
86 199 6
289 285 16
98 44 47
187 120 99
139 111 2
132 45 92
222 171 54
176 73 2
245 132 83
186 283 93
70 152 76
48 43 33
8 178 60
7 64 24
228 225 70
72 237 94
4 222 9
191 153 92
110 273 18
267 74 63
211 212 36
226 212 23
101 124 17
179 211 56
42 60 61
38 223 12
153 240 96
207 106 22
230 155 80
246 137 37
42 108 37
185 67 31
85 150 100
99 10 4
43 1 81
268 44 34
125 112 83
13 194 16
199 76 89
137 175 27
273 18 27
80 263 99
143 132 83
192 292 89
253 100 33
18 185 3
172 174 60
18 298 49
45 155 14
169 284 15
87 290 54
99 113 92
71 287 48
36 167 69
142 50 61
151 216 17
47 217 81
281 48 40
62 156 29
246 195 86
253 240 76
34 229 58
77 286 44
127 75 10
281 62 19
230 248 4
202 26 43
227 206 90
240 135 18
156 264 34
19 96 59
284 4 61
182 72 6
206 195 85
73 134 17
202 169 27
153 58 19
279 218 5
5 58 26
29 185 94
211 141 42
139 159 58
133 100 88
229 150 20
9 258 5
45 138 49
181 240 44
135 168 67
167 161 41
26 186 6
77 47 47
104 31 62
104 287 7
93 235 77
91 157 31
235 33 31
229 27 18
140 120 64
275 126 37
177 155 57
119 222 98
47 60 42
160 64 35
255 7 54
168 173 53
298 63 99
231 145 89
144 257 52
229 144 7
168 180 40
37 207 18
118 52 6
267 219 15
229 102 58
19 30 82
180 252 38
4 258 66
121 14 13
232 163 79
75 212 46
241 203 89
261 193 97
124 132 95
243 248 77
271 113 49
285 89 74
213 25 74
93 138 18
81 217 97
117 299 41
39 3 83
105 70 70
294 215 81
238 92 2
145 173 46
27 25 3
61 135 87
35 130 94
28 293 84
16 223 78
8 110 59
175 222 73
285 194 32
12 231 3
110 141 88
124 205 40
267 128 38
101 70 7
134 111 93
194 135 6
142 267 80
122 206 74
173 293 60
273 226 27
90 131 56
78 154 48
267 166 70
107 174 22
260 292 6
225 155 4
79 186 25
271 162 93
47 257 90
287 184 88
167 66 70
248 221 47
64 180 66
126 90 59
264 214 72
171 11 30
219 1 21
73 22 71
237 143 22
280 124 29
10 267 33
213 289 81
180 216 71
87 34 46
99 277 78
237 44 18
14 287 76
33 220 79
291 277 42
300 34 22
131 134 49
90 120 19
8 149 28
83 191 89
263 13 42
86 54 40
210 208 54
50 105 56
273 136 79
223 220 44
299 3 28
166 178 7
148 140 68
172 21 86
293 190 6
171 98 59
96 134 37
193 131 57
1 191 11
77 143 84
16 220 62
87 174 50
300 48 62
228 130 70
195 149 40
275 242 88
179 11 70
271 49 5
177 19 77
53 241 13
180 36 12
203 166 27
97 5 34
204 168 100
277 271 82
274 252 39
15 196 89
291 86 39
63 117 84
272 139 70
138 176 15
256 174 13
79 94 98
75 51 8
137 179 38
236 267 83
62 226 89
188 149 61
19 171 42
128 101 81
138 90 15
223 287 18
165 210 29
152 287 4
116 170 42
293 139 88
185 259 44
173 69 91
22 255 42
142 154 42
283 153 54
194 14 73
37 224 85
223 152 46
198 192 55
300 260 35
266 51 36
239 108 62
266 77 24
296 237 16
39 8 6
196 247 57
257 37 19
82 171 39
13 154 34
244 139 33
36 187 78
34 77 33
258 227 52
235 75 4
206 113 37
4 119 70
62 103 63
50 151 2
46 206 43
166 116 35
300 290 9
55 231 24
3 43 60
251 123 76
48 164 96
22 17 32
144 19 50
108 157 77
252 26 94
272 174 13
246 1 66
249 92 30
58 281 54
164 132 63
40 95 42
47 259 94
178 144 43
24 43 21
93 92 51
97 103 98
255 176 66
119 106 44
223 253 66
265 282 16
177 145 18
167 49 37
260 161 64
46 76 96
174 17 25
202 74 79
145 227 20
134 292 92
243 86 76
247 51 76
219 272 31
163 109 85
293 170 30
135 8 48
229 40 13
188 96 55
199 285 21
211 163 10
166 252 89
171 298 15
221 223 26
131 202 44
218 267 83
31 57 45
101 37 32
262 130 66
143 167 37
98 50 62
16 163 58
147 96 72
258 232 57
97 270 21
299 97 15
228 94 98
57 34 15
173 112 48
96 252 16
155 188 10
17 81 21
18 287 50
129 172 98
271 21 50
75 262 29
92 198 52
2 82 23
110 142 69
213 133 36
181 206 66
49 237 84
63 56 85
193 83 59
119 4 18
7 183 78
163 188 83
94 116 95
260 213 73
215 183 16
225 64 29
9 8 23
84 217 20
8 203 48
236 10 33
299 240 23
51 70 95
29 198 52
218 202 73
234 300 44
61 107 49
14 188 17
6 218 61
147 212 9
248 93 41
118 27 72
13 83 14
115 202 82
155 246 92
110 46 51
198 239 10
28 188 50
235 139 22
18 34 38
40 248 80
155 236 84
196 269 57
109 216 33
148 161 16
278 218 79
174 113 31
192 51 50
50 246 81
10 218 32
27 263 42
55 300 94
263 3 68
112 173 92
153 64 14
94 276 55
114 153 74
217 244 65
99 202 83
300 218 90
74 107 30
21 45 88
23 55 25
107 39 100
36 116 6
273 90 3
43 286 54
137 36 38
243 84 10
239 80 47
286 259 28
131 97 76
194 155 13
152 54 32
46 218 26
198 266 79
139 250 57
162 209 6
290 109 30
200 192 9
171 231 26
86 66 96
159 36 55
254 135 23
243 163 52
156 147 25
81 118 90
182 259 42
39 120 51
236 144 61
161 220 50
72 265 82
35 123 68
29 50 75
127 287 34
7 169 20
48 185 100
127 72 95
132 229 65
35 267 61
198 276 74
180 41 91
251 15 43
207 85 80
97 285 63
189 97 36
73 225 44
190 258 53
118 277 72
240 197 44
155 19 42
32 294 62
166 39 8
29 46 64
289 136 60
76 62 24
108 266 57
31 263 97
191 28 55
257 287 1
49 246 10
206 78 41
161 193 27
128 189 37
153 222 52
122 61 45
101 208 37
30 28 23
54 85 71
48 52 6
294 55 76
225 56 75
221 283 72
17 179 94
177 234 11
270 190 8
182 106 75
297 218 75
42 208 7
86 134 54
263 236 32
222 107 53
109 281 52
274 225 39
74 274 100
36 272 98
103 196 82
273 187 11
62 281 67
22 76 68
249 164 94
256 97 18
41 51 66
44 177 23
126 110 85
295 162 23
173 128 100
77 6 22
32 11 37
129 104 85
180 207 11
20 80 64
109 96 78
114 217 48
74 189 31
149 31 93
264 48 96
276 16 99
280 19 71
140 156 41
59 26 100
128 240 98
241 102 73
167 226 38
69 18 62
16 2 31
140 181 85
170 135 48
68 255 66
262 158 54
150 239 15
136 98 66
125 104 42
290 144 19
205 19 3
89 106 17
49 69 96
293 221 17
154 86 66
236 151 50
292 86 91
270 257 11
164 174 17
76 182 82
298 264 48
78 124 13
92 171 43
265 276 83
220 1 75
85 108 30
144 91 5
282 255 67
298 287 6
274 236 61
229 124 83
259 78 42
249 290 66
74 228 98
294 238 95
43 76 62
97 245 71
2 293 56
42 216 91
57 266 68
294 271 7
255 80 15
163 39 93
93 23 50
256 236 76
19 45 34
100 255 25
105 46 61
109 107 33
255 7 24
146 115 83
187 13 87
32 184 88
237 225 88
52 132 80
136 286 61
14 2 43
174 17 55
188 66 16
156 51 75
75 252 65
251 164 11
86 292 75
259 36 25
199 293 79
286 143 12
182 291 18
251 1 46
191 246 58
177 122 17
28 57 41
161 67 33
92 177 10
207 254 70
259 186 17
24 154 10
5 42 58
200 94 34
123 155 6
274 22 92
76 12 69
215 183 52
116 4 63
245 253 71
247 11 37
232 38 3
272 144 35
38 33 69
117 62 100
34 219 4
178 233 100
133 145 51
24 176 61
208 258 5
152 52 48
241 58 15
122 24 42
10 200 58
279 112 39
243 108 70
135 259 25
203 276 58
300 108 37
257 81 85
244 151 38
99 152 93
3 32 26
210 262 6
251 268 49
256 240 1
216 55 51
195 12 42
183 285 94
63 248 91
248 4 61
198 231 59
200 65 23
138 165 94
54 259 11
219 62 13
129 201 54
69 86 52
261 170 90
137 88 66
267 43 46
183 97 58
163 183 10
267 110 25
207 26 46
217 225 71
258 19 45
66 32 13
240 187 78
288 296 94
200 79 73
92 244 96
148 28 71
54 44 42
41 201 32
172 40 65
235 288 53
259 272 36
218 266 90
154 198 19
108 244 4
294 186 46
149 139 27
278 53 57
277 287 6
143 125 99
86 274 12
123 4 20
126 127 78
116 235 88
158 167 45
280 84 45
63 105 49
66 117 90
295 214 66
289 83 22
28 79 74
128 44 71
145 266 48
220 78 75
235 126 16
105 256 13
34 58 3
222 101 83
82 152 9
240 70 11
128 266 80
57 123 51
232 92 75
162 65 82
297 36 14
41 210 16
143 75 64
111 62 95
99 245 91
134 73 35
200 80 27
199 106 72
198 107 78
39 267 14
117 41 95
142 117 82
151 268 21
11 177 87
160 279 45
281 159 50
233 283 91
189 62 10
199 248 41
57 16 67
74 256 20
141 112 49
294 196 24
81 174 55
113 255 10
139 50 73
6 155 84
185 156 44
252 126 88
93 219 52
109 120 25
51 251 87
265 205 3
7 139 99
102 245 13
125 199 20
131 7 80
9 247 72
73 296 77
291 300 92
248 168 90
134 139 20
109 30 25
75 128 96
34 131 98
12 283 48
199 55 46
290 73 69
136 300 77
261 226 73
172 300 52
86 294 13
89 145 30
14 208 97
271 18 44
188 261 45
29 24 34
235 249 58
206 149 33
30 268 31
77 197 18
293 184 49
281 210 81
40 90 91
7 90 82
105 197 78
275 267 71
257 89 57
252 284 66
3 105 9
214 275 28
154 212 3
299 145 87
84 277 1
58 266 52
283 296 65
126 6 49
114 79 4
39 167 33
299 65 95
44 241 20
156 251 100
13 15 89
218 144 35
20 226 93
214 1 81
285 27 38
199 97 62
195 68 96
247 226 7
32 11 31
62 261 86
40 259 73
259 82 57
25 12 50
233 111 55
69 1 54
33 165 57
97 147 22
217 124 60
42 104 50
157 45 12
249 253 1
136 169 37
83 172 45
245 120 9
216 77 97
242 186 2
179 288 92
114 136 43
60 119 53
239 43 96
22 136 76
194 29 49
280 221 59
41 60 60
265 230 33
205 192 9
189 111 5
264 263 62
22 215 55
238 287 94
287 124 38
109 267 40
296 117 46
221 194 88
83 73 97
128 237 2
186 208 55
189 90 54
253 283 19
160 57 11
233 191 42
62 102 31
253 199 7
137 291 3
88 251 8
90 156 76
240 112 47
89 12 69
26 41 78
266 75 10
286 289 46
190 157 17
257 207 82
299 56 59
180 234 82
116 157 61
58 41 34
211 19 83
49 122 17
153 270 33
234 25 55
153 126 69
103 41 95
175 154 45
285 225 68
27 35 30
158 109 68
195 260 36
155 231 53
148 64 83
25 150 32
286 126 37
257 242 44
130 84 49
150 156 65
278 87 8
239 1 89
234 5 38
189 50 78
35 25 76
194 234 32
120 290 48
194 291 52
108 13 60
161 132 1
248 237 63
93 27 50
22 300 16
150 167 53
285 144 73
247 141 87
90 234 100
123 239 76
78 142 67
53 156 4
141 67 46
12 94 70
275 21 72
254 192 1
181 120 29
62 216 77
211 111 43
47 188 19
27 141 11
147 24 60
33 219 91
193 24 46
141 247 44
175 295 59
273 32 40
211 119 86
148 178 54
227 241 95
298 279 37
54 28 44
282 118 3
182 50 13
276 275 91
247 251 60
15 259 35
266 113 73
50 242 22
62 167 62
181 23 54
46 48 74
287 259 81
151 23 75
66 149 33
51 41 35
75 148 28
31 163 99
62 194 54
157 65 38
292 268 78
146 130 72
8 274 51
250 109 92
20 124 91
20 40 79
217 201 28
176 271 78
276 184 41
54 11 16
29 13 47
109 80 64
300 261 30
12 188 96
79 132 26
84 238 63
51 254 85
127 98 11
275 164 78
296 57 30
142 154 42
187 76 42
200 38 11
30 4 30
283 198 97
19 77 92
266 284 68
92 296 52
162 205 52
258 77 71
11 245 22
11 157 16
41 214 37
230 183 33
68 43 47
66 182 94
89 26 23
225 35 10
47 216 34
114 235 51
81 21 42
299 187 71
233 84 16
149 11 94
168 16 45
148 20 6
59 100 63
4 250 37
274 259 40
68 209 23
299 111 99
103 157 84
134 170 58
36 100 87
298 37 59
115 264 11
74 210 13
273 198 45
77 273 27
123 157 55
288 199 56
66 278 99
3 241 29
237 24 27
81 261 2
76 299 40
67 46 46
40 253 9
122 89 82
159 121 50
268 117 52
174 74 24
118 75 41
41 162 43
184 285 8
234 116 54
88 217 12
116 159 66
138 20 92
249 184 49
64 60 93
234 198 96
194 50 32
191 25 48
140 172 57
279 36 90
231 179 51
209 70 98
233 15 53
175 87 80
104 246 44
242 58 91
69 2 74
275 266 9
98 174 100
37 47 72
5 49 35
67 154 96
190 74 68
123 188 37
243 118 21
63 266 43
73 267 70
267 212 27
154 183 88
12 272 48
262 152 15
180 5 2
7 139 26
186 17 38
57 250 84
123 183 99
69 151 45
226 227 19
220 283 12
40 31 37
22 151 31
151 3 86
247 109 49
120 60 1
3 257 79
151 222 96
282 265 21
43 183 16
90 207 64
193 70 20
208 193 5
97 4 78
27 135 87
155 177 69
127 83 66
195 202 67
286 96 70
160 270 77
1 229 90
157 78 27
154 56 10
96 198 43
55 175 49
107 45 64
14 138 64
149 174 64
291 2 83
115 56 17
145 71 1
30 103 91
269 297 87
31 73 67
3 112 92
88 289 75
75 40 40
109 293 58
212 4 81
244 74 61
163 214 17
209 282 74
254 140 85
193 293 29
146 5 82
203 41 13
97 6 63
60 167 80
188 58 15
156 240 1
105 131 75
102 46 65
129 166 34
137 203 77
65 102 43
154 70 67
64 136 51
272 36 39
71 242 13
193 123 39
184 174 90
111 69 97
80 273 28
216 99 32
178 80 97
259 46 30
188 233 40
283 238 29
86 33 33
107 286 20
148 285 58
46 52 44
243 31 100
76 93 34
201 151 94
210 243 70
246 162 2
127 102 81
6 2 18
167 196 100
217 170 31
243 284 17
259 191 7
73 281 58
139 115 53
241 83 31
66 225 100
165 102 56
204 294 12
53 278 99
196 140 100
111 51 59
48 172 28
137 197 46
155 144 63
143 18 51
109 32 51
192 258 51
271 276 32
283 287 37
76 63 33
255 278 51
80 163 62
78 169 27
91 242 71
108 251 91
124 163 17
192 169 73
266 60 14
119 45 83
247 227 16
194 188 73
192 239 22
10 64 63
96 276 95
257 67 4
177 90 95
259 114 11
136 126 52
221 273 54
296 10 80
21 284 41
232 102 64
226 186 41
116 227 89
205 280 100
237 220 100
176 296 50
296 238 44
177 2 76
47 88 83
25 50 27
153 3 41
260 222 26
93 54 26
220 90 42
256 10 69
13 209 1
100 223 49
225 174 60
44 101 92
246 122 66
57 164 80
95 67 25
241 107 63
245 81 31
193 227 49
44 250 34
184 186 69
20 152 56
115 206 88
214 238 66
111 89 33
8 291 6
106 70 68
3 151 95
217 257 86
291 266 21
109 258 21
15 127 73
176 230 49
136 192 69
17 150 10
107 171 19
220 161 11
137 189 91
140 16 94
83 164 95
49 97 73
121 182 91
90 172 1
47 272 85
18 200 22
6 177 17
45 254 39
139 189 17
186 238 26
137 281 15
119 218 58
104 123 67
25 247 39
247 64 91
125 129 77
223 180 44
58 226 77
16 118 32
204 227 53
51 181 33
92 139 100
52 139 35
1 156 41
25 144 73
227 251 31
132 114 60
191 182 80
67 143 93
155 236 84
241 166 89
102 36 37
66 165 62
170 85 57
249 27 35
31 2 100
261 50 71
239 245 35
67 43 10
253 281 1
223 130 17
283 13 60
246 168 36
32 62 42
58 158 65
169 216 84
286 187 88
262 13 62
241 133 3
76 113 85
77 116 2
13 161 34
5 259 11
191 110 13
18 95 43
93 117 65
129 65 10
106 137 48
186 238 84
100 239 66
19 238 84
108 244 45
61 258 68
131 100 60
87 126 89
257 59 32
219 190 88
252 177 23
117 43 38
36 86 56
170 185 89
232 114 50
90 182 3
200 26 76
40 82 95
101 120 45
154 189 77
300 295 68
279 253 89
67 166 82
232 229 20
257 197 80
140 69 10
66 279 75
179 241 66
297 221 6
284 75 66
124 22 69
201 292 40
249 185 38
1 248 37
199 209 96
56 225 62
81 262 2
28 183 34
138 73 54
130 16 33
35 274 5
139 276 22
13 62 31
239 231 13
163 193 21
292 10 84
231 177 46
135 27 32
153 300 63
227 288 14
67 242 31
210 143 60
132 214 14
180 35 28
198 213 37
37 17 83
138 155 85
135 296 18
166 295 67
233 162 8
296 262 44
206 261 85
186 187 81
117 77 61
188 41 25
135 111 36
55 180 26
270 221 5
96 53 89
289 135 33
187 296 57
100 286 49
184 167 7
219 171 87
82 193 51
113 222 9
122 123 41
25 124 88
110 61 85
255 90 63
124 180 88
208 39 14
189 272 33
52 229 5
26 121 51
204 11 44
300 39 91
116 229 9
227 33 73
33 211 65
272 56 54
135 51 62
219 132 29
6 234 97
144 239 15
102 150 15
227 282 48
167 69 93
102 269 27
161 197 29
118 41 64
204 230 37
127 288 71
116 131 99
141 33 12
68 237 6
38 153 98
88 164 23
149 285 16
271 29 12
54 127 99
269 56 100
215 26 80
262 161 52
274 27 17
4 226 60
252 222 39
82 297 45
94 286 17
268 44 65
147 79 52
5 57 60
286 170 57
147 167 58
109 190 98
54 183 10
268 291 93
64 209 86
98 29 1
180 11 55
109 198 87
253 103 14
48 18 61
200 208 43
287 62 1
129 200 21
217 235 60
226 203 2
5 105 24
76 110 45
130 148 59
43 257 94
132 114 45
184 125 33
221 110 76
101 195 26
290 287 33
20 66 16
250 140 62
192 83 95
283 250 55
97 50 82
67 106 50
90 102 13
79 2 50
176 294 64
218 271 58
68 58 88
120 217 98
8 260 74
215 245 90
138 220 90
47 197 3
238 149 5
1 173 6
230 41 77
105 281 26
255 75 41
121 68 36
73 192 36
124 240 53
46 283 65
267 53 64
3 8 1
257 107 97
108 282 52
290 78 62
214 239 6
10 196 52
86 141 33
210 203 85
192 136 46
35 220 15
289 218 7
91 152 87
71 179 11
215 126 64
170 246 4
61 119 81
204 284 56
6 57 11
108 188 66
139 209 32
126 52 5
85 161 6
196 93 65
34 120 90
249 79 73
42 118 86
102 159 57
119 258 84
98 274 95
294 5 54
158 231 19
1 41 42
117 214 28
105 90 94
25 202 84
176 24 31
59 272 43
251 297 68
295 94 67
174 233 4
99 244 31
95 172 64
136 44 13
24 207 2
42 231 25
116 274 2
190 202 3
32 112 59
193 62 88
194 95 76
259 132 40
206 98 92
296 204 78
199 136 98
53 249 50
1 232 10
251 193 79
217 54 53
140 165 32
73 244 91
286 119 96
17 221 30
221 58 55
85 96 44
283 74 91
216 129 25
62 66 23
9 19 58
81 114 71
68 146 30
51 269 89
123 300 56
285 166 79
30 5 80
1 162 17
28 200 61
159 50 52
39 278 54
87 153 83
26 174 25
107 120 97
245 26 93
239 215 92
77 204 27
231 288 65
141 266 30
68 231 52
192 177 89
269 53 46
12 28 54
195 298 92
3 255 30
111 259 94
68 90 88
264 129 67
181 56 37
163 171 41
127 57 85
35 233 44
109 28 68
228 117 80
243 248 36
108 51 99
147 44 13
56 248 31
75 123 30
53 51 9
232 281 24
256 94 100
290 61 47
256 255 25
77 51 61
128 119 99
221 144 26
161 18 71
153 215 59
245 213 76
125 7 33
272 258 23
264 5 57
94 6 51
47 68 39
113 83 95
143 206 95
57 127 9
2 49 11
177 179 38
57 130 52
168 97 66
169 29 83
217 225 13
194 129 68
231 225 39
24 90 45
136 71 32
169 120 86
207 134 67
85 34 34
39 125 28
213 36 5
154 156 16
162 85 76
279 219 53
97 227 45
80 132 41
68 231 80
67 148 59
134 156 1
222 157 7
187 296 87
32 47 15
289 294 20
271 227 35
143 294 82
199 215 49
248 134 46
133 196 21
275 179 12
292 173 29
69 79 50
211 206 36
114 282 20
291 147 32
159 155 28
194 36 47
247 253 74
137 225 18
254 278 47
126 34 68
51 31 14
226 271 1
54 76 74
185 237 8
188 29 69
74 130 2
264 77 36
277 105 88
34 119 57
290 24 5
118 11 70
172 276 4
292 226 99
114 19 55
230 128 50
129 68 45
150 149 61
67 71 12
201 90 36
127 173 14
279 291 28
177 42 49
283 190 63
167 166 88
258 117 9
71 193 33
227 74 79
203 35 28
270 282 90
100 191 10
230 61 19
148 250 42
28 245 28
22 271 42
102 125 9
165 105 82
42 167 93
251 201 17
162 212 71
47 245 13
52 104 9
223 132 12
170 26 63
272 190 14
229 289 95
254 75 89
234 68 64
129 7 83
65 198 3
124 261 48
192 81 38
134 201 84
294 127 75
62 71 90
225 222 4
284 65 89
297 13 73
61 51 50
59 111 65
138 121 79
268 128 1
56 121 30
118 65 86
246 42 61
300 4 30
4 272 85
173 16 85
239 45 57
39 19 32
65 231 53
168 57 97
215 4 62
277 10 89
189 15 48
97 52 43
281 148 94
137 282 86
214 5 17
138 32 17
146 174 71
258 155 96
134 251 90
291 188 10
274 216 76
261 253 94
289 134 25
47 151 31
98 88 96
119 154 40
31 279 25
171 41 22
87 266 59
28 49 17
144 169 42
84 30 60
106 211 60
211 163 91
45 275 72
19 286 24
213 167 15
122 153 76
114 157 51
14 188 90
241 205 46
159 208 37
53 72 54
254 35 76
202 36 100
236 172 11
161 293 50
33 272 48
121 247 6
169 222 8
