1000 0
1 0
1 1
1 2
1 3
1 4
1 5
1 6
1 7
1 8
1 9
1 10
1 11
1 12
1 13
1 14
1 15
1 16
1 17
1 18
1 19
1 20
1 21
1 22
1 23
1 24
1 25
1 26
1 27
1 28
1 29
1 30
1 31
1 32
1 33
1 34
1 35
1 36
1 37
1 38
1 39
1 40
1 41
1 42
1 43
1 44
1 45
1 46
1 47
1 48
1 49
1 50
1 51
1 52
1 53
1 54
1 55
1 56
1 57
1 58
1 59
1 60
1 61
1 62
1 63
1 64
1 65
1 66
1 67
1 68
1 69
1 70
1 71
1 72
1 73
1 74
1 75
1 76
1 77
1 78
1 79
1 80
1 81
1 82
1 83
1 84
1 85
1 86
1 87
1 88
1 89
1 90
1 91
1 92
1 93
1 94
1 95
1 96
1 97
1 98
1 99
1 100
1 101
4
1 104
4
1 103
2 49
1 102
3
2 90
3
4
2 49
4
2 85
1 105
4
4
2 69
1 107
3
2 56
2 79
2 70
2 16
2 14
3
2 72
2 11
4
2 26
3
4
1 110
1 109
3
3
4
2 13
3
1 108
2 6
3
2 62
2 38
1 106
4
1 113
2 37
3
4
2 58
3
3
4
2 41
2 8
2 87
1 112
3
3
2 90
3
3
2 100
3
1 115
2 109
3
2 5
4
3
3
2 33
2 95
1 114
1 111
4
2 86
4
3
1 119
1 120
3
1 117
2 87
1 118
1 116
3
3
2 35
4
4
2 3
2 57
3
2 50
4
3
2 75
4
3
2 36
4
2 65
4
1 122
4
3
4
2 76
3
1 121
3
4
1 123
1 124
1 125
4
3
3
2 112
2 117
4
2 53
3
4
4
1 130
3
1 127
1 126
2 55
2 92
2 68
3
3
4
1 129
4
2 121
3
1 128
1 133
1 134
3
4
4
1 131
4
1 132
3
1 135
4
2 96
1 137
4
3
1 139
2 29
2 24
1 138
1 140
2 139
4
1 136
3
2 137
4
4
3
3
2 79
1 145
3
3
1 143
4
3
1 141
4
3
3
1 142
1 144
4
4
2 6
2 12
4
3
3
2 24
4
4
3
3
2 123
4
4
4
3
2 39
2 42
3
4
1 146
4
3
2 8
4
1 147
1 150
2 92
4
3
3
2 145
4
4
4
3
2 31
3
4
2 96
1 149
2 115
1 148
2 79
4
4
1 155
3
2 78
2 107
3
1 151
1 154
4
4
2 63
3
4
4
2 54
3
2 8
1 153
4
1 152
1 157
1 159
2 30
4
1 158
3
4
1 160
4
1 156
2 70
4
2 110
3
3
2 41
4
1 162
2 55
4
1 161
1 165
1 163
2 21
3
2 7
1 164
2 88
1 168
3
2 32
4
3
1 170
2 61
1 169
1 167
4
4
1 166
4
4
3
3
4
4
4
3
2 29
1 171
3
1 173
1 174
3
1 172
3
1 175
2 39
4
4
1 180
1 179
1 177
4
4
2 57
2 63
3
1 178
1 176
1 182
1 185
1 184
3
2 85
1 183
2 149
2 0
4
2 110
1 181
3
1 186
2 82
2 158
1 188
4
1 187
2 124
4
3
1 189
4
4
4
2 27
1 190
4
4
4
2 156
1 191
1 192
1 193
1 195
1 194
4
3
1 200
4
1 197
3
3
3
3
4
1 196
3
3
1 198
4
2 45
2 9
2 70
2 48
1 199
4
3
3
1 201
2 69
1 204
1 202
2 61
4
1 203
2 58
2 187
2 115
2 55
1 205
1 208
3
3
4
3
3
1 209
1 207
1 206
3
2 112
2 191
4
4
3
1 210
2 36
1 213
2 139
1 211
3
1 215
4
4
4
2 99
2 121
2 175
2 127
2 22
3
1 212
3
4
2 88
3
1 214
4
1 217
2 153
2 27
2 208
3
2 92
1 216
1 218
4
3
3
4
3
2 26
1 220
2 173
4
1 219
2 216
3
2 156
3
3
1 224
4
4
3
3
2 76
4
2 77
3
4
1 223
2 177
4
1 221
3
4
2 212
2 132
1 222
2 120
4
1 225
3
4
2 179
3
2 66
1 230
4
4
3
1 226
3
1 229
1 228
1 227
1 234
2 57
4
2 99
2 220
1 233
3
2 101
4
3
2 108
1 231
4
3
4
4
2 191
3
3
3
3
3
2 96
2 175
4
4
1 232
3
2 30
3
4
2 48
2 210
4
3
3
3
1 235
1 240
2 135
2 52
3
1 236
4
1 237
3
4
1 239
4
1 238
1 242
1 243
2 65
4
1 241
4
4
4
1 244
3
4
4
2 150
4
1 245
2 18
3
4
2 91
2 9
3
3
3
4
2 127
2 166
1 246
2 97
4
1 250
4
1 247
2 45
1 249
4
2 92
2 225
2 101
1 248
2 100
3
3
3
3
3
4
1 252
1 251
4
2 3
1 254
2 110
4
1 253
1 255
3
2 56
1 259
4
3
1 258
1 257
3
2 112
2 47
2 196
2 198
4
1 256
4
1 260
4
4
3
4
1 265
2 206
2 251
1 261
1 262
2 234
3
4
2 43
3
2 99
3
2 261
1 264
1 263
4
1 269
4
2 146
2 5
3
4
1 267
4
1 268
3
2 30
1 270
4
3
2 202
3
1 266
1 271
4
1 273
2 266
1 275
3
2 233
2 70
2 129
3
1 274
4
1 272
1 279
1 276
2 81
4
3
2 238
1 278
2 222
1 280
3
1 277
4
4
4
4
4
3
4
4
4
3
4
1 283
2 283
4
2 55
2 246
4
3
3
3
2 271
2 267
1 285
2 26
3
3
3
2 149
4
4
4
2 240
2 241
3
3
2 188
2 17
3
1 281
3
2 31
2 172
3
3
1 284
2 44
4
3
4
2 111
3
2 175
2 80
3
3
1 282
2 159
2 125
2 264
1 286
2 35
4
2 101
1 287
1 288
4
4
2 242
1 290
1 289
1 294
1 293
2 272
3
2 8
1 291
2 5
4
2 160
1 295
4
3
4
1 292
1 299
1 297
1 298
4
4
3
4
4
2 282
3
3
4
2 287
2 20
3
2 10
3
2 213
4
3
3
3
3
4
1 300
1 296
3
1 305
4
2 81
2 223
2 274
3
3
2 12
1 304
2 218
4
1 303
1 301
1 302
4
4
3
4
3
3
2 281
2 234
1 309
4
4
3
2 43
3
2 285
2 129
4
2 267
2 292
1 306
4
2 306
2 126
1 310
1 308
1 307
2 171
3
2 15
4
4
4
4
1 311
2 117
4
3
3
1 315
3
4
4
2 304
3
2 172
2 147
4
2 226
2 4
3
1 313
2 206
1 314
3
1 312
2 299
2 136
2 139
1 320
4
4
3
2 62
2 230
2 170
1 319
4
3
1 317
4
1 318
2 6
1 316
2 51
3
3
1 323
1 324
4
2 119
1 322
1 321
4
1 325
2 151
3
1 330
3
1 327
2 313
2 264
4
3
4
1 329
2 88
2 28
1 326
2 108
3
1 328
2 161
1 334
3
